 #  Results from PENEPMA.
 #  Energy distribution of upbound photons.
 #  1st column: E (eV).
 #  2nd and 3rd columns: probability density and STU (1/(eV*particle)).

   7.500001E+00  1.000000E-35  1.000000E-35
   2.250000E+01  1.000000E-35  1.000000E-35
   3.750000E+01  1.000000E-35  1.000000E-35
   5.250001E+01  5.369113E-08  4.438231E-09
   6.750001E+01  7.840505E-08  8.378411E-09
   8.250001E+01  7.010522E-08  7.305036E-09
   9.750001E+01  1.748305E-07  2.344639E-08
   1.125000E+02  4.341386E-08  3.847767E-09
   1.275000E+02  4.150562E-08  2.758219E-09
   1.425000E+02  4.587427E-08  4.691241E-09
   1.575000E+02  4.609864E-08  4.150347E-09
   1.725000E+02  4.617946E-08  1.694361E-09
   1.875000E+02  4.980182E-08  1.705371E-09
   2.025000E+02  5.476977E-08  2.313554E-09
   2.175000E+02  6.064502E-08  2.793860E-09
   2.325000E+02  6.562147E-08  2.803133E-09
   2.475000E+02  7.127153E-08  2.813511E-09
   2.625000E+02  7.785410E-08  2.825573E-09
   2.775000E+02  8.467217E-08  3.232131E-09
   2.925000E+02  8.951147E-08  1.822176E-09
   3.075000E+02  1.508756E-06  8.099571E-08
   3.225000E+02  1.052110E-07  3.612621E-09
   3.375000E+02  1.109090E-07  2.885477E-09
   3.525000E+02  1.246491E-07  1.289852E-08
   3.675000E+02  7.995053E-08  2.829237E-09
   3.825000E+02  8.448527E-08  2.379273E-09
   3.975000E+02  8.858698E-08  1.819055E-09
   4.125000E+02  2.439513E-07  2.656963E-08
   4.275000E+02  9.731066E-08  1.843473E-09
   4.425000E+02  1.003232E-07  3.256956E-09
   4.575000E+02  9.965044E-08  1.015264E-09
   4.725000E+02  1.039945E-07  1.037152E-09
   4.875000E+02  1.087942E-07  2.881280E-09
   5.025001E+02  1.128932E-07  2.888690E-09
   5.175001E+02  2.600984E-05  3.470267E-07
   5.325001E+02  1.103678E-07  3.272729E-09
   5.475001E+02  4.559913E-08  6.861359E-10
   5.625001E+02  5.354206E-08  5.626450E-09
   5.775001E+02  4.875083E-08  2.299732E-09
   5.925001E+02  4.925881E-08  1.703471E-09
   6.075001E+02  5.014140E-08  7.196120E-10
   6.225001E+02  1.300622E-06  7.615720E-08
   6.375001E+02  5.878328E-08  4.443793E-09
   6.525001E+02  6.030054E-08  4.167808E-09
   6.675001E+02  5.905477E-08  1.732800E-09
   6.825001E+02  6.097020E-08  1.738444E-09
   6.975001E+02  4.605064E-07  4.297619E-08
   7.125001E+02  2.826441E-07  3.200825E-08
   7.275001E+02  7.207417E-08  7.781876E-09
   7.425001E+02  5.826365E-08  7.757075E-10
   7.575001E+02  5.943215E-08  7.837729E-10
   7.725001E+02  6.168324E-08  7.977755E-10
   7.875001E+02  1.713010E-07  2.245427E-08
   8.025001E+02  6.484393E-08  8.183164E-10
   8.175001E+02  6.617167E-08  8.267419E-10
   8.325001E+02  6.789006E-08  8.377320E-10
   8.475001E+02  7.165613E-08  3.885270E-09
   8.625001E+02  6.928081E-08  8.455444E-10
   8.775001E+02  7.180520E-08  1.770412E-09
   8.925001E+02  7.153533E-08  8.596126E-10
   9.075001E+02  7.340150E-08  8.705429E-10
   9.225001E+02  7.476934E-08  8.787170E-10
   9.375001E+02  7.642996E-08  1.783710E-09
   9.525001E+02  7.678672E-08  8.903261E-10
   9.675001E+02  7.779828E-08  8.958980E-10
   9.825001E+02  7.881671E-08  9.019451E-10
   9.975001E+02  8.034903E-08  1.794992E-09
   1.012500E+03  8.111935E-08  9.149959E-10
   1.027500E+03  8.194189E-08  9.195100E-10
   1.042500E+03  1.162378E-07  1.251936E-08
   1.057500E+03  8.392032E-08  9.307025E-10
   1.072500E+03  8.439116E-08  9.331217E-10
   1.087500E+03  8.516558E-08  9.373733E-10
   1.102500E+03  8.562267E-08  9.398387E-10
   1.117500E+03  8.604998E-08  9.425628E-10
   1.132500E+03  8.739261E-08  9.499185E-10
   1.147500E+03  8.821171E-08  9.544182E-10
   1.162500E+03  8.850154E-08  9.555165E-10
   1.177500E+03  8.877076E-08  9.569607E-10
   1.192500E+03  8.985056E-08  1.822040E-09
   1.207500E+03  9.006593E-08  1.822537E-09
   1.222500E+03  9.064609E-08  9.673139E-10
   1.237500E+03  9.113068E-08  9.694311E-10
   1.252500E+03  1.199979E-05  2.350005E-07
   1.267500E+03  9.285889E-08  1.830363E-09
   1.282500E+03  9.201393E-08  9.746457E-10
   1.297500E+03  9.212505E-08  9.749101E-10
   1.312500E+03  8.066455E-08  9.120601E-10
   1.327500E+03  7.921833E-08  1.791564E-09
   1.342500E+03  7.884764E-08  9.017923E-10
   1.357500E+03  7.903781E-08  9.028396E-10
   1.372500E+03  7.897824E-08  9.028045E-10
   1.387500E+03  8.028078E-08  9.100317E-10
   1.402500E+03  7.943075E-08  9.051058E-10
   1.417500E+03  8.011581E-08  9.091471E-10
   1.432500E+03  7.997261E-08  9.082796E-10
   1.447500E+03  8.050990E-08  9.117017E-10
   1.462500E+03  8.080660E-08  9.130599E-10
   1.477500E+03  8.016278E-08  9.094621E-10
   1.492500E+03  4.983104E-06  1.507774E-07
   1.507500E+03  8.100708E-08  9.146293E-10
   1.522500E+03  8.159935E-08  9.174055E-10
   1.537500E+03  8.167955E-08  9.178119E-10
   1.552500E+03  1.063729E-07  1.087802E-08
   1.567500E+03  7.807551E-08  8.975388E-10
   1.582500E+03  7.710176E-08  8.922595E-10
   1.597500E+03  7.799254E-08  1.788042E-09
   1.612500E+03  7.675465E-08  8.895186E-10
   1.627500E+03  7.635025E-08  8.875719E-10
   1.642500E+03  7.718653E-08  8.921081E-10
   1.657500E+03  7.673059E-08  8.895269E-10
   1.672500E+03  7.788829E-08  1.787825E-09
   1.687500E+03  7.696429E-08  8.916199E-10
   1.702500E+03  7.662290E-08  8.888833E-10
   1.717500E+03  7.703073E-08  8.914829E-10
   1.732500E+03  2.192156E-05  3.181783E-07
   1.747500E+03  7.685202E-08  8.905936E-10
   1.762500E+03  7.659770E-08  8.886724E-10
   1.777500E+03  7.633765E-08  8.873531E-10
   1.792500E+03  7.686119E-08  8.901419E-10
   1.807500E+03  7.687035E-08  8.903934E-10
   1.822500E+03  7.619789E-08  8.868699E-10
   1.837500E+03  4.625426E-07  4.235910E-08
   1.852500E+03  6.210826E-08  8.009192E-10
   1.867500E+03  6.173365E-08  7.980389E-10
   1.882500E+03  6.157670E-08  7.969005E-10
   1.897500E+03  6.145527E-08  7.962703E-10
   1.912500E+03  6.110128E-08  7.939966E-10
   1.927500E+03  6.195360E-08  7.994895E-10
   1.942500E+03  6.127656E-08  7.950935E-10
   1.957500E+03  6.150911E-08  7.964376E-10
   1.972500E+03  6.165116E-08  7.973776E-10
   1.987500E+03  6.097527E-08  7.928281E-10
   2.002500E+03  6.129374E-08  7.951890E-10
   2.017500E+03  6.138882E-08  7.957401E-10
   2.032500E+03  6.140372E-08  7.956724E-10
   2.047500E+03  6.197193E-08  7.997099E-10
   2.062500E+03  6.094090E-08  7.926514E-10
   2.077500E+03  6.100620E-08  7.933103E-10
   2.092500E+03  6.136133E-08  7.957121E-10
   2.107500E+03  6.138310E-08  7.956736E-10
   2.122500E+03  6.096037E-08  7.930301E-10
   2.137500E+03  6.135789E-08  7.953188E-10
   2.152500E+03  6.074500E-08  7.914328E-10
   2.167500E+03  6.048381E-08  7.898052E-10
   2.182500E+03  6.044486E-08  7.893887E-10
   2.197500E+03  6.087904E-08  7.922377E-10
   2.212500E+03  6.066710E-08  7.909299E-10
   2.227500E+03  6.014127E-08  7.879017E-10
   2.242500E+03  6.046204E-08  7.898289E-10
   2.257500E+03  6.026156E-08  7.885014E-10
   2.272500E+03  6.077479E-08  7.921173E-10
   2.287500E+03  5.965554E-08  7.844451E-10
   2.302500E+03  5.981364E-08  7.855340E-10
   2.317500E+03  5.917783E-08  7.811917E-10
   2.332500E+03  5.927864E-08  7.820018E-10
   2.347500E+03  5.920304E-08  7.815832E-10
   2.362500E+03  5.929926E-08  7.817891E-10
   2.377500E+03  5.898652E-08  7.801061E-10
   2.392500E+03  5.900485E-08  7.801959E-10
   2.407500E+03  5.850308E-08  7.768726E-10
   2.422500E+03  5.893726E-08  7.797380E-10
   2.437500E+03  5.831176E-08  7.758113E-10
   2.452500E+03  5.746861E-08  7.697930E-10
   2.467500E+03  5.773324E-08  7.714405E-10
   2.482500E+03  5.802422E-08  7.735946E-10
   2.497500E+03  5.767023E-08  7.709924E-10
   2.512500E+03  5.774928E-08  7.716692E-10
   2.527500E+03  5.772751E-08  7.716169E-10
   2.542500E+03  5.676292E-08  7.653099E-10
   2.557500E+03  5.724751E-08  7.681240E-10
   2.572500E+03  5.644101E-08  7.629404E-10
   2.587500E+03  5.657619E-08  7.636908E-10
   2.602500E+03  5.628636E-08  7.619036E-10
   2.617500E+03  5.615691E-08  7.609416E-10
   2.632500E+03  5.618555E-08  7.612115E-10
   2.647500E+03  5.617524E-08  7.608163E-10
   2.662500E+03  5.614087E-08  7.610667E-10
   2.677500E+03  5.575710E-08  7.584070E-10
   2.692500E+03  5.529313E-08  7.550387E-10
   2.707500E+03  5.516597E-08  7.543339E-10
   2.722500E+03  5.473866E-08  7.511495E-10
   2.737500E+03  5.500788E-08  7.531206E-10
   2.752500E+03  5.437322E-08  7.487843E-10
   2.767500E+03  5.421627E-08  7.476645E-10
   2.782500E+03  5.416816E-08  7.473986E-10
   2.797500E+03  5.389665E-08  7.454597E-10
   2.812500E+03  5.362171E-08  7.440638E-10
   2.827500E+03  5.314515E-08  7.405582E-10
   2.842500E+03  5.366754E-08  7.440771E-10
   2.857500E+03  5.308558E-08  7.397477E-10
   2.872500E+03  5.253455E-08  7.362014E-10
   2.887500E+03  5.281980E-08  7.383562E-10
   2.902500E+03  5.267774E-08  7.370993E-10
   2.917500E+03  5.234438E-08  7.347184E-10
   2.932500E+03  5.200872E-08  7.324266E-10
   2.947500E+03  5.206027E-08  7.328348E-10
   2.962500E+03  5.148289E-08  7.288264E-10
   2.977500E+03  5.197206E-08  7.320899E-10
   2.992500E+03  5.116327E-08  7.264173E-10
   3.007500E+03  5.148862E-08  7.289476E-10
   3.022500E+03  5.051601E-08  7.219594E-10
   3.037500E+03  5.043926E-08  7.209896E-10
   3.052500E+03  5.086198E-08  7.243088E-10
   3.067500E+03  4.974388E-08  7.162198E-10
   3.082500E+03  5.001883E-08  7.183620E-10
   3.097500E+03  5.010475E-08  7.190393E-10
   3.112500E+03  4.962703E-08  7.154836E-10
   3.127500E+03  4.966484E-08  7.154403E-10
   3.142500E+03  4.933033E-08  7.132759E-10
   3.157500E+03  4.885834E-08  7.097655E-10
   3.172500E+03  4.854560E-08  7.076074E-10
   3.187500E+03  4.901071E-08  7.109130E-10
   3.202500E+03  4.837719E-08  7.062714E-10
   3.217500E+03  4.876555E-08  7.092462E-10
   3.232500E+03  4.808736E-08  7.041515E-10
   3.247500E+03  4.797280E-08  7.034695E-10
   3.262500E+03  4.759934E-08  7.009158E-10
   3.277500E+03  4.766807E-08  7.015017E-10
   3.292500E+03  4.760850E-08  7.006625E-10
   3.307500E+03  4.709298E-08  6.966494E-10
   3.322500E+03  4.667599E-08  6.938002E-10
   3.337500E+03  4.664048E-08  6.935722E-10
   3.352500E+03  4.654768E-08  6.929552E-10
   3.367500E+03  4.638386E-08  6.915732E-10
   3.382500E+03  4.636210E-08  6.915317E-10
   3.397500E+03  4.631398E-08  6.909703E-10
   3.412500E+03  4.551321E-08  6.853739E-10
   3.427500E+03  4.530586E-08  6.836678E-10
   3.442500E+03  4.584658E-08  6.876019E-10
   3.457500E+03  4.518099E-08  6.827321E-10
   3.472500E+03  4.465402E-08  6.788209E-10
   3.487500E+03  4.464142E-08  6.784995E-10
   3.502500E+03  4.457841E-08  6.782677E-10
   3.517500E+03  4.441115E-08  6.768992E-10
   3.532500E+03  4.464829E-08  6.784295E-10
   3.547500E+03  4.456581E-08  6.778939E-10
   3.562500E+03  4.347521E-08  6.693932E-10
   3.577500E+03  4.387387E-08  6.725942E-10
   3.592500E+03  4.387502E-08  6.726205E-10
   3.607500E+03  4.279702E-08  6.643087E-10
   3.622500E+03  4.324380E-08  6.675497E-10
   3.637500E+03  4.271568E-08  6.639660E-10
   3.652500E+03  4.329944E-08  1.685040E-09
   3.667500E+03  4.244532E-08  6.617879E-10
   3.682500E+03  2.460721E-06  1.053729E-07
   3.697500E+03  4.759791E-06  1.471372E-07
   3.712500E+03  4.165372E-08  6.552719E-10
   3.727500E+03  4.184961E-08  6.569633E-10
   3.742500E+03  4.148531E-08  6.540624E-10
   3.757500E+03  4.112789E-08  6.514201E-10
   3.772500E+03  4.143033E-08  6.534689E-10
   3.787500E+03  4.097209E-08  6.501392E-10
   3.802500E+03  4.105915E-08  6.508067E-10
   3.817500E+03  4.048063E-08  6.461268E-10
   3.832500E+03  4.043824E-08  6.456991E-10
   3.847500E+03  4.034430E-08  6.448434E-10
   3.862500E+03  4.003614E-08  6.424637E-10
   3.877500E+03  3.972912E-08  6.401581E-10
   3.892500E+03  3.983337E-08  6.410841E-10
   3.907500E+03  3.965580E-08  6.395340E-10
   3.922500E+03  3.948855E-08  6.381739E-10
   3.937500E+03  3.897074E-08  6.341141E-10
   3.952500E+03  3.881379E-08  6.325645E-10
   3.967500E+03  3.852969E-08  6.301460E-10
   3.982500E+03  3.862019E-08  6.312560E-10
   3.997500E+03  3.828568E-08  6.284591E-10
   4.012500E+03  8.122487E-07  5.957318E-08
   4.027500E+03  3.816539E-08  6.271196E-10
   4.042500E+03  3.642982E-08  6.127498E-10
   4.057500E+03  3.592003E-08  6.087994E-10
   4.072500E+03  3.548814E-08  6.049365E-10
   4.087500E+03  3.589024E-08  6.084127E-10
   4.102500E+03  3.557406E-08  6.058982E-10
   4.117500E+03  3.524298E-08  6.026981E-10
   4.132500E+03  3.483859E-08  5.995236E-10
   4.147500E+03  3.497148E-08  6.003051E-10
   4.162500E+03  3.474007E-08  5.984830E-10
   4.177500E+03  3.490618E-08  5.997667E-10
   4.192500E+03  3.469081E-08  5.978830E-10
   4.207500E+03  3.443878E-08  5.958165E-10
   4.222500E+03  3.410541E-08  5.931593E-10
   4.237500E+03  3.374913E-08  5.901908E-10
   4.252500E+03  3.383162E-08  5.907072E-10
   4.267500E+03  3.397596E-08  5.919591E-10
   4.282500E+03  3.335849E-08  5.866251E-10
   4.297500E+03  3.363343E-08  5.888636E-10
   4.312500E+03  3.325653E-08  5.857733E-10
   4.327500E+03  3.325424E-08  5.855314E-10
   4.342500E+03  3.283953E-08  5.820496E-10
   4.357500E+03  3.254512E-08  5.793268E-10
   4.372500E+03  3.266769E-08  5.805536E-10
   4.387500E+03  3.283839E-08  5.819177E-10
   4.402500E+03  3.238130E-08  5.779561E-10
   4.417500E+03  3.225757E-08  5.766317E-10
   4.432500E+03  3.229996E-08  5.771110E-10
   4.447500E+03  3.185203E-08  5.731772E-10
   4.462500E+03  3.172258E-08  5.721206E-10
   4.477500E+03  3.169738E-08  5.718533E-10
   4.492500E+03  3.144878E-08  5.694112E-10
   4.507500E+03  3.167790E-08  5.715546E-10
   4.522500E+03  3.126320E-08  5.677990E-10
   4.537500E+03  3.144764E-08  5.692972E-10
   4.552500E+03  3.103752E-08  5.659021E-10
   4.567500E+03  3.089661E-08  5.645185E-10
   4.582500E+03  3.112000E-08  5.665244E-10
   4.597500E+03  3.090921E-08  5.647167E-10
   4.612500E+03  3.068697E-08  5.624838E-10
   4.627500E+03  3.053918E-08  5.611761E-10
   4.642500E+03  3.047847E-08  5.605575E-10
   4.657500E+03  3.041431E-08  5.600753E-10
   4.672500E+03  3.014052E-08  5.576035E-10
   4.687500E+03  3.036505E-08  5.594972E-10
   4.702500E+03  3.017030E-08  5.577505E-10
   4.717500E+03  2.995952E-08  5.559565E-10
   4.732500E+03  2.966052E-08  5.529761E-10
   4.747500E+03  2.944400E-08  5.510487E-10
   4.762500E+03  2.920342E-08  5.488466E-10
   4.777500E+03  2.925841E-08  5.492745E-10
   4.792500E+03  2.893306E-08  5.461612E-10
   4.807500E+03  2.886777E-08  5.456121E-10
   4.822500E+03  2.883225E-08  5.452563E-10
   4.837500E+03  2.832476E-08  5.403704E-10
   4.852500E+03  2.874748E-08  5.444577E-10
   4.867500E+03  2.847254E-08  5.419031E-10
   4.882500E+03  2.842099E-08  5.413710E-10
   4.897500E+03  2.809220E-08  5.382446E-10
   4.912500E+03  2.782299E-08  5.355606E-10
   4.927500E+03  2.796504E-08  5.370745E-10
   4.942500E+03  2.765000E-08  5.339221E-10
   4.957500E+03  2.784704E-08  5.359455E-10
   4.972500E+03  2.749764E-08  5.324551E-10
   4.987500E+03  2.735444E-08  5.310059E-10
   5.002501E+03  2.705200E-08  5.283422E-10
   5.017501E+03  2.724675E-08  5.299861E-10
   5.032501E+03  2.725477E-08  5.301083E-10
   5.047501E+03  2.686183E-08  5.263788E-10
   5.062501E+03  2.713219E-08  5.289645E-10
   5.077501E+03  2.688131E-08  5.264117E-10
   5.092501E+03  2.662699E-08  5.239479E-10
   5.107501E+03  2.674269E-08  5.249005E-10
   5.122501E+03  2.661095E-08  5.239035E-10
   5.137501E+03  2.649295E-08  5.227684E-10
   5.152501E+03  2.620427E-08  5.196298E-10
   5.167501E+03  2.616990E-08  5.193810E-10
   5.182501E+03  2.604045E-08  5.183048E-10
   5.197501E+03  2.570250E-08  5.147852E-10
   5.212501E+03  2.584913E-08  5.164288E-10
   5.227501E+03  2.557648E-08  5.136876E-10
   5.242501E+03  2.531872E-08  5.111737E-10
   5.257501E+03  2.545047E-08  5.120574E-10
   5.272501E+03  2.581706E-08  5.160411E-10
   5.287501E+03  2.538517E-08  5.115869E-10
   5.302501E+03  2.511824E-08  5.092020E-10
   5.317501E+03  2.516178E-08  5.092004E-10
   5.332501E+03  2.496130E-08  5.073374E-10
   5.347501E+03  2.518240E-08  5.096864E-10
   5.362501E+03  2.449161E-08  5.026307E-10
   5.377501E+03  2.486507E-08  5.065955E-10
   5.392501E+03  2.454316E-08  5.029693E-10
   5.407501E+03  2.442058E-08  5.017631E-10
   5.422501E+03  2.440683E-08  5.018578E-10
   5.437501E+03  2.446411E-08  5.022321E-10
   5.452501E+03  2.442402E-08  5.020101E-10
   5.467501E+03  2.395318E-08  4.971220E-10
   5.482501E+03  2.409523E-08  4.983743E-10
   5.497501E+03  2.393141E-08  4.967306E-10
   5.512501E+03  2.359690E-08  4.932594E-10
   5.527501E+03  2.376645E-08  4.949741E-10
   5.542501E+03  2.364043E-08  4.936886E-10
   5.557501E+03  2.335060E-08  4.907117E-10
   5.572501E+03  2.347203E-08  4.921493E-10
   5.587501E+03  2.314554E-08  4.885362E-10
   5.602501E+03  2.350181E-08  4.922442E-10
   5.617501E+03  2.304014E-08  4.876447E-10
   5.632501E+03  2.295651E-08  4.865930E-10
   5.647501E+03  2.287059E-08  4.855878E-10
   5.662501E+03  2.293704E-08  4.864602E-10
   5.677501E+03  2.263460E-08  4.831335E-10
   5.692501E+03  2.248567E-08  4.815228E-10
   5.707501E+03  2.252692E-08  4.819381E-10
   5.722501E+03  2.235966E-08  4.801518E-10
   5.737501E+03  2.243756E-08  4.809846E-10
   5.752501E+03  2.231269E-08  4.797474E-10
   5.767501E+03  2.216720E-08  4.781621E-10
   5.782501E+03  2.219240E-08  4.784081E-10
   5.797501E+03  2.169407E-08  4.730508E-10
   5.812501E+03  2.210877E-08  4.774102E-10
   5.827501E+03  2.183383E-08  4.745665E-10
   5.842501E+03  2.168834E-08  4.729387E-10
   5.857501E+03  2.173073E-08  4.733490E-10
   5.872501E+03  2.183269E-08  4.744296E-10
   5.887501E+03  2.667825E-08  4.919440E-09
   5.902501E+03  3.419338E-08  7.600946E-09
   5.917501E+03  2.136529E-08  4.692898E-10
   5.932501E+03  2.111555E-08  4.667497E-10
   5.947501E+03  2.115793E-08  4.670897E-10
   5.962501E+03  2.074438E-08  4.625431E-10
   5.977501E+03  2.070886E-08  4.620972E-10
   5.992501E+03  2.071688E-08  4.622375E-10
   6.007501E+03  2.088070E-08  4.641061E-10
   6.022501E+03  2.076614E-08  4.627083E-10
   6.037501E+03  2.053817E-08  4.602207E-10
   6.052501E+03  2.044881E-08  4.591703E-10
   6.067501E+03  2.036404E-08  4.581174E-10
   6.082501E+03  2.011430E-08  4.552293E-10
   6.097501E+03  2.032738E-08  4.576544E-10
   6.112501E+03  2.001005E-08  4.543109E-10
   6.127501E+03  2.030790E-08  4.574356E-10
   6.142501E+03  2.018876E-08  4.563281E-10
   6.157501E+03  1.982905E-08  4.520235E-10
   6.172501E+03  1.980957E-08  4.519065E-10
   6.187501E+03  1.963544E-08  4.500005E-10
   6.202501E+03  1.974771E-08  4.514118E-10
   6.217501E+03  1.955640E-08  4.489652E-10
   6.232501E+03  2.010006E-08  1.612443E-09
   6.247501E+03  1.948422E-08  4.482436E-10
   6.262501E+03  1.925052E-08  4.454231E-10
   6.277501E+03  1.944871E-08  4.476779E-10
   6.292501E+03  1.914284E-08  4.443914E-10
   6.307501E+03  1.873730E-08  4.395411E-10
   6.322501E+03  1.907181E-08  4.434892E-10
   6.337501E+03  1.886102E-08  4.409857E-10
   6.352501E+03  1.871553E-08  4.392596E-10
   6.367501E+03  1.874761E-08  4.396617E-10
   6.382501E+03  1.873157E-08  4.394741E-10
   6.397501E+03  1.670483E-06  8.565475E-08
   6.412501E+03  1.817138E-08  4.329808E-10
   6.427501E+03  1.814732E-08  4.325859E-10
   6.442501E+03  1.816336E-08  4.328310E-10
   6.457501E+03  1.806598E-08  4.315634E-10
   6.472501E+03  1.818398E-08  4.330486E-10
   6.487501E+03  1.858445E-08  1.607538E-09
   6.502501E+03  1.792278E-08  4.298816E-10
   6.517501E+03  1.781166E-08  4.285230E-10
   6.532501E+03  1.769481E-08  4.271741E-10
   6.547501E+03  1.797090E-08  4.304566E-10
   6.562501E+03  1.774178E-08  4.276285E-10
   6.577501E+03  1.778417E-08  4.283309E-10
   6.592501E+03  1.752984E-08  4.251006E-10
   6.607501E+03  1.744736E-08  4.241575E-10
   6.622501E+03  1.747829E-08  4.246436E-10
   6.637501E+03  1.736373E-08  4.232263E-10
   6.652501E+03  1.720221E-08  4.212594E-10
   6.667501E+03  1.723085E-08  4.215528E-10
   6.682501E+03  1.735915E-08  4.230311E-10
   6.697501E+03  1.704182E-08  4.191282E-10
   6.712501E+03  1.715295E-08  4.205454E-10
   6.727501E+03  1.684936E-08  4.167887E-10
   6.742501E+03  1.675657E-08  4.156139E-10
   6.757501E+03  1.677032E-08  4.158976E-10
   6.772501E+03  1.657442E-08  4.132970E-10
   6.787501E+03  1.685967E-08  4.168593E-10
   6.802501E+03  1.655953E-08  4.132546E-10
   6.817501E+03  1.639915E-08  4.113115E-10
   6.832501E+03  1.644039E-08  4.117981E-10
   6.847501E+03  1.642206E-08  4.114831E-10
   6.862501E+03  1.625595E-08  4.094884E-10
   6.877501E+03  1.640258E-08  4.112109E-10
   6.892501E+03  1.595924E-08  4.056578E-10
   6.907501E+03  1.608984E-08  4.072230E-10
   6.922501E+03  1.579427E-08  4.034146E-10
   6.937501E+03  1.599475E-08  4.060496E-10
   6.952501E+03  1.565566E-08  4.019376E-10
   6.967501E+03  1.591685E-08  4.052950E-10
   6.982501E+03  1.574730E-08  4.029620E-10
   6.997501E+03  1.574730E-08  4.030792E-10
   7.012501E+03  1.554797E-08  4.003804E-10
   7.027501E+03  1.584353E-08  4.042175E-10
   7.042501E+03  1.545747E-08  3.991866E-10
   7.057501E+03  2.112881E-07  2.938522E-08
   7.072501E+03  1.520544E-08  3.959559E-10
   7.087501E+03  1.539102E-08  3.983889E-10
   7.102501E+03  1.509775E-08  3.944948E-10
   7.117501E+03  1.511379E-08  3.947636E-10
   7.132501E+03  1.471971E-08  3.895952E-10
   7.147501E+03  1.487207E-08  3.915413E-10
   7.162501E+03  1.470825E-08  3.893226E-10
   7.177501E+03  1.479532E-08  3.908038E-10
   7.192501E+03  1.465097E-08  3.886562E-10
   7.207501E+03  1.461890E-08  3.882923E-10
   7.222501E+03  1.442529E-08  3.856885E-10
   7.237501E+03  1.418701E-08  3.824664E-10
   7.252501E+03  1.445393E-08  3.860396E-10
   7.267501E+03  1.429240E-08  3.839120E-10
   7.282501E+03  1.430615E-08  3.841577E-10
   7.297501E+03  1.422710E-08  3.829744E-10
   7.312501E+03  1.429011E-08  3.841274E-10
   7.327501E+03  1.415493E-08  3.820965E-10
   7.342501E+03  1.406214E-08  3.807522E-10
   7.357501E+03  1.366805E-08  3.755158E-10
   7.372501E+03  1.387884E-08  3.782052E-10
   7.387501E+03  1.392238E-08  3.788592E-10
   7.402501E+03  1.395674E-08  3.794190E-10
   7.417501E+03  1.375627E-08  3.765342E-10
   7.432501E+03  1.365660E-08  3.752330E-10
   7.447501E+03  1.357068E-08  3.740215E-10
   7.462501E+03  1.378032E-08  3.768627E-10
   7.477501E+03  1.360161E-08  3.745729E-10
   7.492501E+03  1.345497E-08  3.724901E-10
   7.507501E+03  1.344810E-08  3.723951E-10
   7.522501E+03  1.329917E-08  3.703958E-10
   7.537501E+03  1.323960E-08  3.695674E-10
   7.552501E+03  1.299445E-08  3.660418E-10
   7.567501E+03  1.319607E-08  3.688648E-10
   7.582501E+03  1.294862E-08  3.653001E-10
   7.597501E+03  1.303798E-08  3.667176E-10
   7.612501E+03  1.288332E-08  3.645089E-10
   7.627501E+03  1.307464E-08  3.671672E-10
   7.642501E+03  1.289822E-08  3.648486E-10
   7.657501E+03  1.268285E-08  3.615700E-10
   7.672501E+03  1.264619E-08  3.611461E-10
   7.687501E+03  1.251788E-08  3.592148E-10
   7.702501E+03  1.265650E-08  3.611622E-10
   7.717501E+03  1.230251E-08  3.560501E-10
   7.732501E+03  1.288103E-08  3.644766E-10
   7.747501E+03  1.252590E-08  3.594611E-10
   7.762501E+03  1.231397E-08  3.563151E-10
   7.777501E+03  1.233000E-08  3.565466E-10
   7.792501E+03  1.221315E-08  3.547564E-10
   7.807501E+03  1.229907E-08  3.561331E-10
   7.822501E+03  1.231626E-08  3.564807E-10
   7.837501E+03  1.233573E-08  3.566955E-10
   7.852501E+03  1.194050E-08  3.509477E-10
   7.867501E+03  1.206995E-08  3.527067E-10
   7.882501E+03  1.195425E-08  3.510146E-10
   7.897501E+03  1.200809E-08  3.520715E-10
   7.912501E+03  1.181334E-08  3.490443E-10
   7.927501E+03  1.202184E-08  3.520711E-10
   7.942501E+03  1.187979E-08  3.500563E-10
   7.957501E+03  1.182365E-08  3.491286E-10
   7.972501E+03  1.177439E-08  3.484357E-10
   7.987501E+03  1.153496E-08  3.450869E-10
   8.002501E+03  1.165754E-08  3.467738E-10
   8.017501E+03  1.175721E-08  3.483175E-10
   8.032501E+03  1.142613E-08  3.432193E-10
   8.047501E+03  1.138604E-08  3.425486E-10
   8.062501E+03  1.136312E-08  3.423422E-10
   8.077501E+03  1.138833E-08  3.427209E-10
   8.092501E+03  1.144790E-08  3.435798E-10
   8.107501E+03  1.135625E-08  3.423424E-10
   8.122501E+03  1.123367E-08  3.402865E-10
   8.137501E+03  1.123024E-08  3.405122E-10
   8.152501E+03  1.125086E-08  3.405463E-10
   8.167501E+03  1.122794E-08  3.402693E-10
   8.182501E+03  1.087739E-08  3.349254E-10
   8.197501E+03  1.093696E-08  3.358043E-10
   8.212501E+03  1.100685E-08  3.369437E-10
   8.227501E+03  1.085334E-08  3.345202E-10
   8.242501E+03  1.086823E-08  3.348198E-10
   8.257501E+03  1.088083E-08  3.350487E-10
   8.272501E+03  1.086479E-08  3.346611E-10
   8.287501E+03  1.076283E-08  3.332312E-10
   8.302501E+03  1.064598E-08  3.314215E-10
   8.317501E+03  1.063224E-08  3.311366E-10
   8.332501E+03  1.044321E-08  3.281135E-10
   8.347501E+03  1.056350E-08  3.300308E-10
   8.362501E+03  1.029200E-08  3.256965E-10
   8.377501E+03  1.041457E-08  3.278081E-10
   8.392501E+03  1.041801E-08  3.276098E-10
   8.407501E+03  1.051768E-08  3.293154E-10
   8.422501E+03  1.030231E-08  3.258594E-10
   8.437501E+03  1.027252E-08  3.254248E-10
   8.452501E+03  1.028398E-08  3.255697E-10
   8.467501E+03  1.035615E-08  3.268533E-10
   8.482501E+03  1.005486E-08  3.220004E-10
   8.497501E+03  1.011672E-08  3.229146E-10
   8.512501E+03  1.021295E-08  3.245177E-10
   8.527501E+03  1.009954E-08  3.228967E-10
   8.542501E+03  1.023128E-08  3.248446E-10
   8.557501E+03  9.954047E-09  3.202742E-10
   8.572501E+03  9.905932E-09  3.197217E-10
   8.587501E+03  9.947173E-09  3.202375E-10
   8.602501E+03  9.912805E-09  3.198323E-10
   8.617501E+03  1.008694E-08  3.226592E-10
   8.632501E+03  9.589748E-09  3.145524E-10
   8.647501E+03  9.666503E-09  3.157312E-10
   8.662501E+03  9.584020E-09  3.143835E-10
   8.677501E+03  9.440821E-09  3.121056E-10
   8.692501E+03  9.759296E-09  3.172032E-10
   8.707501E+03  9.480917E-09  3.126907E-10
   8.722501E+03  9.537051E-09  3.135381E-10
   8.737501E+03  9.501538E-09  3.131432E-10
   8.752501E+03  9.365212E-09  3.106660E-10
   8.767501E+03  9.288458E-09  3.095061E-10
   8.782501E+03  9.211703E-09  3.082268E-10
   8.797501E+03  9.475189E-09  3.125586E-10
   8.812501E+03  9.271274E-09  3.091819E-10
   8.827501E+03  9.350320E-09  3.104952E-10
   8.842501E+03  9.252944E-09  3.090295E-10
   8.857501E+03  9.124638E-09  3.067307E-10
   8.872501E+03  9.121201E-09  3.066730E-10
   8.887501E+03  9.013516E-09  3.049374E-10
   8.902501E+03  9.147550E-09  3.071150E-10
   8.917501E+03  9.167025E-09  3.075181E-10
   8.932501E+03  8.983730E-09  3.042789E-10
   8.947501E+03  8.842823E-09  3.020419E-10
   8.962501E+03  8.871462E-09  3.024125E-10
   8.977501E+03  8.640053E-09  2.985261E-10
   8.992501E+03  8.835949E-09  3.019247E-10
   9.007501E+03  8.830221E-09  3.016704E-10
   9.022501E+03  8.673275E-09  2.990590E-10
   9.037501E+03  8.685877E-09  2.991969E-10
   9.052501E+03  8.558716E-09  2.971200E-10
   9.067501E+03  8.649218E-09  2.986446E-10
   9.082501E+03  8.587356E-09  2.975365E-10
   9.097501E+03  8.449885E-09  2.951081E-10
   9.112501E+03  8.536950E-09  2.967426E-10
   9.127501E+03  8.554133E-09  2.970804E-10
   9.142501E+03  8.530076E-09  2.965835E-10
   9.157501E+03  8.333034E-09  2.931027E-10
   9.172501E+03  8.445302E-09  2.951483E-10
   9.187501E+03  8.398333E-09  2.942475E-10
   9.202501E+03  8.251697E-09  2.916704E-10
   9.217501E+03  8.267736E-09  2.921556E-10
   9.232501E+03  8.026016E-09  2.877000E-10
   9.247501E+03  8.135992E-09  2.897023E-10
   9.262501E+03  8.156613E-09  2.901093E-10
   9.277501E+03  8.137138E-09  2.896411E-10
   9.292501E+03  7.870215E-09  2.849809E-10
   9.307501E+03  8.045491E-09  2.879663E-10
   9.322501E+03  7.952698E-09  2.863436E-10
   9.337501E+03  8.045491E-09  2.880483E-10
   9.352501E+03  7.804916E-09  2.835905E-10
   9.367501E+03  7.639951E-09  2.807055E-10
   9.382501E+03  7.853031E-09  2.844627E-10
   9.397501E+03  7.725871E-09  2.822772E-10
   9.412501E+03  7.757947E-09  2.828199E-10
   9.427501E+03  7.787733E-09  2.833200E-10
   9.442501E+03  7.753365E-09  2.828618E-10
   9.457501E+03  7.672028E-09  2.811673E-10
   9.472501E+03  7.599856E-09  2.798846E-10
   9.487501E+03  7.610166E-09  2.801586E-10
   9.502501E+03  7.652553E-09  2.809786E-10
   9.517501E+03  7.562051E-09  2.793151E-10
   9.532501E+03  7.352408E-09  2.755089E-10
   9.547501E+03  7.438327E-09  2.768969E-10
   9.562501E+03  7.397086E-09  2.761289E-10
   9.577501E+03  7.418852E-09  2.764918E-10
   9.592501E+03  7.436036E-09  2.770249E-10
   9.607501E+03  7.331787E-09  2.748655E-10
   9.622501E+03  7.141619E-09  2.712794E-10
   9.637501E+03  7.313458E-09  2.746079E-10
   9.652501E+03  7.190879E-09  2.722996E-10
   9.667501E+03  7.091213E-09  2.705829E-10
   9.682501E+03  7.236703E-09  2.732945E-10
   9.697501E+03  7.011021E-09  2.688328E-10
   9.712501E+03  7.115270E-09  2.708224E-10
   9.727501E+03  6.825436E-09  2.653874E-10
   9.742501E+03  6.929684E-09  2.672702E-10
   9.757501E+03  7.005293E-09  2.687230E-10
   9.772501E+03  6.992692E-09  2.684375E-10
   9.787501E+03  6.922811E-09  2.672261E-10
   9.802501E+03  6.866677E-09  2.660534E-10
   9.817501E+03  6.920520E-09  2.671820E-10
   9.832501E+03  6.733788E-09  2.634686E-10
   9.847501E+03  6.758991E-09  2.639607E-10
   9.862501E+03  6.690256E-09  2.626613E-10
   9.877501E+03  6.772738E-09  2.644076E-10
   9.892501E+03  6.708585E-09  2.629306E-10
   9.907501E+03  6.607773E-09  2.610390E-10
   9.922501E+03  6.649014E-09  2.618514E-10
   9.937501E+03  6.572260E-09  2.603374E-10
   9.952501E+03  6.649014E-09  2.618514E-10
   9.967501E+03  6.498942E-09  2.588374E-10
   9.982501E+03  6.541329E-09  2.596794E-10
   9.997501E+03  6.345433E-09  2.557185E-10
   1.001250E+04  6.539038E-09  2.596794E-10
   1.002750E+04  6.548202E-09  2.598156E-10
   1.004250E+04  6.251494E-09  2.539126E-10
   1.005750E+04  6.338559E-09  2.555801E-10
   1.007250E+04  6.414168E-09  2.571910E-10
   1.008750E+04  6.325958E-09  2.555110E-10
   1.010250E+04  6.160992E-09  2.519765E-10
   1.011750E+04  6.219418E-09  2.532611E-10
   1.013250E+04  6.182759E-09  2.524677E-10
   1.014750E+04  6.135789E-09  2.514608E-10
   1.016250E+04  6.173594E-09  2.522807E-10
   1.017750E+04  6.140372E-09  2.516485E-10
   1.019250E+04  6.085383E-09  2.504262E-10
   1.020750E+04  6.064763E-09  2.501435E-10
   1.022250E+04  6.118605E-09  2.512967E-10
   1.023750E+04  5.886050E-09  2.463884E-10
   1.025250E+04  5.873449E-09  2.460288E-10
   1.026750E+04  5.920418E-09  2.471058E-10
   1.028250E+04  5.888342E-09  2.463404E-10
   1.029750E+04  5.882614E-09  2.463165E-10
   1.031250E+04  5.913545E-09  2.468668E-10
   1.032750E+04  5.855119E-09  2.457890E-10
   1.034250E+04  5.825334E-09  2.450677E-10
   1.035750E+04  5.953640E-09  2.477496E-10
   1.037250E+04  5.774928E-09  2.440060E-10
   1.038750E+04  5.607672E-09  2.404494E-10
   1.040250E+04  5.725667E-09  2.429639E-10
   1.041750E+04  5.695882E-09  2.422829E-10
   1.043250E+04  5.569867E-09  2.397368E-10
   1.044750E+04  5.671825E-09  2.419175E-10
   1.046250E+04  5.576741E-09  2.397859E-10
   1.047750E+04  5.501132E-09  2.381066E-10
   1.049250E+04  5.511442E-09  2.383296E-10
   1.050750E+04  5.336166E-09  2.345612E-10
   1.052250E+04  5.369388E-09  2.352896E-10
   1.053750E+04  5.417503E-09  2.362906E-10
   1.055250E+04  5.503423E-09  2.382554E-10
   1.056750E+04  5.269722E-09  2.330975E-10
   1.058250E+04  5.440415E-09  2.368394E-10
   1.059750E+04  5.268576E-09  2.330215E-10
   1.061250E+04  5.251393E-09  2.326413E-10
   1.062750E+04  5.267431E-09  2.329962E-10
   1.064250E+04  5.159745E-09  2.306544E-10
   1.065750E+04  5.292634E-09  2.336033E-10
   1.067250E+04  5.182657E-09  2.311655E-10
   1.068750E+04  5.105902E-09  2.293973E-10
   1.070250E+04  5.190676E-09  2.313952E-10
   1.071750E+04  5.045186E-09  2.280298E-10
   1.073250E+04  5.010818E-09  2.273041E-10
   1.074750E+04  4.990198E-09  2.269924E-10
   1.076250E+04  5.053205E-09  2.283661E-10
   1.077750E+04  4.977596E-09  2.264978E-10
   1.079250E+04  4.990198E-09  2.268363E-10
   1.080750E+04  4.964995E-09  2.262110E-10
   1.082250E+04  4.950102E-09  2.259239E-10
   1.083750E+04  4.926044E-09  2.253747E-10
   1.085250E+04  4.876784E-09  2.241933E-10
   1.086750E+04  4.976450E-09  2.265239E-10
   1.088250E+04  4.937500E-09  2.256364E-10
   1.089750E+04  4.837834E-09  2.233494E-10
   1.091250E+04  4.908861E-09  2.249291E-10
   1.092750E+04  4.842416E-09  2.234551E-10
   1.094250E+04  4.719838E-09  2.206111E-10
   1.095750E+04  4.672869E-09  2.194578E-10
   1.097250E+04  4.674014E-09  2.195385E-10
   1.098750E+04  4.631627E-09  2.184875E-10
   1.100250E+04  4.553727E-09  2.166430E-10
   1.101750E+04  4.599551E-09  2.178384E-10
   1.103250E+04  4.549145E-09  2.165885E-10
   1.104750E+04  4.515923E-09  2.157421E-10
   1.106250E+04  4.560601E-09  2.168064E-10
   1.107750E+04  4.491865E-09  2.151669E-10
   1.109250E+04  4.506758E-09  2.155232E-10
   1.110750E+04  4.493011E-09  2.151943E-10
   1.112250E+04  4.402509E-09  2.130167E-10
   1.113750E+04  4.361268E-09  2.120727E-10
   1.115250E+04  4.231816E-09  2.089043E-10
   1.116750E+04  4.322318E-09  2.110684E-10
   1.118250E+04  4.270766E-09  2.098064E-10
   1.119750E+04  4.251291E-09  2.093276E-10
   1.121250E+04  4.291387E-09  2.103683E-10
   1.122750E+04  4.267329E-09  2.097220E-10
   1.124250E+04  4.220360E-09  2.085650E-10
   1.125750E+04  4.163080E-09  2.072023E-10
   1.127250E+04  4.095490E-09  2.054573E-10
   1.128750E+04  4.177973E-09  2.076291E-10
   1.130250E+04  4.081743E-09  2.051123E-10
   1.131750E+04  4.189429E-09  2.077995E-10
   1.133250E+04  4.104655E-09  2.056870E-10
   1.134750E+04  4.032483E-09  2.038712E-10
   1.136250E+04  4.003843E-09  2.032043E-10
   1.137750E+04  3.929380E-09  2.012489E-10
   1.139250E+04  4.024464E-09  2.036685E-10
   1.140750E+04  3.920215E-09  2.010141E-10
   1.142250E+04  3.880119E-09  2.000428E-10
   1.143750E+04  3.958019E-09  2.020392E-10
   1.145250E+04  3.890430E-09  2.002492E-10
   1.146750E+04  3.856062E-09  1.993630E-10
   1.148250E+04  3.944272E-09  2.016298E-10
   1.149750E+04  3.915633E-09  2.009554E-10
   1.151250E+04  3.827422E-09  1.986810E-10
   1.152750E+04  3.802219E-09  1.979667E-10
   1.154250E+04  3.857207E-09  1.993926E-10
   1.155750E+04  3.857207E-09  1.993926E-10
   1.157250E+04  3.773579E-09  1.972798E-10
   1.158750E+04  3.617779E-09  1.931068E-10
   1.160250E+04  3.579974E-09  1.920955E-10
   1.161750E+04  3.704844E-09  1.954160E-10
   1.163250E+04  3.675058E-09  1.946291E-10
   1.164750E+04  3.620070E-09  1.932902E-10
   1.166250E+04  3.518112E-09  1.904290E-10
   1.167750E+04  3.604032E-09  1.927397E-10
   1.169250E+04  3.665894E-09  1.943863E-10
   1.170750E+04  3.513530E-09  1.903050E-10
   1.172250E+04  3.528423E-09  1.908935E-10
   1.173750E+04  3.435630E-09  1.881840E-10
   1.175250E+04  3.474580E-09  1.893722E-10
   1.176750E+04  3.449377E-09  1.885600E-10
   1.178250E+04  3.476871E-09  1.893722E-10
   1.179750E+04  3.394388E-09  1.871146E-10
   1.181250E+04  3.324507E-09  1.851165E-10
   1.182750E+04  3.444794E-09  1.884348E-10
   1.184250E+04  3.298159E-09  1.844457E-10
   1.185750E+04  3.279829E-09  1.839329E-10
   1.187250E+04  3.278684E-09  1.839650E-10
   1.188750E+04  3.247753E-09  1.830321E-10
   1.190250E+04  3.352001E-09  1.860072E-10
   1.191750E+04  3.174435E-09  1.808910E-10
   1.193250E+04  3.235151E-09  1.826123E-10
   1.194750E+04  3.224841E-09  1.823212E-10
   1.196250E+04  3.093098E-09  1.785591E-10
   1.197750E+04  3.191619E-09  1.813799E-10
   1.199250E+04  3.222550E-09  1.822564E-10
   1.200750E+04  3.190473E-09  1.814124E-10
   1.202250E+04  3.206511E-09  1.818024E-10
   1.203750E+04  3.101117E-09  1.787904E-10
   1.205250E+04  3.126320E-09  1.795810E-10
   1.206750E+04  2.979684E-09  1.754578E-10
   1.208250E+04  2.987703E-09  1.754913E-10
   1.209750E+04  2.904075E-09  1.730184E-10
   1.211250E+04  2.953335E-09  1.744793E-10
   1.212750E+04  3.039255E-09  1.769985E-10
   1.214250E+04  2.995722E-09  1.757266E-10
   1.215750E+04  2.959063E-09  1.747160E-10
   1.217250E+04  3.000305E-09  1.758610E-10
   1.218750E+04  2.870853E-09  1.720261E-10
   1.220250E+04  2.939588E-09  1.740728E-10
   1.221750E+04  2.782642E-09  1.693632E-10
   1.223250E+04  2.756294E-09  1.686297E-10
   1.224750E+04  2.764313E-09  1.688745E-10
   1.226250E+04  2.803263E-09  1.699894E-10
   1.227750E+04  2.757439E-09  1.685946E-10
   1.229250E+04  2.712761E-09  1.672235E-10
   1.230750E+04  2.712761E-09  1.672941E-10
   1.232250E+04  2.750566E-09  1.683844E-10
   1.233750E+04  2.685267E-09  1.663741E-10
   1.235250E+04  2.696723E-09  1.667994E-10
   1.236750E+04  2.664646E-09  1.657342E-10
   1.238250E+04  2.627987E-09  1.645904E-10
   1.239750E+04  2.576436E-09  1.629684E-10
   1.241250E+04  2.624551E-09  1.644828E-10
   1.242750E+04  2.528321E-09  1.614398E-10
   1.244250E+04  2.509991E-09  1.608537E-10
   1.245750E+04  2.526030E-09  1.613667E-10
   1.247250E+04  2.603930E-09  1.638355E-10
   1.248750E+04  2.468750E-09  1.595270E-10
   1.250250E+04  2.503118E-09  1.606333E-10
   1.251750E+04  2.456149E-09  1.591194E-10
   1.253250E+04  2.472187E-09  1.596379E-10
   1.254750E+04  2.491662E-09  1.603391E-10
   1.256250E+04  2.377103E-09  1.565384E-10
   1.257750E+04  2.382831E-09  1.568022E-10
   1.259250E+04  2.417199E-09  1.579277E-10
   1.260750E+04  2.293475E-09  1.537607E-10
   1.262250E+04  2.443547E-09  1.587851E-10
   1.263750E+04  2.311804E-09  1.543738E-10
   1.265250E+04  2.362210E-09  1.560474E-10
   1.266750E+04  2.206410E-09  1.508144E-10
   1.268250E+04  2.307222E-09  1.542973E-10
   1.269750E+04  2.276291E-09  1.531837E-10
   1.271250E+04  2.236195E-09  1.518288E-10
   1.272750E+04  2.284310E-09  1.534532E-10
   1.274250E+04  2.286601E-09  1.535302E-10
   1.275750E+04  2.181207E-09  1.499508E-10
   1.277250E+04  2.142257E-09  1.486061E-10
   1.278750E+04  2.160586E-09  1.492404E-10
   1.280250E+04  2.181207E-09  1.500295E-10
   1.281750E+04  2.021969E-09  1.443744E-10
   1.283250E+04  2.047172E-09  1.452712E-10
   1.284750E+04  2.003640E-09  1.437186E-10
   1.286250E+04  2.149130E-09  1.489236E-10
   1.287750E+04  2.188080E-09  1.501868E-10
   1.289250E+04  2.028843E-09  1.446195E-10
   1.290750E+04  1.939487E-09  1.413994E-10
   1.292250E+04  2.001349E-09  1.437186E-10
   1.293750E+04  2.050609E-09  1.453931E-10
   1.295250E+04  1.939487E-09  1.413994E-10
   1.296750E+04  1.986456E-09  1.431011E-10
   1.298250E+04  1.945215E-09  1.416080E-10
   1.299750E+04  1.867315E-09  1.387440E-10
   1.301250E+04  1.840966E-09  1.377618E-10
   1.302750E+04  1.874188E-09  1.389991E-10
   1.304250E+04  1.863878E-09  1.386163E-10
   1.305750E+04  1.846694E-09  1.380615E-10
   1.307250E+04  1.824928E-09  1.371605E-10
   1.308750E+04  1.708077E-09  1.326972E-10
   1.310250E+04  1.824928E-09  1.371605E-10
   1.311750E+04  1.782541E-09  1.355584E-10
   1.313250E+04  1.752755E-09  1.344213E-10
   1.314750E+04  1.785978E-09  1.356890E-10
   1.316250E+04  1.737863E-09  1.338490E-10
   1.317750E+04  1.669127E-09  1.311757E-10
   1.319250E+04  1.749319E-09  1.342894E-10
   1.320750E+04  1.662254E-09  1.309054E-10
   1.322250E+04  1.630177E-09  1.296363E-10
   1.323750E+04  1.669127E-09  1.311757E-10
   1.325250E+04  1.619867E-09  1.292258E-10
   1.326750E+04  1.674855E-09  1.314006E-10
   1.328250E+04  1.659962E-09  1.308151E-10
   1.329750E+04  1.580917E-09  1.276629E-10
   1.331250E+04  1.616430E-09  1.291801E-10
   1.332750E+04  1.614139E-09  1.289971E-10
   1.334250E+04  1.477813E-09  1.234303E-10
   1.335750E+04  1.512181E-09  1.248571E-10
   1.337250E+04  1.485832E-09  1.237647E-10
   1.338750E+04  1.532802E-09  1.257054E-10
   1.340250E+04  1.462921E-09  1.228068E-10
   1.341750E+04  1.490415E-09  1.239553E-10
   1.343250E+04  1.521346E-09  1.252348E-10
   1.344750E+04  1.480105E-09  1.235259E-10
   1.346250E+04  1.398768E-09  1.200842E-10
   1.347750E+04  1.412515E-09  1.206728E-10
   1.349250E+04  1.339197E-09  1.174996E-10
   1.350750E+04  1.399913E-09  1.201334E-10
   1.352250E+04  1.453756E-09  1.224216E-10
   1.353750E+04  1.344925E-09  1.177506E-10
   1.355250E+04  1.383875E-09  1.194433E-10
   1.356750E+04  1.291082E-09  1.153697E-10
   1.358250E+04  1.267024E-09  1.142899E-10
   1.359750E+04  1.294519E-09  1.155231E-10
   1.361250E+04  1.215473E-09  1.119409E-10
   1.362750E+04  1.236093E-09  1.128864E-10
   1.364250E+04  1.144446E-09  1.086213E-10
   1.365750E+04  1.307120E-09  1.160840E-10
   1.367250E+04  1.191415E-09  1.108277E-10
   1.368750E+04  1.201726E-09  1.113061E-10
   1.370250E+04  1.260151E-09  1.139795E-10
   1.371750E+04  1.212036E-09  1.117825E-10
   1.373250E+04  1.213182E-09  1.118354E-10
   1.374750E+04  1.104350E-09  1.067017E-10
   1.376250E+04  1.080293E-09  1.055332E-10
   1.377750E+04  1.131845E-09  1.080217E-10
   1.379250E+04  1.130699E-09  1.079670E-10
   1.380750E+04  1.126117E-09  1.077480E-10
   1.382250E+04  1.064255E-09  1.047470E-10
   1.383750E+04  1.098622E-09  1.064247E-10
   1.385250E+04  1.011558E-09  1.021209E-10
   1.386750E+04  1.005830E-09  1.018314E-10
   1.388250E+04  1.074565E-09  1.052531E-10
   1.389750E+04  9.783353E-10  1.004301E-10
   1.391250E+04  9.748986E-10  1.002536E-10
   1.392750E+04  9.577147E-10  9.936615E-11
   1.394250E+04  9.588603E-10  9.942556E-11
   1.395750E+04  9.222013E-10  9.750657E-11
   1.397250E+04  9.084542E-10  9.677713E-11
   1.398750E+04  9.588603E-10  9.942556E-11
   1.400250E+04  9.508411E-10  9.900896E-11
   1.401750E+04  8.786689E-10  9.517751E-11
   1.403250E+04  9.004351E-10  9.634908E-11
   1.404750E+04  7.686921E-10  8.902249E-11
   1.406250E+04  8.912704E-10  9.585753E-11
   1.407750E+04  8.236805E-10  9.215141E-11
   1.409250E+04  8.626306E-10  9.430493E-11
   1.410750E+04  8.488835E-10  9.355053E-11
   1.412250E+04  7.927495E-10  9.040472E-11
   1.413750E+04  8.087878E-10  9.131458E-11
   1.415250E+04  7.916039E-10  9.033938E-11
   1.416750E+04  8.064966E-10  9.118516E-11
   1.418250E+04  7.343243E-10  8.700977E-11
   1.419750E+04  7.709832E-10  8.915505E-11
   1.421250E+04  6.988110E-10  8.487983E-11
   1.422750E+04  7.526538E-10  8.808894E-11
   1.424250E+04  6.621520E-10  8.262360E-11
   1.425750E+04  6.896462E-10  8.432144E-11
   1.427250E+04  6.896462E-10  8.432144E-11
   1.428750E+04  6.335122E-10  8.081710E-11
   1.430250E+04  5.888342E-10  7.806679E-11
   1.431750E+04  6.117460E-10  7.941667E-11
   1.433250E+04  6.254931E-10  8.030399E-11
   1.434750E+04  5.899797E-10  7.799109E-11
   1.436250E+04  6.186195E-10  7.986156E-11
   1.437750E+04  6.186195E-10  7.986156E-11
   1.439250E+04  5.739415E-10  7.692376E-11
   1.440750E+04  5.498840E-10  7.529440E-11
   1.442250E+04  5.762326E-10  7.707715E-11
   1.443750E+04  5.475928E-10  7.513738E-11
   1.445250E+04  4.731294E-10  6.984227E-11
   1.446750E+04  5.235354E-10  7.346840E-11
   1.448250E+04  4.891677E-10  7.101613E-11
   1.449750E+04  5.143707E-10  7.282254E-11
   1.451250E+04  4.857309E-10  7.076623E-11
   1.452750E+04  4.777118E-10  7.017966E-11
   1.454250E+04  4.479264E-10  6.795668E-11
   1.455750E+04  4.490720E-10  6.804352E-11
   1.457250E+04  4.467808E-10  6.786972E-11
   1.458750E+04  4.043939E-10  6.457015E-11
   1.460250E+04  3.608614E-10  6.099587E-11
   1.461750E+04  3.872100E-10  6.318341E-11
   1.463250E+04  3.448231E-10  5.962504E-11
   1.464750E+04  3.379496E-10  5.902780E-11
   1.466250E+04  3.368040E-10  5.892767E-11
   1.467750E+04  2.932715E-10  5.498779E-11
   1.469250E+04  2.875435E-10  5.444816E-11
   1.470750E+04  3.035818E-10  5.594600E-11
   1.472250E+04  2.760876E-10  5.335254E-11
   1.473750E+04  2.497390E-10  5.074290E-11
   1.475250E+04  2.726508E-10  5.301944E-11
   1.476750E+04  2.669229E-10  5.245957E-11
   1.478250E+04  2.440110E-10  5.015762E-11
   1.479750E+04  2.302639E-10  4.872427E-11
   1.481250E+04  2.119345E-10  4.674482E-11
   1.482750E+04  1.924594E-10  4.454537E-11
   1.484250E+04  1.787123E-10  4.292502E-11
   1.485750E+04  1.546549E-10  3.993148E-11
   1.487250E+04  1.283063E-10  3.637123E-11
   1.488750E+04  1.202871E-10  3.521631E-11
   1.490250E+04  1.134136E-10  3.419533E-11
   1.491750E+04  1.157048E-10  3.453901E-11
   1.493250E+04  9.508411E-11  3.131040E-11
   1.494750E+04  8.248260E-11  2.916191E-11
   1.496250E+04  5.727959E-11  2.430162E-11
   1.497750E+04  6.186195E-11  2.525498E-11
   1.499250E+04  3.780453E-11  1.974274E-11
