 #  Results from PENEPMA.
 #  Energy distribution of upbound electrons.
 #  1st column: E (eV).
 #  2nd and 3rd columns: probability density and STU (1/(eV*particle)).

   7.500001E+00  1.000000E-35  1.000000E-35
   2.250000E+01  1.000000E-35  1.000000E-35
   3.750000E+01  1.000000E-35  1.000000E-35
   5.250001E+01  4.276325E-05  1.427702E-06
   6.750001E+01  4.477802E-05  1.414170E-06
   8.250001E+01  2.922804E-05  1.007141E-06
   9.750001E+01  1.835071E-05  8.455508E-07
   1.125000E+02  1.203241E-05  7.613926E-07
   1.275000E+02  1.070380E-05  7.140672E-07
   1.425000E+02  9.965371E-06  6.858633E-07
   1.575000E+02  8.903242E-06  6.425001E-07
   1.725000E+02  8.982183E-06  6.426389E-07
   1.875000E+02  8.088312E-06  6.033294E-07
   2.025000E+02  7.692113E-06  5.828157E-07
   2.175000E+02  7.462287E-06  5.701365E-07
   2.325000E+02  7.060417E-06  5.475671E-07
   2.475000E+02  6.691432E-06  5.271671E-07
   2.625000E+02  6.946547E-06  5.325812E-07
   2.775000E+02  6.461970E-06  5.158890E-07
   2.925000E+02  7.430477E-06  5.145720E-07
   3.075000E+02  5.713568E-06  4.938964E-07
   3.225000E+02  5.646832E-06  4.854223E-07
   3.375000E+02  5.275450E-06  4.638358E-07
   3.525000E+02  5.450535E-06  4.688890E-07
   3.675000E+02  5.244790E-06  4.559362E-07
   3.825000E+02  5.470931E-06  4.642029E-07
   3.975000E+02  5.156922E-06  4.425499E-07
   4.125000E+02  5.403699E-06  4.497532E-07
   4.275000E+02  5.469838E-06  4.473907E-07
   4.425000E+02  5.638582E-06  4.528558E-07
   4.575000E+02  5.445292E-06  4.467076E-07
   4.725000E+02  6.091076E-06  4.521179E-07
   4.875000E+02  6.591350E-06  4.564074E-07
   5.025001E+02  6.761623E-06  4.558753E-07
   5.175001E+02  3.923513E-06  4.338181E-07
   5.325001E+02  4.064438E-06  4.414841E-07
   5.475001E+02  4.025945E-06  4.387823E-07
   5.625001E+02  3.627769E-06  4.167144E-07
   5.775001E+02  4.022094E-06  4.412617E-07
   5.925001E+02  3.735720E-06  4.099224E-07
   6.075001E+02  3.548518E-06  4.158779E-07
   6.225001E+02  3.873603E-06  4.367730E-07
   6.375001E+02  3.709036E-06  4.194720E-07
   6.525001E+02  3.610489E-06  4.175448E-07
   6.675001E+02  3.189113E-06  3.954863E-07
   6.825001E+02  3.510279E-06  4.169881E-07
   6.975001E+02  3.727466E-06  4.247310E-07
   7.125001E+02  3.370343E-06  4.071743E-07
   7.275001E+02  3.180932E-06  3.975235E-07
   7.425001E+02  3.212467E-06  3.990901E-07
   7.575001E+02  3.506025E-06  4.179541E-07
   7.725001E+02  3.355078E-06  4.077636E-07
   7.875001E+02  3.518240E-06  4.190094E-07
   8.025001E+02  3.290252E-06  4.036583E-07
   8.175001E+02  3.448976E-06  4.139932E-07
   8.325001E+02  3.486461E-06  4.152000E-07
   8.475001E+02  3.283215E-06  4.025925E-07
   8.625001E+02  3.108951E-06  3.901033E-07
   8.775001E+02  3.465366E-06  4.137523E-07
   8.925001E+02  3.149434E-06  3.910492E-07
   9.075001E+02  3.345037E-06  4.043142E-07
   9.225001E+02  3.225723E-06  3.970911E-07
   9.375001E+02  3.363456E-06  4.050999E-07
   9.525001E+02  3.138130E-06  3.909818E-07
   9.675001E+02  3.474301E-06  4.128026E-07
   9.825001E+02  3.266040E-06  3.990563E-07
   9.975001E+02  3.324237E-06  4.018012E-07
   1.012500E+03  3.382099E-06  4.052063E-07
   1.027500E+03  3.319058E-06  4.003978E-07
   1.042500E+03  3.301861E-06  3.996089E-07
   1.057500E+03  3.345973E-06  4.005533E-07
   1.072500E+03  3.144402E-06  3.881906E-07
   1.087500E+03  3.043813E-06  3.796889E-07
   1.102500E+03  3.488831E-06  4.099356E-07
   1.117500E+03  3.343181E-06  3.981220E-07
   1.132500E+03  3.587317E-06  4.160938E-07
   1.147500E+03  3.366434E-06  3.968715E-07
   1.162500E+03  3.261916E-06  3.976493E-07
   1.177500E+03  3.742675E-06  4.116374E-07
   1.192500E+03  3.146589E-06  3.952378E-07
   1.207500E+03  3.095616E-06  3.922066E-07
   1.222500E+03  3.006680E-06  3.866557E-07
   1.237500E+03  3.299335E-06  4.047331E-07
   1.252500E+03  3.185721E-06  3.972727E-07
   1.267500E+03  3.375669E-06  4.095667E-07
   1.282500E+03  3.024971E-06  3.871208E-07
   1.297500E+03  3.315208E-06  4.044837E-07
   1.312500E+03  3.268949E-06  4.025777E-07
   1.327500E+03  3.063862E-06  3.880648E-07
   1.342500E+03  3.163574E-06  3.949885E-07
   1.357500E+03  3.271418E-06  4.014970E-07
   1.372500E+03  3.134236E-06  3.937685E-07
   1.387500E+03  3.465374E-06  4.107448E-07
   1.402500E+03  3.186142E-06  3.979007E-07
   1.417500E+03  3.134658E-06  3.948187E-07
   1.432500E+03  3.220258E-06  3.998261E-07
   1.447500E+03  2.959256E-06  3.835083E-07
   1.462500E+03  3.268217E-06  4.028490E-07
   1.477500E+03  3.033486E-06  3.868168E-07
   1.492500E+03  3.092020E-06  3.907091E-07
   1.507500E+03  3.409431E-06  4.104298E-07
   1.522500E+03  3.438635E-06  4.112650E-07
   1.537500E+03  3.194871E-06  3.979520E-07
   1.552500E+03  3.461767E-06  4.143988E-07
   1.567500E+03  3.195689E-06  3.920326E-07
   1.582500E+03  3.098164E-06  3.956512E-07
   1.597500E+03  3.298545E-06  4.091307E-07
   1.612500E+03  3.418517E-06  3.982144E-07
   1.627500E+03  3.124455E-06  4.031157E-07
   1.642500E+03  3.432791E-06  4.218168E-07
   1.657500E+03  3.123866E-06  4.020187E-07
   1.672500E+03  3.057585E-06  3.981917E-07
   1.687500E+03  3.088285E-06  4.004396E-07
   1.702500E+03  3.031630E-06  3.959583E-07
   1.717500E+03  3.312967E-06  4.138992E-07
   1.732500E+03  3.251703E-06  4.112177E-07
   1.747500E+03  3.201718E-06  4.082450E-07
   1.762500E+03  3.239424E-06  4.101423E-07
   1.777500E+03  3.198492E-06  4.078892E-07
   1.792500E+03  3.442482E-06  4.231746E-07
   1.807500E+03  3.411926E-06  4.213758E-07
   1.822500E+03  3.314398E-06  4.160292E-07
   1.837500E+03  3.352865E-06  4.174359E-07
   1.852500E+03  3.375422E-06  4.188794E-07
   1.867500E+03  3.195771E-06  4.082774E-07
   1.882500E+03  3.425560E-06  4.221042E-07
   1.897500E+03  3.315446E-06  4.152425E-07
   1.912500E+03  3.303343E-06  4.145107E-07
   1.927500E+03  3.251291E-06  4.115503E-07
   1.942500E+03  3.755983E-06  4.420504E-07
   1.957500E+03  3.161487E-06  4.060522E-07
   1.972500E+03  3.325354E-06  4.156295E-07
   1.987500E+03  3.371682E-06  4.185297E-07
   2.002500E+03  3.438215E-06  4.235403E-07
   2.017500E+03  3.526208E-06  4.281615E-07
   2.032500E+03  3.201053E-06  4.079038E-07
   2.047500E+03  3.438173E-06  4.228256E-07
   2.062500E+03  3.692091E-06  4.379568E-07
   2.077500E+03  3.457107E-06  4.239055E-07
   2.092500E+03  3.327541E-06  4.159730E-07
   2.107500E+03  3.577323E-06  4.313224E-07
   2.122500E+03  3.436012E-06  4.224877E-07
   2.137500E+03  3.647771E-06  4.351971E-07
   2.152500E+03  3.402893E-06  4.206718E-07
   2.167500E+03  3.627327E-06  4.341371E-07
   2.182500E+03  3.383285E-06  4.192516E-07
   2.197500E+03  3.796415E-06  4.441275E-07
   2.212500E+03  3.758552E-06  4.420639E-07
   2.227500E+03  3.697357E-06  4.382991E-07
   2.242500E+03  3.766014E-06  4.427258E-07
   2.257500E+03  3.507590E-06  4.267719E-07
   2.272500E+03  3.596259E-06  4.323811E-07
   2.287500E+03  3.594044E-06  4.320507E-07
   2.302500E+03  3.675155E-06  4.376142E-07
   2.317500E+03  3.847063E-06  4.471729E-07
   2.332500E+03  3.620450E-06  4.337831E-07
   2.347500E+03  3.691506E-06  4.379540E-07
   2.362500E+03  4.075552E-06  4.598835E-07
   2.377500E+03  3.837503E-06  4.465069E-07
   2.392500E+03  3.848578E-06  4.471809E-07
   2.407500E+03  3.868180E-06  4.485127E-07
   2.422500E+03  3.827565E-06  4.461467E-07
   2.437500E+03  4.101545E-06  4.618079E-07
   2.452500E+03  4.156867E-06  4.647606E-07
   2.467500E+03  4.007668E-06  4.562317E-07
   2.482500E+03  3.925977E-06  4.515656E-07
   2.497500E+03  3.572811E-06  4.303391E-07
   2.512500E+03  3.929191E-06  4.518870E-07
   2.527500E+03  3.914925E-06  4.515683E-07
   2.542500E+03  4.010258E-06  4.562448E-07
   2.557500E+03  4.066156E-06  4.595364E-07
   2.572500E+03  4.083654E-06  4.608220E-07
   2.587500E+03  4.089456E-06  4.611500E-07
   2.602500E+03  3.976090E-06  4.545585E-07
   2.617500E+03  4.052969E-06  4.588701E-07
   2.632500E+03  4.094619E-06  4.611760E-07
   2.647500E+03  3.892350E-06  4.498644E-07
   2.662500E+03  4.220532E-06  4.680306E-07
   2.677500E+03  4.400314E-06  4.782288E-07
   2.692500E+03  4.146775E-06  4.641172E-07
   2.707500E+03  4.277924E-06  4.712474E-07
   2.722500E+03  4.137858E-06  4.637758E-07
   2.737500E+03  4.205218E-06  4.673661E-07
   2.752500E+03  4.405040E-06  4.785398E-07
   2.767500E+03  4.173701E-06  4.657329E-07
   2.782500E+03  4.337012E-06  4.747409E-07
   2.797500E+03  4.335362E-06  4.744425E-07
   2.812500E+03  4.329184E-06  4.744122E-07
   2.827500E+03  4.603669E-06  4.897894E-07
   2.842500E+03  4.510443E-06  4.841985E-07
   2.857500E+03  4.738453E-06  4.959585E-07
   2.872500E+03  4.297492E-06  4.725113E-07
   2.887500E+03  4.372300E-06  4.766504E-07
   2.902500E+03  4.248930E-06  4.696405E-07
   2.917500E+03  4.550998E-06  4.863794E-07
   2.932500E+03  4.811724E-06  4.998962E-07
   2.947500E+03  4.729034E-06  4.956366E-07
   2.962500E+03  4.610878E-06  4.898236E-07
   2.977500E+03  4.681638E-06  4.931853E-07
   2.992500E+03  4.567261E-06  4.870228E-07
   3.007500E+03  4.897657E-06  5.044078E-07
   3.022500E+03  4.910816E-06  5.050140E-07
   3.037500E+03  4.872244E-06  5.029235E-07
   3.052500E+03  4.665138E-06  4.919892E-07
   3.067500E+03  4.714214E-06  4.947327E-07
   3.082500E+03  4.884388E-06  5.035268E-07
   3.097500E+03  4.945694E-06  5.070794E-07
   3.112500E+03  5.005501E-06  5.095202E-07
   3.127500E+03  4.652104E-06  4.916477E-07
   3.142500E+03  4.968120E-06  5.077249E-07
   3.157500E+03  4.668314E-06  4.922842E-07
   3.172500E+03  4.798060E-06  4.992814E-07
   3.187500E+03  4.873414E-06  5.032026E-07
   3.202500E+03  4.841715E-06  5.020138E-07
   3.217500E+03  4.836836E-06  5.008387E-07
   3.232500E+03  5.052392E-06  5.118909E-07
   3.247500E+03  4.838613E-06  5.013966E-07
   3.262500E+03  5.069037E-06  5.135784E-07
   3.277500E+03  5.424722E-06  5.312416E-07
   3.292500E+03  5.284038E-06  5.243599E-07
   3.307500E+03  5.557799E-06  5.356924E-07
   3.322500E+03  5.373753E-06  5.292005E-07
   3.337500E+03  4.983818E-06  5.096924E-07
   3.352500E+03  5.709461E-06  5.455169E-07
   3.367500E+03  5.364857E-06  5.289011E-07
   3.382500E+03  5.403248E-06  5.306293E-07
   3.397500E+03  5.082902E-06  5.147128E-07
   3.412500E+03  5.625096E-06  5.413548E-07
   3.427500E+03  5.190336E-06  5.199870E-07
   3.442500E+03  5.337935E-06  5.280520E-07
   3.457500E+03  5.558754E-06  5.382628E-07
   3.472500E+03  5.367955E-06  5.289147E-07
   3.487500E+03  5.611428E-06  5.407871E-07
   3.502500E+03  5.059568E-06  5.132677E-07
   3.517500E+03  5.391164E-06  5.300569E-07
   3.532500E+03  5.521261E-06  5.363064E-07
   3.547500E+03  5.860061E-06  5.529732E-07
   3.562500E+03  5.583977E-06  5.393941E-07
   3.577500E+03  5.713671E-06  5.457874E-07
   3.592500E+03  5.638841E-06  5.427341E-07
   3.607500E+03  5.548207E-06  5.377052E-07
   3.622500E+03  5.704467E-06  5.447376E-07
   3.637500E+03  5.936644E-06  5.564730E-07
   3.652500E+03  5.306872E-06  5.260348E-07
   3.667500E+03  5.795331E-06  5.496541E-07
   3.682500E+03  6.037242E-06  5.610813E-07
   3.697500E+03  5.968210E-06  5.578405E-07
   3.712500E+03  5.775887E-06  5.488195E-07
   3.727500E+03  5.764777E-06  5.482705E-07
   3.742500E+03  5.584081E-06  5.396499E-07
   3.757500E+03  5.711084E-06  5.457765E-07
   3.772500E+03  5.804327E-06  5.501930E-07
   3.787500E+03  5.701550E-06  5.452309E-07
   3.802500E+03  6.084135E-06  5.632349E-07
   3.817500E+03  6.282272E-06  5.722928E-07
   3.832500E+03  6.094184E-06  5.637651E-07
   3.847500E+03  5.839645E-06  5.518415E-07
   3.862500E+03  5.856474E-06  5.526606E-07
   3.877500E+03  5.800593E-06  5.499269E-07
   3.892500E+03  6.054652E-06  5.618890E-07
   3.907500E+03  6.175853E-06  5.675092E-07
   3.922500E+03  6.359292E-06  5.759627E-07
   3.937500E+03  6.424597E-06  5.788492E-07
   3.952500E+03  6.443563E-06  5.796384E-07
   3.967500E+03  6.175834E-06  5.675092E-07
   3.982500E+03  6.089385E-06  5.635011E-07
   3.997500E+03  6.466182E-06  5.806787E-07
   4.012500E+03  6.431417E-06  5.791144E-07
   4.027500E+03  6.093632E-06  5.637630E-07
   4.042500E+03  6.288031E-06  5.725569E-07
   4.057500E+03  6.302868E-06  5.733381E-07
   4.072500E+03  6.581612E-06  5.858607E-07
   4.087500E+03  6.379247E-06  5.767601E-07
   4.102500E+03  6.669085E-06  5.897208E-07
   4.117500E+03  6.691754E-06  5.907434E-07
   4.132500E+03  6.917307E-06  6.011427E-07
   4.147500E+03  6.865654E-06  5.983718E-07
   4.162500E+03  6.395617E-06  5.775418E-07
   4.177500E+03  6.905726E-06  6.001358E-07
   4.192500E+03  6.760285E-06  5.938025E-07
   4.207500E+03  6.656972E-06  5.892058E-07
   4.222500E+03  7.064813E-06  6.069092E-07
   4.237500E+03  6.803440E-06  5.960996E-07
   4.252500E+03  6.546815E-06  5.843103E-07
   4.267500E+03  6.756046E-06  5.935539E-07
   4.282500E+03  6.976288E-06  6.031551E-07
   4.297500E+03  6.704890E-06  5.917723E-07
   4.312500E+03  6.743911E-06  5.930422E-07
   4.327500E+03  7.121234E-06  6.098853E-07
   4.342500E+03  7.101682E-06  6.084098E-07
   4.357500E+03  6.899904E-06  5.998838E-07
   4.372500E+03  6.905736E-06  6.001358E-07
   4.387500E+03  7.417369E-06  6.219149E-07
   4.402500E+03  7.033227E-06  6.056525E-07
   4.417500E+03  7.051137E-06  6.064029E-07
   4.432500E+03  7.057988E-06  6.066561E-07
   4.447500E+03  6.989958E-06  6.036642E-07
   4.462500E+03  6.971019E-06  6.029064E-07
   4.477500E+03  7.603911E-06  6.296495E-07
   4.492500E+03  6.956204E-06  6.021636E-07
   4.507500E+03  7.381545E-06  6.204508E-07
   4.522500E+03  6.994211E-06  6.039086E-07
   4.537500E+03  7.411061E-06  6.216699E-07
   4.552500E+03  7.324114E-06  6.180113E-07
   4.567500E+03  7.452668E-06  6.233737E-07
   4.582500E+03  7.115958E-06  6.091431E-07
   4.597500E+03  7.750364E-06  6.356293E-07
   4.612500E+03  7.444813E-06  6.231234E-07
   4.627500E+03  7.798406E-06  6.377513E-07
   4.642500E+03  7.886415E-06  6.413009E-07
   4.657500E+03  7.197084E-06  6.126078E-07
   4.672500E+03  7.741458E-06  6.353802E-07
   4.687500E+03  7.572323E-06  6.289194E-07
   4.702500E+03  7.597587E-06  6.294075E-07
   4.717500E+03  7.736707E-06  6.351459E-07
   4.732500E+03  7.858455E-06  6.401249E-07
   4.747500E+03  7.537034E-06  6.269914E-07
   4.762500E+03  7.637649E-06  6.310847E-07
   4.777500E+03  7.705685E-06  6.339472E-07
   4.792500E+03  7.969098E-06  6.445984E-07
   4.807500E+03  8.033372E-06  6.471749E-07
   4.822500E+03  7.682476E-06  6.329926E-07
   4.837500E+03  7.685044E-06  6.330020E-07
   4.852500E+03  7.870039E-06  6.405971E-07
   4.867500E+03  8.097656E-06  6.497413E-07
   4.882500E+03  8.159861E-06  6.522901E-07
   4.897500E+03  7.789398E-06  6.372864E-07
   4.912500E+03  8.315884E-06  6.585162E-07
   4.927500E+03  7.712500E-06  6.341895E-07
   4.942500E+03  8.055018E-06  6.485696E-07
   4.957500E+03  8.349617E-06  6.603467E-07
   4.972500E+03  8.228916E-06  6.550636E-07
   4.987500E+03  8.412863E-06  6.624020E-07
   5.002501E+03  8.350144E-06  6.598904E-07
   5.017501E+03  8.100324E-06  6.499629E-07
   5.032501E+03  8.291635E-06  6.575937E-07
   5.047501E+03  8.490273E-06  6.653695E-07
   5.062501E+03  8.233673E-06  6.552907E-07
   5.077501E+03  8.778569E-06  6.766291E-07
   5.092501E+03  8.368022E-06  6.605791E-07
   5.107501E+03  8.423301E-06  6.626464E-07
   5.122501E+03  8.287374E-06  6.573692E-07
   5.137501E+03  8.454971E-06  6.640031E-07
   5.152501E+03  8.292160E-06  6.575955E-07
   5.167501E+03  8.872882E-06  6.801998E-07
   5.182501E+03  8.709004E-06  6.739427E-07
   5.197501E+03  8.693680E-06  6.732765E-07
   5.212501E+03  8.728473E-06  6.746224E-07
   5.227501E+03  9.087360E-06  6.883739E-07
   5.242501E+03  8.814387E-06  6.779719E-07
   5.257501E+03  9.080539E-06  6.881507E-07
   5.272501E+03  8.607758E-06  6.699036E-07
   5.287501E+03  8.489754E-06  6.653677E-07
   5.302501E+03  8.972966E-06  6.839728E-07
   5.317501E+03  8.869131E-06  6.799845E-07
   5.332501E+03  8.748031E-06  6.755058E-07
   5.347501E+03  8.790669E-06  6.770776E-07
   5.362501E+03  9.233297E-06  6.938458E-07
   5.377501E+03  9.202749E-06  6.927504E-07
   5.392501E+03  9.087367E-06  6.883739E-07
   5.407501E+03  9.341892E-06  6.979680E-07
   5.422501E+03  8.738501E-06  6.750651E-07
   5.437501E+03  8.853284E-06  6.793225E-07
   5.452501E+03  9.150591E-06  6.907836E-07
   5.467501E+03  9.339199E-06  6.977617E-07
   5.482501E+03  9.469418E-06  7.027168E-07
   5.497501E+03  9.203798E-06  6.927538E-07
   5.512501E+03  9.169424E-06  6.912454E-07
   5.527501E+03  9.643822E-06  7.091429E-07
   5.542501E+03  9.584839E-06  7.070045E-07
   5.557501E+03  9.303888E-06  6.964588E-07
   5.572501E+03  9.380396E-06  6.994757E-07
   5.587501E+03  9.307112E-06  6.966673E-07
   5.602501E+03  9.214348E-06  6.931867E-07
   5.617501E+03  9.885729E-06  7.180353E-07
   5.632501E+03  9.925218E-06  7.193124E-07
   5.647501E+03  9.510519E-06  7.042228E-07
   5.662501E+03  9.600129E-06  7.076389E-07
   5.677501E+03  9.860998E-06  7.171877E-07
   5.692501E+03  9.827248E-06  7.159252E-07
   5.707501E+03  9.797747E-06  7.148670E-07
   5.722501E+03  9.045208E-06  6.868297E-07
   5.737501E+03  9.640188E-06  7.091311E-07
   5.752501E+03  1.020251E-05  7.295161E-07
   5.767501E+03  9.536363E-06  7.052851E-07
   5.782501E+03  9.809348E-06  7.152898E-07
   5.797501E+03  1.005332E-05  7.241134E-07
   5.812501E+03  9.976932E-06  7.213910E-07
   5.827501E+03  9.953746E-06  7.205523E-07
   5.842501E+03  1.029576E-05  7.328257E-07
   5.857501E+03  1.001119E-05  7.226456E-07
   5.872501E+03  9.906852E-06  7.188703E-07
   5.887501E+03  1.026045E-05  7.315854E-07
   5.902501E+03  9.652288E-06  7.095590E-07
   5.917501E+03  1.024307E-05  7.309652E-07
   5.932501E+03  1.019090E-05  7.291016E-07
   5.947501E+03  1.022194E-05  7.301441E-07
   5.962501E+03  1.035373E-05  7.348856E-07
   5.977501E+03  1.061611E-05  7.440894E-07
   5.992501E+03  1.052184E-05  7.408270E-07
   6.007501E+03  1.002330E-05  7.230655E-07
   6.022501E+03  9.901565E-06  7.186617E-07
   6.037501E+03  1.043591E-05  7.377631E-07
   6.052501E+03  1.022038E-05  7.301391E-07
   6.067501E+03  1.090492E-05  7.541756E-07
   6.082501E+03  1.095762E-05  7.559790E-07
   6.097501E+03  1.012815E-05  7.268206E-07
   6.112501E+03  1.041116E-05  7.369382E-07
   6.127501E+03  1.070784E-05  7.473297E-07
   6.142501E+03  1.079480E-05  7.503577E-07
   6.157501E+03  1.075899E-05  7.491447E-07
   6.172501E+03  1.069781E-05  7.469298E-07
   6.187501E+03  1.040010E-05  7.365294E-07
   6.202501E+03  1.065514E-05  7.455054E-07
   6.217501E+03  1.090441E-05  7.541741E-07
   6.232501E+03  1.073631E-05  7.483388E-07
   6.247501E+03  1.135708E-05  7.696509E-07
   6.262501E+03  1.082325E-05  7.513627E-07
   6.277501E+03  1.085908E-05  7.525720E-07
   6.292501E+03  1.096342E-05  7.561789E-07
   6.307501E+03  1.072998E-05  7.481351E-07
   6.322501E+03  1.125170E-05  7.661043E-07
   6.337501E+03  1.092758E-05  7.553759E-07
   6.352501E+03  1.063723E-05  7.448952E-07
   6.367501E+03  1.120532E-05  7.645242E-07
   6.382501E+03  1.078795E-05  7.501530E-07
   6.397501E+03  1.072419E-05  7.483373E-07
   6.412501E+03  1.126329E-05  7.664988E-07
   6.427501E+03  1.118215E-05  7.637329E-07
   6.442501E+03  1.121693E-05  7.649195E-07
   6.457501E+03  1.164008E-05  7.792122E-07
   6.472501E+03  1.129807E-05  7.676812E-07
   6.487501E+03  1.094446E-05  7.555742E-07
   6.502501E+03  1.111837E-05  7.615526E-07
   6.517501E+03  1.103722E-05  7.587685E-07
   6.532501E+03  1.128647E-05  7.672873E-07
   6.547501E+03  1.104302E-05  7.589677E-07
   6.562501E+03  1.078793E-05  7.501530E-07
   6.577501E+03  1.129807E-05  7.676812E-07
   6.592501E+03  1.134444E-05  7.692549E-07
   6.607501E+03  1.147197E-05  7.735659E-07
   6.622501E+03  1.152414E-05  7.753226E-07
   6.637501E+03  1.157632E-05  7.770753E-07
   6.652501E+03  1.153574E-05  7.757124E-07
   6.667501E+03  1.163428E-05  7.790182E-07
   6.682501E+03  1.158262E-05  7.772714E-07
   6.697501E+03  1.181398E-05  7.850104E-07
   6.712501E+03  1.141980E-05  7.718052E-07
   6.727501E+03  1.183136E-05  7.855878E-07
   6.742501E+03  1.172704E-05  7.821167E-07
   6.757501E+03  1.147198E-05  7.735659E-07
   6.772501E+03  1.204058E-05  7.924861E-07
   6.787501E+03  1.216179E-05  7.964801E-07
   6.802501E+03  1.230093E-05  8.010219E-07
   6.817501E+03  1.164007E-05  7.792122E-07
   6.832501E+03  1.190093E-05  7.878935E-07
   6.847501E+03  1.133284E-05  7.688618E-07
   6.862501E+03  1.241105E-05  8.045994E-07
   6.877501E+03  1.153574E-05  7.757124E-07
   6.892501E+03  1.202266E-05  7.919122E-07
   6.907501E+03  1.166325E-05  7.799878E-07
   6.922501E+03  1.204586E-05  7.926753E-07
   6.937501E+03  1.204585E-05  7.926753E-07
   6.952501E+03  1.223187E-05  7.987557E-07
   6.967501E+03  1.204005E-05  7.924846E-07
   6.982501E+03  1.250961E-05  8.077868E-07
   6.997501E+03  1.220238E-05  7.978075E-07
   7.012501E+03  1.225454E-05  7.995109E-07
   7.027501E+03  1.243423E-05  8.053505E-07
   7.042501E+03  1.228351E-05  8.004556E-07
   7.057501E+03  1.201107E-05  7.915303E-07
   7.072501E+03  1.231830E-05  8.015879E-07
   7.087501E+03  1.253858E-05  8.087219E-07
   7.102501E+03  1.277625E-05  8.163492E-07
   7.117501E+03  1.244003E-05  8.055382E-07
   7.132501E+03  1.296754E-05  8.224368E-07
   7.147501E+03  1.238206E-05  8.036595E-07
   7.162501E+03  1.249220E-05  8.072253E-07
   7.177501E+03  1.249800E-05  8.074125E-07
   7.192501E+03  1.228932E-05  8.006444E-07
   7.207501E+03  1.242263E-05  8.049750E-07
   7.222501E+03  1.271247E-05  8.143099E-07
   7.237501E+03  1.288058E-05  8.196753E-07
   7.252501E+03  1.277625E-05  8.163492E-07
   7.267501E+03  1.243423E-05  8.053505E-07
   7.282501E+03  1.324579E-05  8.312119E-07
   7.297501E+03  1.244583E-05  8.057258E-07
   7.312501E+03  1.264292E-05  8.120793E-07
   7.327501E+03  1.268929E-05  8.135670E-07
   7.342501E+03  1.291537E-05  8.207810E-07
   7.357501E+03  1.344868E-05  8.375524E-07
   7.372501E+03  1.305451E-05  8.251891E-07
   7.387501E+03  1.313566E-05  8.277496E-07
   7.402501E+03  1.315304E-05  8.282972E-07
   7.417501E+03  1.278784E-05  8.167194E-07
   7.432501E+03  1.285740E-05  8.189374E-07
   7.447501E+03  1.265451E-05  8.124515E-07
   7.462501E+03  1.299073E-05  8.231717E-07
   7.477501E+03  1.271248E-05  8.143099E-07
   7.492501E+03  1.336173E-05  8.348409E-07
   7.507501E+03  1.325737E-05  8.315755E-07
   7.522501E+03  1.375590E-05  8.470633E-07
   7.537501E+03  1.298493E-05  8.229880E-07
   7.552501E+03  1.343129E-05  8.370108E-07
   7.567501E+03  1.332694E-05  8.337539E-07
   7.582501E+03  1.348925E-05  8.388147E-07
   7.597501E+03  1.353562E-05  8.402551E-07
   7.612501E+03  1.299652E-05  8.233553E-07
   7.627501E+03  1.347766E-05  8.384542E-07
   7.642501E+03  1.332115E-05  8.335726E-07
   7.657501E+03  1.340810E-05  8.362881E-07
   7.672501E+03  1.290376E-05  8.204126E-07
   7.687501E+03  1.397619E-05  8.538171E-07
   7.702501E+03  1.435878E-05  8.654222E-07
   7.717501E+03  1.395299E-05  8.531087E-07
   7.732501E+03  1.343128E-05  8.370108E-07
   7.747501E+03  1.394139E-05  8.527543E-07
   7.762501E+03  1.362257E-05  8.429491E-07
   7.777501E+03  1.323419E-05  8.308481E-07
   7.792501E+03  1.375590E-05  8.470633E-07
   7.807501E+03  1.352403E-05  8.398952E-07
   7.822501E+03  1.390663E-05  8.516901E-07
   7.837501E+03  1.345448E-05  8.377328E-07
   7.852501E+03  1.344866E-05  8.375524E-07
   7.867501E+03  1.332693E-05  8.337539E-07
   7.882501E+03  1.402256E-05  8.552322E-07
   7.897501E+03  1.381388E-05  8.488458E-07
   7.912501E+03  1.433557E-05  8.647233E-07
   7.927501E+03  1.389502E-05  8.513351E-07
   7.942501E+03  1.421965E-05  8.612203E-07
   7.957501E+03  1.409792E-05  8.575267E-07
   7.972501E+03  1.368634E-05  8.449192E-07
   7.987501E+03  1.477614E-05  8.779071E-07
   8.002501E+03  1.390082E-05  8.515126E-07
   8.017501E+03  1.398776E-05  8.541711E-07
   8.032501E+03  1.471238E-05  8.760112E-07
   8.047501E+03  1.430080E-05  8.636739E-07
   8.062501E+03  1.415008E-05  8.591116E-07
   8.077501E+03  1.387183E-05  8.506246E-07
   8.092501E+03  1.437037E-05  8.657714E-07
   8.107501E+03  1.387183E-05  8.506246E-07
   8.122501E+03  1.364576E-05  8.436660E-07
   8.137501E+03  1.426602E-05  8.626232E-07
   8.152501E+03  1.456166E-05  8.715136E-07
   8.167501E+03  1.459644E-05  8.725536E-07
   8.182501E+03  1.438196E-05  8.661205E-07
   8.197501E+03  1.430080E-05  8.636739E-07
   8.212501E+03  1.377909E-05  8.477767E-07
   8.227501E+03  1.432399E-05  8.643736E-07
   8.242501E+03  1.457905E-05  8.720338E-07
   8.257501E+03  1.438776E-05  8.662950E-07
   8.272501E+03  1.490366E-05  8.816867E-07
   8.287501E+03  1.415008E-05  8.591116E-07
   8.302501E+03  1.441095E-05  8.669926E-07
   8.317501E+03  1.447471E-05  8.689082E-07
   8.332501E+03  1.467759E-05  8.749754E-07
   8.347501E+03  1.409792E-05  8.575267E-07
   8.362501E+03  1.447471E-05  8.689082E-07
   8.377501E+03  1.461962E-05  8.732462E-07
   8.392501E+03  1.430080E-05  8.636739E-07
   8.407501E+03  1.468919E-05  8.753208E-07
   8.422501E+03  1.467760E-05  8.749754E-07
   8.437501E+03  1.508337E-05  8.869851E-07
   8.452501E+03  1.449789E-05  8.696038E-07
   8.467501E+03  1.450370E-05  8.697776E-07
   8.482501E+03  1.483411E-05  8.796271E-07
   8.497501E+03  1.485150E-05  8.801425E-07
   8.512501E+03  1.466600E-05  8.746298E-07
   8.527501E+03  1.428341E-05  8.631487E-07
   8.542501E+03  1.461962E-05  8.732462E-07
   8.557501E+03  1.459063E-05  8.723803E-07
   8.572501E+03  1.484570E-05  8.799707E-07
   8.587501E+03  1.477614E-05  8.779071E-07
   8.602501E+03  1.449789E-05  8.696038E-07
   8.617501E+03  1.485730E-05  8.803142E-07
   8.632501E+03  1.487469E-05  8.808291E-07
   8.647501E+03  1.551233E-05  8.995065E-07
   8.662501E+03  1.461964E-05  8.732462E-07
   8.677501E+03  1.490367E-05  8.816867E-07
   8.692501E+03  1.517612E-05  8.897074E-07
   8.707501E+03  1.510656E-05  8.876664E-07
   8.722501E+03  1.461962E-05  8.732462E-07
   8.737501E+03  1.471237E-05  8.760112E-07
   8.752501E+03  1.482251E-05  8.792834E-07
   8.767501E+03  1.472976E-05  8.765287E-07
   8.782501E+03  1.514713E-05  8.888575E-07
   8.797501E+03  1.469497E-05  8.754935E-07
   8.812501E+03  1.526887E-05  8.924213E-07
   8.827501E+03  1.501380E-05  8.849378E-07
   8.842501E+03  1.518772E-05  8.900471E-07
   8.857501E+03  1.529785E-05  8.932678E-07
   8.872501E+03  1.534422E-05  8.946204E-07
   8.887501E+03  1.553552E-05  9.001784E-07
   8.902501E+03  1.558189E-05  9.015206E-07
   8.917501E+03  1.507757E-05  8.868146E-07
   8.932501E+03  1.519930E-05  8.903866E-07
   8.947501E+03  1.499641E-05  8.844253E-07
   8.962501E+03  1.534422E-05  8.946204E-07
   8.977501E+03  1.522829E-05  8.912350E-07
   8.992501E+03  1.591231E-05  9.110268E-07
   9.007501E+03  1.524568E-05  8.917436E-07
   9.022501E+03  1.533842E-05  8.944514E-07
   9.037501E+03  1.592970E-05  9.115243E-07
   9.052501E+03  1.540219E-05  8.963083E-07
   9.067501E+03  1.496163E-05  8.833993E-07
   9.082501E+03  1.532684E-05  8.941134E-07
   9.097501E+03  1.497902E-05  8.839125E-07
   9.112501E+03  1.544858E-05  8.976563E-07
   9.127501E+03  1.562247E-05  9.026934E-07
   9.142501E+03  1.580796E-05  9.080356E-07
   9.157501E+03  1.575580E-05  9.065363E-07
   9.172501E+03  1.487468E-05  8.808291E-07
   9.187501E+03  1.556451E-05  9.010175E-07
   9.202501E+03  1.529205E-05  8.930985E-07
   9.217501E+03  1.608042E-05  9.158253E-07
   9.232501E+03  1.520509E-05  8.905564E-07
   9.247501E+03  1.569203E-05  9.047004E-07
   9.262501E+03  1.560508E-05  9.021910E-07
   9.277501E+03  1.516452E-05  8.893675E-07
   9.292501E+03  1.548914E-05  8.988342E-07
   9.307501E+03  1.549494E-05  8.990023E-07
   9.322501E+03  1.575000E-05  9.063696E-07
   9.337501E+03  1.537900E-05  8.956335E-07
   9.352501E+03  1.559928E-05  9.020234E-07
   9.367501E+03  1.613259E-05  9.173094E-07
   9.382501E+03  1.554711E-05  9.005141E-07
   9.397501E+03  1.528045E-05  8.927600E-07
   9.412501E+03  1.647460E-05  9.269796E-07
   9.427501E+03  1.565146E-05  9.035302E-07
   9.442501E+03  1.583115E-05  9.087011E-07
   9.457501E+03  1.529205E-05  8.930985E-07
   9.472501E+03  1.571522E-05  9.053685E-07
   9.487501E+03  1.555290E-05  9.006820E-07
   9.502501E+03  1.581956E-05  9.083684E-07
   9.517501E+03  1.568044E-05  9.043663E-07
   9.532501E+03  1.551233E-05  8.995065E-07
   9.547501E+03  1.624852E-05  9.205988E-07
   9.562501E+03  1.546595E-05  8.981613E-07
   9.577501E+03  1.583695E-05  9.088675E-07
   9.592501E+03  1.568043E-05  9.043663E-07
   9.607501E+03  1.538480E-05  8.958022E-07
   9.622501E+03  1.575000E-05  9.063696E-07
   9.637501E+03  1.569203E-05  9.047004E-07
   9.652501E+03  1.585434E-05  9.093662E-07
   9.667501E+03  1.608621E-05  9.159903E-07
   9.682501E+03  1.535581E-05  8.949582E-07
   9.697501E+03  1.572101E-05  9.055354E-07
   9.712501E+03  1.630070E-05  9.220752E-07
   9.727501E+03  1.601666E-05  9.140081E-07
   9.742501E+03  1.603404E-05  9.145041E-07
   9.757501E+03  1.573840E-05  9.060360E-07
   9.772501E+03  1.633548E-05  9.230582E-07
   9.787501E+03  1.584275E-05  9.090337E-07
   9.802501E+03  1.561667E-05  9.025260E-07
   9.817501E+03  1.576739E-05  9.068697E-07
   9.832501E+03  1.576159E-05  9.067030E-07
   9.847501E+03  1.536161E-05  8.951271E-07
   9.862501E+03  1.617896E-05  9.186266E-07
   9.877501E+03  1.566305E-05  9.038647E-07
   9.892501E+03  1.581376E-05  9.082020E-07
   9.907501E+03  1.611520E-05  9.168150E-07
   9.922501E+03  1.594709E-05  9.120216E-07
   9.937501E+03  1.585434E-05  9.093662E-07
   9.952501E+03  1.638185E-05  9.243672E-07
   9.967501E+03  1.614418E-05  9.176389E-07
   9.982501E+03  1.611520E-05  9.168150E-07
   9.997501E+03  1.624853E-05  9.205988E-07
   1.001250E+04  1.572101E-05  9.055354E-07
   1.002750E+04  1.591230E-05  9.110268E-07
   1.004250E+04  1.551232E-05  8.995065E-07
   1.005750E+04  1.621954E-05  9.197776E-07
   1.007250E+04  1.586014E-05  9.095324E-07
   1.008750E+04  1.602824E-05  9.143388E-07
   1.010250E+04  1.642823E-05  9.256743E-07
   1.011750E+04  1.591810E-05  9.111926E-07
   1.013250E+04  1.624272E-05  9.204346E-07
   1.014750E+04  1.617896E-05  9.186266E-07
   1.016250E+04  1.521668E-05  8.908957E-07
   1.017750E+04  1.546595E-05  8.981613E-07
   1.019250E+04  1.614418E-05  9.176389E-07
   1.020750E+04  1.616157E-05  9.181329E-07
   1.022250E+04  1.584854E-05  9.092000E-07
   1.023750E+04  1.646300E-05  9.266534E-07
   1.025250E+04  1.549493E-05  8.990023E-07
   1.026750E+04  1.646300E-05  9.266534E-07
   1.028250E+04  1.569202E-05  9.047004E-07
   1.029750E+04  1.577319E-05  9.070363E-07
   1.031250E+04  1.580217E-05  9.078691E-07
   1.032750E+04  1.668328E-05  9.328307E-07
   1.034250E+04  1.603403E-05  9.145041E-07
   1.035750E+04  1.562826E-05  9.028609E-07
   1.037250E+04  1.634127E-05  9.232219E-07
   1.038750E+04  1.567463E-05  9.041991E-07
   1.040250E+04  1.645142E-05  9.263272E-07
   1.041750E+04  1.587173E-05  9.098647E-07
   1.043250E+04  1.631808E-05  9.225668E-07
   1.044750E+04  1.591810E-05  9.111926E-07
   1.046250E+04  1.603983E-05  9.146693E-07
   1.047750E+04  1.600505E-05  9.136774E-07
   1.049250E+04  1.551232E-05  8.995065E-07
   1.050750E+04  1.580216E-05  9.078691E-07
   1.052250E+04  1.575579E-05  9.065363E-07
   1.053750E+04  1.562827E-05  9.028609E-07
   1.055250E+04  1.594129E-05  9.118559E-07
   1.056750E+04  1.657894E-05  9.299098E-07
   1.058250E+04  1.602824E-05  9.143388E-07
   1.059750E+04  1.588912E-05  9.103629E-07
   1.061250E+04  1.603983E-05  9.146693E-07
   1.062750E+04  1.599346E-05  9.133464E-07
   1.064250E+04  1.567463E-05  9.041991E-07
   1.065750E+04  1.587173E-05  9.098647E-07
   1.067250E+04  1.586013E-05  9.095324E-07
   1.068750E+04  1.551232E-05  8.995065E-07
   1.070250E+04  1.568043E-05  9.043663E-07
   1.071750E+04  1.592969E-05  9.115243E-07
   1.073250E+04  1.553551E-05  9.001784E-07
   1.074750E+04  1.571521E-05  9.053685E-07
   1.076250E+04  1.615577E-05  9.179682E-07
   1.077750E+04  1.643981E-05  9.260008E-07
   1.079250E+04  1.574419E-05  9.062028E-07
   1.080750E+04  1.573260E-05  9.058691E-07
   1.082250E+04  1.610940E-05  9.166501E-07
   1.083750E+04  1.549493E-05  8.990023E-07
   1.085250E+04  1.597607E-05  9.128499E-07
   1.086750E+04  1.579636E-05  9.077026E-07
   1.088250E+04  1.591810E-05  9.111926E-07
   1.089750E+04  1.578477E-05  9.073695E-07
   1.091250E+04  1.586593E-05  9.096986E-07
   1.092750E+04  1.554710E-05  9.005141E-07
   1.094250E+04  1.512393E-05  8.881771E-07
   1.095750E+04  1.605722E-05  9.151649E-07
   1.097250E+04  1.588912E-05  9.103629E-07
   1.098750E+04  1.609780E-05  9.163203E-07
   1.100250E+04  1.566883E-05  9.040319E-07
   1.101750E+04  1.594129E-05  9.118559E-07
   1.103250E+04  1.594708E-05  9.120216E-07
   1.104750E+04  1.583115E-05  9.087011E-07
   1.106250E+04  1.509495E-05  8.873258E-07
   1.107750E+04  1.564565E-05  9.033629E-07
   1.109250E+04  1.535580E-05  8.949582E-07
   1.110750E+04  1.588911E-05  9.103629E-07
   1.112250E+04  1.601665E-05  9.140081E-07
   1.113750E+04  1.583115E-05  9.087011E-07
   1.115250E+04  1.562826E-05  9.028609E-07
   1.116750E+04  1.515872E-05  8.891976E-07
   1.118250E+04  1.579636E-05  9.077026E-07
   1.119750E+04  1.576738E-05  9.068697E-07
   1.121250E+04  1.577318E-05  9.070363E-07
   1.122750E+04  1.533841E-05  8.944514E-07
   1.124250E+04  1.479931E-05  8.785955E-07
   1.125750E+04  1.579057E-05  9.075361E-07
   1.127250E+04  1.519349E-05  8.902169E-07
   1.128750E+04  1.617316E-05  9.184620E-07
   1.130250E+04  1.610940E-05  9.166501E-07
   1.131750E+04  1.551232E-05  8.995065E-07
   1.133250E+04  1.537320E-05  8.954647E-07
   1.134750E+04  1.569202E-05  9.047004E-07
   1.136250E+04  1.557029E-05  9.011853E-07
   1.137750E+04  1.510075E-05  8.874961E-07
   1.139250E+04  1.568622E-05  9.045334E-07
   1.140750E+04  1.542537E-05  8.969825E-07
   1.142250E+04  1.538479E-05  8.958022E-07
   1.143750E+04  1.537899E-05  8.956335E-07
   1.145250E+04  1.565724E-05  9.036975E-07
   1.146750E+04  1.517610E-05  8.897074E-07
   1.148250E+04  1.518769E-05  8.900471E-07
   1.149750E+04  1.471815E-05  8.761838E-07
   1.151250E+04  1.525147E-05  8.919131E-07
   1.152750E+04  1.481090E-05  8.789395E-07
   1.154250E+04  1.508915E-05  8.871555E-07
   1.155750E+04  1.546015E-05  8.979930E-07
   1.157250E+04  1.475293E-05  8.772182E-07
   1.158750E+04  1.537899E-05  8.956335E-07
   1.160250E+04  1.475293E-05  8.772182E-07
   1.161750E+04  1.535580E-05  8.949582E-07
   1.163250E+04  1.486307E-05  8.804859E-07
   1.164750E+04  1.498481E-05  8.840834E-07
   1.166250E+04  1.512973E-05  8.883473E-07
   1.167750E+04  1.503698E-05  8.856208E-07
   1.169250E+04  1.484568E-05  8.799707E-07
   1.170750E+04  1.552971E-05  9.000105E-07
   1.172250E+04  1.532102E-05  8.939443E-07
   1.173750E+04  1.515291E-05  8.890276E-07
   1.175250E+04  1.508915E-05  8.871555E-07
   1.176750E+04  1.524566E-05  8.917436E-07
   1.178250E+04  1.502539E-05  8.852794E-07
   1.179750E+04  1.478771E-05  8.782514E-07
   1.181250E+04  1.482249E-05  8.792834E-07
   1.182750E+04  1.481670E-05  8.791115E-07
   1.184250E+04  1.491525E-05  8.820295E-07
   1.185750E+04  1.470656E-05  8.758387E-07
   1.187250E+04  1.478192E-05  8.780793E-07
   1.188750E+04  1.477033E-05  8.777349E-07
   1.190250E+04  1.521089E-05  8.907261E-07
   1.191750E+04  1.492684E-05  8.823721E-07
   1.193250E+04  1.526305E-05  8.922519E-07
   1.194750E+04  1.509495E-05  8.873258E-07
   1.196250E+04  1.491524E-05  8.820295E-07
   1.197750E+04  1.501379E-05  8.849378E-07
   1.199250E+04  1.457323E-05  8.718604E-07
   1.200750E+04  1.413847E-05  8.587597E-07
   1.202250E+04  1.533261E-05  8.942824E-07
   1.203750E+04  1.468337E-05  8.751481E-07
   1.205250E+04  1.421383E-05  8.610448E-07
   1.206750E+04  1.441672E-05  8.671670E-07
   1.208250E+04  1.475293E-05  8.772182E-07
   1.209750E+04  1.508915E-05  8.871555E-07
   1.211250E+04  1.445150E-05  8.682121E-07
   1.212750E+04  1.438773E-05  8.662950E-07
   1.214250E+04  1.472395E-05  8.763563E-07
   1.215750E+04  1.434136E-05  8.648981E-07
   1.217250E+04  1.417905E-05  8.599909E-07
   1.218750E+04  1.430078E-05  8.636739E-07
   1.220250E+04  1.395297E-05  8.531087E-07
   1.221750E+04  1.379066E-05  8.481333E-07
   1.223250E+04  1.433556E-05  8.647233E-07
   1.224750E+04  1.414427E-05  8.589357E-07
   1.226250E+04  1.423122E-05  8.615712E-07
   1.227750E+04  1.408630E-05  8.571741E-07
   1.229250E+04  1.410369E-05  8.577030E-07
   1.230750E+04  1.445729E-05  8.683862E-07
   1.232250E+04  1.373269E-05  8.463492E-07
   1.233750E+04  1.406891E-05  8.566449E-07
   1.235250E+04  1.367472E-05  8.445614E-07
   1.236750E+04  1.426020E-05  8.624480E-07
   1.238250E+04  1.405731E-05  8.562920E-07
   1.239750E+04  1.377327E-05  8.475984E-07
   1.241250E+04  1.334431E-05  8.342976E-07
   1.242750E+04  1.390080E-05  8.515126E-07
   1.244250E+04  1.413267E-05  8.585836E-07
   1.245750E+04  1.370371E-05  8.454558E-07
   1.247250E+04  1.373269E-05  8.463492E-07
   1.248750E+04  1.332111E-05  8.335726E-07
   1.250250E+04  1.422542E-05  8.613958E-07
   1.251750E+04  1.333271E-05  8.339352E-07
   1.253250E+04  1.340807E-05  8.362881E-07
   1.254750E+04  1.384283E-05  8.497357E-07
   1.256250E+04  1.297330E-05  8.226206E-07
   1.257750E+04  1.343125E-05  8.370108E-07
   1.259250E+04  1.385443E-05  8.500914E-07
   1.260750E+04  1.280520E-05  8.172745E-07
   1.262250E+04  1.352980E-05  8.400752E-07
   1.263750E+04  1.355879E-05  8.409743E-07
   1.265250E+04  1.366313E-05  8.442034E-07
   1.266750E+04  1.344865E-05  8.375524E-07
   1.268250E+04  1.314721E-05  8.281147E-07
   1.269750E+04  1.325735E-05  8.315755E-07
   1.271250E+04  1.330373E-05  8.330284E-07
   1.272750E+04  1.297910E-05  8.228043E-07
   1.274250E+04  1.324576E-05  8.312119E-07
   1.275750E+04  1.317040E-05  8.288445E-07
   1.277250E+04  1.327474E-05  8.321206E-07
   1.278750E+04  1.316460E-05  8.286621E-07
   1.280250E+04  1.249796E-05  8.074125E-07
   1.281750E+04  1.269506E-05  8.137528E-07
   1.283250E+04  1.377906E-05  8.477767E-07
   1.284750E+04  1.268926E-05  8.135670E-07
   1.286250E+04  1.301968E-05  8.240893E-07
   1.287750E+04  1.317040E-05  8.288445E-07
   1.289250E+04  1.290374E-05  8.204126E-07
   1.290750E+04  1.266028E-05  8.126375E-07
   1.292250E+04  1.233565E-05  8.021534E-07
   1.293750E+04  1.274143E-05  8.152375E-07
   1.295250E+04  1.237623E-05  8.034714E-07
   1.296750E+04  1.223131E-05  7.987542E-07
   1.298250E+04  1.246318E-05  8.062884E-07
   1.299750E+04  1.249796E-05  8.074125E-07
   1.301250E+04  1.274143E-05  8.152375E-07
   1.302750E+04  1.295012E-05  8.218853E-07
   1.304250E+04  1.266028E-05  8.126375E-07
   1.305750E+04  1.205161E-05  7.928660E-07
   1.307250E+04  1.224870E-05  7.993218E-07
   1.308750E+04  1.241101E-05  8.045994E-07
   1.310250E+04  1.246898E-05  8.064759E-07
   1.311750E+04  1.241101E-05  8.045994E-07
   1.313250E+04  1.273564E-05  8.150520E-07
   1.314750E+04  1.232406E-05  8.017764E-07
   1.316250E+04  1.231247E-05  8.013993E-07
   1.317750E+04  1.214436E-05  7.959105E-07
   1.319250E+04  1.231826E-05  8.015879E-07
   1.320750E+04  1.217334E-05  7.968596E-07
   1.322250E+04  1.195886E-05  7.898097E-07
   1.323750E+04  1.181974E-05  7.852029E-07
   1.325250E+04  1.190089E-05  7.878935E-07
   1.326750E+04  1.199944E-05  7.911483E-07
   1.328250E+04  1.170960E-05  7.815366E-07
   1.329750E+04  1.161105E-05  7.782416E-07
   1.331250E+04  1.162844E-05  7.788241E-07
   1.332750E+04  1.204002E-05  7.924846E-07
   1.334250E+04  1.151250E-05  7.749326E-07
   1.335750E+04  1.119947E-05  7.643264E-07
   1.337250E+04  1.134440E-05  7.692549E-07
   1.338750E+04  1.166902E-05  7.801815E-07
   1.340250E+04  1.129802E-05  7.676812E-07
   1.341750E+04  1.118208E-05  7.637329E-07
   1.343250E+04  1.118208E-05  7.637329E-07
   1.344750E+04  1.139657E-05  7.710214E-07
   1.346250E+04  1.141975E-05  7.718052E-07
   1.347750E+04  1.147193E-05  7.735659E-07
   1.349250E+04  1.147772E-05  7.737613E-07
   1.350750E+04  1.155308E-05  7.762968E-07
   1.352250E+04  1.063139E-05  7.446922E-07
   1.353750E+04  1.103716E-05  7.587685E-07
   1.355250E+04  1.096760E-05  7.563741E-07
   1.356750E+04  1.097920E-05  7.567737E-07
   1.358250E+04  1.130382E-05  7.678781E-07
   1.359750E+04  1.106615E-05  7.597640E-07
   1.361250E+04  1.107194E-05  7.599629E-07
   1.362750E+04  1.064878E-05  7.453010E-07
   1.364250E+04  1.050386E-05  7.402129E-07
   1.365750E+04  1.086906E-05  7.529689E-07
   1.367250E+04  1.043429E-05  7.377582E-07
   1.368750E+04  1.103716E-05  7.587685E-07
   1.370250E+04  1.086326E-05  7.527681E-07
   1.371750E+04  1.097920E-05  7.567737E-07
   1.373250E+04  1.112412E-05  7.617510E-07
   1.374750E+04  1.097920E-05  7.567737E-07
   1.376250E+04  1.060820E-05  7.438798E-07
   1.377750E+04  1.020822E-05  7.297233E-07
   1.379250E+04  1.070674E-05  7.473265E-07
   1.380750E+04  1.053864E-05  7.414373E-07
   1.382250E+04  1.067776E-05  7.463144E-07
   1.383750E+04  1.008069E-05  7.251515E-07
   1.385250E+04  1.026039E-05  7.315854E-07
   1.386750E+04  1.023720E-05  7.307584E-07
   1.388250E+04  1.038792E-05  7.361172E-07
   1.389750E+04  1.043429E-05  7.377582E-07
   1.391250E+04  1.017923E-05  7.286868E-07
   1.392750E+04  1.033575E-05  7.342666E-07
   1.394250E+04  1.030097E-05  7.330303E-07
   1.395750E+04  1.021401E-05  7.299304E-07
   1.397250E+04  9.941563E-06  7.201309E-07
   1.398750E+04  1.044589E-05  7.381679E-07
   1.400250E+04  9.808236E-06  7.152865E-07
   1.401750E+04  9.889391E-06  7.182392E-07
   1.403250E+04  9.790845E-06  7.146522E-07
   1.404750E+04  9.796642E-06  7.148637E-07
   1.406250E+04  9.732877E-06  7.125337E-07
   1.407750E+04  1.020822E-05  7.297233E-07
   1.409250E+04  9.883595E-06  7.180287E-07
   1.410750E+04  1.020822E-05  7.297233E-07
   1.412250E+04  9.935766E-06  7.199210E-07
   1.413750E+04  9.338693E-06  6.979578E-07
   1.415250E+04  9.535785E-06  7.052834E-07
   1.416750E+04  9.709690E-06  7.116846E-07
   1.418250E+04  9.066242E-06  6.877026E-07
   1.419750E+04  9.767658E-06  7.138056E-07
   1.421250E+04  9.680706E-06  7.106218E-07
   1.422750E+04  9.779252E-06  7.142290E-07
   1.424250E+04  9.460426E-06  7.024915E-07
   1.425750E+04  9.808236E-06  7.152865E-07
   1.427250E+04  9.651721E-06  7.095573E-07
   1.428750E+04  9.669112E-06  7.101962E-07
   1.430250E+04  9.477817E-06  7.031368E-07
   1.431750E+04  9.274927E-06  6.955712E-07
   1.433250E+04  9.373474E-06  6.992561E-07
   1.434750E+04  9.460426E-06  7.024915E-07
   1.436250E+04  9.211162E-06  6.931764E-07
   1.437750E+04  9.048851E-06  6.870428E-07
   1.439250E+04  9.292318E-06  6.962229E-07
   1.440750E+04  9.101023E-06  6.890202E-07
   1.442250E+04  9.002476E-06  6.852802E-07
   1.443750E+04  9.019867E-06  6.859417E-07
   1.445250E+04  8.672057E-06  6.725884E-07
   1.446750E+04  9.043054E-06  6.868227E-07
   1.448250E+04  8.956102E-06  6.835131E-07
   1.449750E+04  9.425645E-06  7.011991E-07
   1.451250E+04  9.257538E-06  6.949189E-07
   1.452750E+04  8.480762E-06  6.651297E-07
   1.454250E+04  8.695245E-06  6.734868E-07
   1.455750E+04  9.019867E-06  6.859417E-07
   1.457250E+04  8.811181E-06  6.779613E-07
   1.458750E+04  8.764806E-06  6.761750E-07
   1.460250E+04  9.205366E-06  6.929582E-07
   1.461750E+04  8.874946E-06  6.804097E-07
   1.463250E+04  9.286521E-06  6.960057E-07
   1.464750E+04  9.054648E-06  6.872628E-07
   1.466250E+04  9.106819E-06  6.892396E-07
   1.467750E+04  8.741619E-06  6.752802E-07
   1.469250E+04  8.787994E-06  6.770687E-07
   1.470750E+04  8.660464E-06  6.721387E-07
   1.472250E+04  8.805384E-06  6.777383E-07
   1.473750E+04  8.712635E-06  6.741599E-07
   1.475250E+04  8.886540E-06  6.808539E-07
   1.476750E+04  8.898134E-06  6.812978E-07
   1.478250E+04  8.793791E-06  6.772920E-07
   1.479750E+04  8.840165E-06  6.790753E-07
   1.481250E+04  8.741619E-06  6.752802E-07
   1.482750E+04  9.106819E-06  6.892396E-07
   1.484250E+04  9.240147E-06  6.942659E-07
   1.485750E+04  8.950305E-06  6.832919E-07
   1.487250E+04  9.373474E-06  6.992561E-07
   1.488750E+04  9.251740E-06  6.947013E-07
   1.490250E+04  9.605347E-06  7.078509E-07
   1.491750E+04  9.518394E-06  7.046401E-07
   1.493250E+04  1.126904E-05  7.666960E-07
   1.494750E+04  1.106615E-05  7.597640E-07
   1.496250E+04  8.787994E-06  6.770687E-07
   1.497750E+04  7.993828E-06  6.457552E-07
   1.499250E+04  3.805039E-05  1.408549E-06
