 #  Results from PENEPMA.
 #  Probability of emission of bremmstrahlung photons.
 #  1st column: E (eV).
 #  2nd and 3rd columns: probability density and STU (1/(eV*sr*electron)).

   6.750001E+01  1.071095E-06  4.656444E-09
   8.250001E+01  8.134273E-07  3.887622E-09
   9.750001E+01  6.541758E-07  2.897405E-09
   1.125000E+02  5.514950E-07  2.622509E-09
   1.275000E+02  4.765654E-07  2.388522E-09
   1.425000E+02  4.188224E-07  2.196415E-09
   1.575000E+02  3.728477E-07  2.017752E-09
   1.725000E+02  3.353369E-07  1.811274E-09
   1.875000E+02  3.049510E-07  1.700337E-09
   2.025000E+02  2.808646E-07  1.764581E-09
   2.175000E+02  2.578273E-07  1.488417E-09
   2.325000E+02  2.392850E-07  1.441622E-09
   2.475000E+02  2.224617E-07  1.344098E-09
   2.625000E+02  2.088034E-07  1.367580E-09
   2.775000E+02  1.960609E-07  1.259943E-09
   2.925000E+02  1.848116E-07  1.207113E-09
   3.075000E+02  1.742344E-07  1.083687E-09
   3.225000E+02  1.651356E-07  1.000401E-09
   3.375000E+02  1.568657E-07  9.736797E-10
   3.525000E+02  1.495514E-07  9.390210E-10
   3.675000E+02  1.432175E-07  9.756626E-10
   3.825000E+02  1.362333E-07  7.729247E-10
   3.975000E+02  1.305884E-07  7.797144E-10
   4.125000E+02  1.255753E-07  7.964137E-10
   4.275000E+02  1.206702E-07  7.444691E-10
   4.425000E+02  1.163376E-07  7.916441E-10
   4.575000E+02  1.115899E-07  6.287071E-10
   4.725000E+02  1.075673E-07  5.887742E-10
   4.875000E+02  1.037174E-07  5.593717E-10
   5.025001E+02  1.005050E-07  5.965461E-10
   5.175001E+02  9.719045E-08  5.119220E-10
   5.325001E+02  9.405709E-08  5.382885E-10
   5.475001E+02  9.126966E-08  4.762559E-10
   5.625001E+02  8.834955E-08  4.574375E-10
   5.775001E+02  8.622191E-08  4.875580E-10
   5.925001E+02  8.351174E-08  4.359743E-10
   6.075001E+02  8.095883E-08  3.775599E-10
   6.225001E+02  7.891799E-08  3.545516E-10
   6.375001E+02  7.681142E-08  4.295560E-10
   6.525001E+02  7.519356E-08  4.620539E-10
   6.675001E+02  7.290590E-08  3.249949E-10
   6.825001E+02  7.135338E-08  4.244181E-10
   6.975001E+02  6.962657E-08  4.226895E-10
   7.125001E+02  6.785033E-08  3.832185E-10
   7.275001E+02  6.620150E-08  3.611047E-10
   7.425001E+02  6.484325E-08  3.596702E-10
   7.575001E+02  6.329250E-08  2.871436E-10
   7.725001E+02  6.185126E-08  3.105047E-10
   7.875001E+02  6.045763E-08  2.549331E-10
   8.025001E+02  5.939532E-08  3.072231E-10
   8.175001E+02  5.813573E-08  3.516148E-10
   8.325001E+02  5.687068E-08  2.778303E-10
   8.475001E+02  5.594609E-08  3.901185E-10
   8.625001E+02  5.453849E-08  2.450760E-10
   8.775001E+02  5.362419E-08  3.236732E-10
   8.925001E+02  5.258736E-08  2.081465E-10
   9.075001E+02  5.156611E-08  2.400458E-10
   9.225001E+02  5.061378E-08  2.683556E-10
   9.375001E+02  4.985792E-08  3.418062E-10
   9.525001E+02  4.898753E-08  3.177050E-10
   9.675001E+02  4.791535E-08  2.640348E-10
   9.825001E+02  4.706339E-08  2.901089E-10
   9.975001E+02  4.640634E-08  3.142994E-10
   1.012500E+03  4.541875E-08  2.601893E-10
   1.027500E+03  4.484316E-08  3.123427E-10
   1.042500E+03  4.394920E-08  2.578085E-10
   1.057500E+03  4.323124E-08  2.252451E-10
   1.072500E+03  4.269599E-08  3.094071E-10
   1.087500E+03  4.179883E-08  1.855135E-10
   1.102500E+03  4.121872E-08  2.214823E-10
   1.117500E+03  4.049515E-08  2.201850E-10
   1.132500E+03  3.985504E-08  1.811246E-10
   1.147500E+03  3.930228E-08  2.179107E-10
   1.162500E+03  3.866664E-08  1.784102E-10
   1.177500E+03  3.817363E-08  1.772380E-10
   1.192500E+03  3.756152E-08  2.146078E-10
   1.207500E+03  3.705731E-08  2.755736E-10
   1.222500E+03  3.661037E-08  2.458017E-10
   1.237500E+03  3.602536E-08  1.721039E-10
   1.252500E+03  3.552971E-08  1.709803E-10
   1.267500E+03  3.501578E-08  2.096339E-10
   1.282500E+03  3.452802E-08  2.423159E-10
   1.297500E+03  3.403235E-08  1.673383E-10
   1.312500E+03  3.350215E-08  1.660088E-10
   1.327500E+03  3.319498E-08  2.060358E-10
   1.342500E+03  3.283475E-08  2.393839E-10
   1.357500E+03  3.223115E-08  1.627664E-10
   1.372500E+03  3.183905E-08  1.618392E-10
   1.387500E+03  3.149200E-08  1.609329E-10
   1.402500E+03  3.097893E-08  1.596350E-10
   1.417500E+03  3.061054E-08  1.587338E-10
   1.432500E+03  3.016621E-08  1.575420E-10
   1.447500E+03  2.987695E-08  1.567330E-10
   1.462500E+03  2.951758E-08  1.557884E-10
   1.477500E+03  2.910534E-08  1.547853E-10
   1.492500E+03  2.879352E-08  1.970669E-10
   1.507500E+03  2.849223E-08  1.964205E-10
   1.522500E+03  2.815952E-08  1.521215E-10
   1.537500E+03  2.776624E-08  1.510488E-10
   1.552500E+03  2.741140E-08  1.941404E-10
   1.567500E+03  2.708394E-08  1.934269E-10
   1.582500E+03  2.666663E-08  1.481076E-10
   1.597500E+03  2.662484E-08  1.924550E-10
   1.612500E+03  2.621856E-08  1.468286E-10
   1.627500E+03  2.594002E-08  1.910039E-10
   1.642500E+03  2.566484E-08  1.452312E-10
   1.657500E+03  2.530456E-08  1.442385E-10
   1.672500E+03  2.520643E-08  1.893729E-10
   1.687500E+03  2.487970E-08  1.886791E-10
   1.702500E+03  2.448126E-08  1.418114E-10
   1.717500E+03  2.430559E-08  1.413223E-10
   1.732500E+03  2.397604E-08  1.404206E-10
   1.747500E+03  2.377794E-08  1.398190E-10
   1.762500E+03  2.353550E-08  1.857240E-10
   1.777500E+03  2.329127E-08  1.852192E-10
   1.792500E+03  2.307981E-08  1.377099E-10
   1.807500E+03  2.278918E-08  1.368675E-10
   1.822500E+03  2.249372E-08  1.360109E-10
   1.837500E+03  2.238907E-08  1.356351E-10
   1.852500E+03  2.206361E-08  1.346709E-10
   1.867500E+03  2.183616E-08  1.339763E-10
   1.882500E+03  2.160315E-08  1.332036E-10
   1.897500E+03  2.142574E-08  1.327035E-10
   1.912500E+03  2.129575E-08  1.322908E-10
   1.927500E+03  2.101633E-08  1.314379E-10
   1.942500E+03  2.076116E-08  1.306624E-10
   1.957500E+03  2.064530E-08  1.302959E-10
   1.972500E+03  2.047537E-08  1.296955E-10
   1.987500E+03  2.021437E-08  1.288572E-10
   2.002500E+03  2.008628E-08  1.285064E-10
   2.017500E+03  1.984005E-08  1.277129E-10
   2.032500E+03  1.966739E-08  1.271198E-10
   2.047500E+03  1.957951E-08  1.268283E-10
   2.062500E+03  1.926645E-08  1.257912E-10
   2.077500E+03  1.911457E-08  1.253292E-10
   2.092500E+03  1.894401E-08  1.247726E-10
   2.107500E+03  1.876970E-08  1.242014E-10
   2.122500E+03  1.853386E-08  1.234043E-10
   2.137500E+03  1.851964E-08  1.233344E-10
   2.152500E+03  1.830851E-08  1.226385E-10
   2.167500E+03  1.812937E-08  1.220317E-10
   2.182500E+03  1.798734E-08  1.215501E-10
   2.197500E+03  1.786026E-08  1.211630E-10
   2.212500E+03  1.767747E-08  1.205351E-10
   2.227500E+03  1.749177E-08  1.198722E-10
   2.242500E+03  1.736132E-08  1.194185E-10
   2.257500E+03  1.716340E-08  1.187862E-10
   2.272500E+03  1.702739E-08  1.183271E-10
   2.287500E+03  1.688317E-08  1.177985E-10
   2.302500E+03  1.673904E-08  1.173212E-10
   2.317500E+03  1.662381E-08  1.168985E-10
   2.332500E+03  1.644841E-08  1.162275E-10
   2.347500E+03  1.632224E-08  1.158076E-10
   2.362500E+03  1.620601E-08  1.153535E-10
   2.377500E+03  1.607792E-08  1.149534E-10
   2.392500E+03  1.592842E-08  1.143951E-10
   2.407500E+03  1.579304E-08  1.138859E-10
   2.422500E+03  1.569987E-08  1.135718E-10
   2.437500E+03  1.556887E-08  1.131409E-10
   2.452500E+03  1.532637E-08  1.122017E-10
   2.467500E+03  1.532601E-08  1.121423E-10
   2.482500E+03  1.521215E-08  1.117673E-10
   2.497500E+03  1.507126E-08  1.659243E-10
   2.512500E+03  1.500283E-08  1.110207E-10
   2.527500E+03  1.486600E-08  1.105156E-10
   2.542500E+03  1.475337E-08  1.651417E-10
   2.557500E+03  1.463599E-08  1.096438E-10
   2.572500E+03  1.445640E-08  1.089803E-10
   2.587500E+03  1.433452E-08  1.085049E-10
   2.602500E+03  1.428666E-08  1.083350E-10
   2.617500E+03  1.416541E-08  1.078971E-10
   2.632500E+03  1.404498E-08  1.073879E-10
   2.647500E+03  1.395537E-08  1.070507E-10
   2.662500E+03  1.386225E-08  1.629086E-10
   2.677500E+03  1.375873E-08  1.063687E-10
   2.692500E+03  1.356902E-08  1.056027E-10
   2.707500E+03  1.349900E-08  1.053005E-10
   2.722500E+03  1.341468E-08  1.049913E-10
   2.737500E+03  1.337320E-08  1.047755E-10
   2.752500E+03  1.323026E-08  1.042358E-10
   2.767500E+03  1.312332E-08  1.038636E-10
   2.782500E+03  1.301557E-08  1.034080E-10
   2.797500E+03  1.298138E-08  1.032626E-10
   2.812500E+03  1.279559E-08  1.025211E-10
   2.827500E+03  1.271518E-08  1.022031E-10
   2.842500E+03  1.268154E-08  1.020771E-10
   2.857500E+03  1.257743E-08  1.016275E-10
   2.872500E+03  1.244999E-08  1.011389E-10
   2.887500E+03  1.238253E-08  1.008647E-10
   2.902500E+03  1.232072E-08  1.005669E-10
   2.917500E+03  1.220075E-08  1.000930E-10
   2.932500E+03  1.215070E-08  9.986774E-11
   2.947500E+03  1.204249E-08  9.949195E-11
   2.962500E+03  1.195060E-08  9.905687E-11
   2.977500E+03  1.190447E-08  9.884428E-11
   2.992500E+03  1.180255E-08  9.847176E-11
   3.007500E+03  1.178623E-08  9.840680E-11
   3.022500E+03  1.159907E-08  9.760193E-11
   3.037500E+03  1.155951E-08  9.743150E-11
   3.052500E+03  1.152796E-08  9.729999E-11
   3.067500E+03  1.131929E-08  9.639906E-11
   3.082500E+03  1.128811E-08  9.629323E-11
   3.097500E+03  1.121883E-08  9.599540E-11
   3.112500E+03  1.114572E-08  9.567974E-11
   3.127500E+03  1.110360E-08  9.547698E-11
   3.142500E+03  1.100195E-08  9.507917E-11
   3.157500E+03  1.091790E-08  9.471158E-11
   3.172500E+03  1.085317E-08  9.443744E-11
   3.187500E+03  1.087168E-08  9.448289E-11
   3.202500E+03  1.070239E-08  9.378494E-11
   3.217500E+03  1.066601E-08  9.359139E-11
   3.232500E+03  1.058989E-08  9.325831E-11
   3.247500E+03  1.053000E-08  9.302230E-11
   3.262500E+03  1.041896E-08  9.250155E-11
   3.277500E+03  1.038441E-08  9.235205E-11
   3.292500E+03  1.032579E-08  9.210782E-11
   3.307500E+03  1.028313E-08  9.188961E-11
   3.322500E+03  1.017738E-08  9.142145E-11
   3.337500E+03  1.012687E-08  9.119402E-11
   3.352500E+03  1.004592E-08  9.086333E-11
   3.367500E+03  1.004461E-08  1.529725E-10
   3.382500E+03  9.934885E-09  9.032635E-11
   3.397500E+03  9.869429E-09  9.003671E-11
   3.412500E+03  9.818925E-09  8.981479E-11
   3.427500E+03  9.718189E-09  8.933867E-11
   3.442500E+03  9.711261E-09  8.930493E-11
   3.457500E+03  9.663309E-09  8.910945E-11
   3.472500E+03  9.539965E-09  8.854519E-11
   3.487500E+03  9.455821E-09  8.808179E-11
   3.502500E+03  9.455548E-09  8.811535E-11
   3.517500E+03  9.390366E-09  8.780576E-11
   3.532500E+03  9.330381E-09  8.752153E-11
   3.547500E+03  9.274589E-09  8.728143E-11
   3.562500E+03  9.212689E-09  8.697193E-11
   3.577500E+03  9.236574E-09  8.708941E-11
   3.592500E+03  9.143314E-09  8.664897E-11
   3.607500E+03  9.029451E-09  8.609067E-11
   3.622500E+03  8.955608E-09  8.572844E-11
   3.637500E+03  8.929809E-09  8.562622E-11
   3.652500E+03  8.881675E-09  8.541499E-11
   3.667500E+03  8.808197E-09  8.504272E-11
   3.682500E+03  8.803092E-09  8.503345E-11
   3.697500E+03  8.721592E-09  8.464596E-11
   3.712500E+03  8.673185E-09  8.436618E-11
   3.727500E+03  8.623865E-09  8.413888E-11
   3.742500E+03  8.569714E-09  8.388770E-11
   3.757500E+03  8.469982E-09  8.341190E-11
   3.772500E+03  8.486664E-09  8.349528E-11
   3.787500E+03  8.396139E-09  8.302589E-11
   3.802500E+03  8.377633E-09  8.298364E-11
   3.817500E+03  8.297774E-09  8.251902E-11
   3.832500E+03  8.308531E-09  8.256802E-11
   3.847500E+03  8.173792E-09  8.190918E-11
   3.862500E+03  8.139970E-09  8.175690E-11
   3.877500E+03  8.095939E-09  8.155927E-11
   3.892500E+03  8.065764E-09  8.140785E-11
   3.907500E+03  8.036774E-09  8.124455E-11
   3.922500E+03  8.003773E-09  8.103231E-11
   3.937500E+03  7.932118E-09  8.072526E-11
   3.952500E+03  7.861831E-09  8.031589E-11
   3.967500E+03  7.801572E-09  8.001680E-11
   3.982500E+03  7.817617E-09  8.014167E-11
   3.997500E+03  7.731103E-09  7.967322E-11
   4.012500E+03  7.718705E-09  7.960841E-11
   4.027500E+03  7.689806E-09  7.944272E-11
   4.042500E+03  7.589891E-09  7.895918E-11
   4.057500E+03  7.556981E-09  7.878099E-11
   4.072500E+03  7.516231E-09  7.855252E-11
   4.087500E+03  7.540481E-09  7.869531E-11
   4.102500E+03  7.466912E-09  7.830873E-11
   4.117500E+03  7.409661E-09  7.795304E-11
   4.132500E+03  7.371464E-09  7.780942E-11
   4.147500E+03  7.317313E-09  7.748977E-11
   4.162500E+03  7.335819E-09  7.760463E-11
   4.177500E+03  7.286956E-09  7.732533E-11
   4.192500E+03  7.259333E-09  7.718844E-11
   4.207500E+03  7.179292E-09  7.675509E-11
   4.222500E+03  7.122132E-09  7.649130E-11
   4.237500E+03  7.069713E-09  7.619973E-11
   4.252500E+03  7.029693E-09  7.598195E-11
   4.267500E+03  7.060141E-09  7.613414E-11
   4.282500E+03  6.935065E-09  7.542859E-11
   4.297500E+03  6.975451E-09  7.566379E-11
   4.312500E+03  6.907807E-09  7.531593E-11
   4.327500E+03  6.873348E-09  7.509064E-11
   4.342500E+03  6.798867E-09  7.472701E-11
   4.357500E+03  6.791301E-09  7.468700E-11
   4.372500E+03  6.764043E-09  7.452602E-11
   4.387500E+03  6.707704E-09  7.420514E-11
   4.402500E+03  6.698314E-09  7.414984E-11
   4.417500E+03  6.629759E-09  7.378052E-11
   4.432500E+03  6.602775E-09  7.359666E-11
   4.447500E+03  6.575153E-09  7.346076E-11
   4.462500E+03  6.542881E-09  7.329687E-11
   4.477500E+03  6.522916E-09  7.316293E-11
   4.492500E+03  6.448800E-09  7.274620E-11
   4.507500E+03  6.458555E-09  7.280359E-11
   4.522500E+03  6.411514E-09  7.254027E-11
   4.537500E+03  6.389818E-09  7.243446E-11
   4.552500E+03  6.343233E-09  7.218062E-11
   4.567500E+03  6.283521E-09  7.180394E-11
   4.582500E+03  6.245871E-09  7.161093E-11
   4.597500E+03  6.241313E-09  7.160916E-11
   4.612500E+03  6.173852E-09  7.118422E-11
   4.627500E+03  6.186159E-09  7.124798E-11
   4.642500E+03  6.144406E-09  7.101948E-11
   4.657500E+03  6.075851E-09  7.061113E-11
   4.672500E+03  6.091622E-09  7.071010E-11
   4.687500E+03  6.070928E-09  7.059345E-11
   4.702500E+03  6.043671E-09  7.043564E-11
   4.717500E+03  5.994898E-09  7.014788E-11
   4.732500E+03  5.938742E-09  6.981281E-11
   4.747500E+03  5.914674E-09  6.970934E-11
   4.762500E+03  5.874745E-09  6.943784E-11
   4.777500E+03  5.835362E-09  6.918901E-11
   4.792500E+03  5.818497E-09  6.912469E-11
   4.807500E+03  5.808925E-09  6.904033E-11
   4.822500E+03  5.765349E-09  6.879792E-11
   4.837500E+03  5.703631E-09  6.841984E-11
   4.852500E+03  5.731254E-09  6.859873E-11
   4.867500E+03  5.672271E-09  6.823141E-11
   4.882500E+03  5.686493E-09  6.831703E-11
   4.897500E+03  5.617664E-09  6.788932E-11
   4.912500E+03  5.580926E-09  6.768370E-11
   4.927500E+03  5.578191E-09  6.766730E-11
   4.942500E+03  5.517020E-09  6.728604E-11
   4.957500E+03  5.510548E-09  6.726255E-11
   4.972500E+03  5.467519E-09  6.698450E-11
   4.987500E+03  5.464692E-09  6.694838E-11
   5.002501E+03  5.397414E-09  6.658184E-11
   5.017501E+03  5.405983E-09  6.659141E-11
   5.032501E+03  5.367604E-09  6.634797E-11
   5.047501E+03  5.344813E-09  6.624110E-11
   5.062501E+03  5.358578E-09  6.630512E-11
   5.077501E+03  5.310809E-09  6.601646E-11
   5.092501E+03  5.234779E-09  6.555393E-11
   5.107501E+03  5.268236E-09  6.574495E-11
   5.122501E+03  5.241160E-09  6.558775E-11
   5.137501E+03  5.218460E-09  6.545618E-11
   5.152501E+03  5.153552E-09  6.502800E-11
   5.167501E+03  5.177984E-09  6.519650E-11
   5.182501E+03  5.155011E-09  6.506931E-11
   5.197501E+03  5.096575E-09  6.466300E-11
   5.212501E+03  5.069135E-09  6.453095E-11
   5.227501E+03  5.014072E-09  6.416003E-11
   5.242501E+03  4.983806E-09  6.395988E-11
   5.257501E+03  4.982894E-09  6.391431E-11
   5.272501E+03  5.006688E-09  6.412258E-11
   5.287501E+03  4.968582E-09  6.386308E-11
   5.302501E+03  4.914340E-09  6.353937E-11
   5.317501E+03  4.874410E-09  6.322907E-11
   5.332501E+03  4.879242E-09  6.328021E-11
   5.347501E+03  4.891275E-09  6.334801E-11
   5.362501E+03  4.818345E-09  6.288905E-11
   5.377501E+03  4.808134E-09  6.280993E-11
   5.392501E+03  4.806402E-09  6.279634E-11
   5.407501E+03  4.748696E-09  6.243006E-11
   5.422501E+03  4.728002E-09  6.231917E-11
   5.437501E+03  4.756080E-09  6.246256E-11
   5.452501E+03  4.718703E-09  6.222483E-11
   5.467501E+03  4.672392E-09  6.192030E-11
   5.482501E+03  4.645590E-09  6.174769E-11
   5.497501E+03  4.662911E-09  6.187978E-11
   5.512501E+03  4.596089E-09  6.141963E-11
   5.527501E+03  4.585696E-09  6.133616E-11
   5.542501E+03  4.580682E-09  6.130657E-11
   5.557501E+03  4.552421E-09  6.112738E-11
   5.572501E+03  4.543214E-09  6.107957E-11
   5.587501E+03  4.487787E-09  6.068720E-11
   5.602501E+03  4.516503E-09  6.090391E-11
   5.617501E+03  4.478670E-09  6.063471E-11
   5.632501E+03  4.440564E-09  6.038226E-11
   5.647501E+03  4.435094E-09  6.034788E-11
   5.662501E+03  4.435824E-09  6.032305E-11
   5.677501E+03  4.398082E-09  6.009664E-11
   5.692501E+03  4.335635E-09  5.966991E-11
   5.707501E+03  4.348854E-09  5.975996E-11
   5.722501E+03  4.334268E-09  5.963048E-11
   5.737501E+03  4.311203E-09  5.948423E-11
   5.752501E+03  4.271456E-09  5.919910E-11
   5.767501E+03  4.261519E-09  5.913835E-11
   5.782501E+03  4.242375E-09  5.901281E-11
   5.797501E+03  4.195335E-09  5.866842E-11
   5.812501E+03  4.172544E-09  5.852418E-11
   5.827501E+03  4.175917E-09  5.853102E-11
   5.842501E+03  4.179472E-09  5.855318E-11
   5.857501E+03  4.168168E-09  5.848991E-11
   5.872501E+03  4.153582E-09  5.837039E-11
   5.887501E+03  4.097881E-09  5.797812E-11
   5.902501E+03  4.093961E-09  5.795962E-11
   5.917501E+03  4.082019E-09  5.789120E-11
   5.932501E+03  4.042636E-09  5.761362E-11
   5.947501E+03  4.020757E-09  5.746143E-11
   5.962501E+03  3.997510E-09  5.728083E-11
   5.977501E+03  3.987665E-09  5.722780E-11
   5.992501E+03  3.985842E-09  5.719260E-11
   6.007501E+03  3.974081E-09  5.710359E-11
   6.022501E+03  3.933787E-09  5.682083E-11
   6.037501E+03  3.912637E-09  5.666248E-11
   6.052501E+03  3.893037E-09  5.653336E-11
   6.067501E+03  3.880913E-09  5.643669E-11
   6.082501E+03  3.847456E-09  5.618944E-11
   6.097501E+03  3.881277E-09  5.642872E-11
   6.112501E+03  3.839524E-09  5.613726E-11
   6.127501E+03  3.873620E-09  5.637741E-11
   6.142501E+03  3.831229E-09  5.607571E-11
   6.157501E+03  3.781089E-09  5.569024E-11
   6.172501E+03  3.751734E-09  5.548323E-11
   6.187501E+03  3.717001E-09  5.522495E-11
   6.202501E+03  3.759574E-09  5.554210E-11
   6.217501E+03  3.706700E-09  5.516654E-11
   6.232501E+03  3.716272E-09  5.522092E-11
   6.247501E+03  3.688011E-09  5.501886E-11
   6.262501E+03  3.670872E-09  5.488228E-11
   6.277501E+03  3.685003E-09  5.500066E-11
   6.292501E+03  3.626476E-09  5.458052E-11
   6.307501E+03  3.593201E-09  5.432470E-11
   6.322501E+03  3.613531E-09  5.444399E-11
   6.337501E+03  3.567949E-09  5.410042E-11
   6.352501E+03  3.580074E-09  5.418200E-11
   6.367501E+03  3.560382E-09  5.405448E-11
   6.382501E+03  3.532760E-09  5.385975E-11
   6.397501E+03  3.469493E-09  5.337333E-11
   6.412501E+03  3.465208E-09  5.333219E-11
   6.427501E+03  3.476512E-09  5.342690E-11
   6.442501E+03  3.434668E-09  5.309408E-11
   6.457501E+03  3.438224E-09  5.311855E-11
   6.472501E+03  3.452627E-09  5.323175E-11
   6.487501E+03  3.400756E-09  5.285294E-11
   6.502501E+03  3.400664E-09  5.283808E-11
   6.517501E+03  3.398476E-09  5.280845E-11
   6.532501E+03  3.384073E-09  5.270710E-11
   6.547501E+03  3.370945E-09  5.260264E-11
   6.562501E+03  3.370307E-09  5.258063E-11
   6.577501E+03  3.356997E-09  5.249445E-11
   6.592501E+03  3.326184E-09  5.222887E-11
   6.607501E+03  3.285981E-09  5.193862E-11
   6.622501E+03  3.287166E-09  5.196232E-11
   6.637501E+03  3.291451E-09  5.196139E-11
   6.652501E+03  3.258905E-09  5.173289E-11
   6.667501E+03  3.254894E-09  5.168102E-11
   6.682501E+03  3.258450E-09  5.171340E-11
   6.697501E+03  3.212868E-09  5.135278E-11
   6.712501E+03  3.221711E-09  5.142003E-11
   6.727501E+03  3.171662E-09  5.102016E-11
   6.742501E+03  3.179502E-09  5.107985E-11
   6.757501E+03  3.178317E-09  5.108064E-11
   6.772501E+03  3.146866E-09  5.080982E-11
   6.787501E+03  3.147322E-09  5.081053E-11
   6.802501E+03  3.131003E-09  5.068383E-11
   6.817501E+03  3.101102E-09  5.045009E-11
   6.832501E+03  3.125442E-09  5.064498E-11
   6.847501E+03  3.059075E-09  5.009876E-11
   6.862501E+03  3.048865E-09  5.002454E-11
   6.877501E+03  3.050780E-09  5.005210E-11
   6.892501E+03  3.033732E-09  4.988002E-11
   6.907501E+03  3.029265E-09  4.986598E-11
   6.922501E+03  2.994532E-09  4.956900E-11
   6.937501E+03  3.005380E-09  4.967023E-11
   6.952501E+03  2.976482E-09  4.941419E-11
   6.967501E+03  2.982225E-09  4.947669E-11
   6.982501E+03  2.966818E-09  4.935709E-11
   6.997501E+03  2.957611E-09  4.926879E-11
   7.012501E+03  2.930171E-09  4.903497E-11
   7.027501E+03  2.947856E-09  4.921532E-11
   7.042501E+03  2.926342E-09  4.900921E-11
   7.057501E+03  2.905739E-09  4.882822E-11
   7.072501E+03  2.876658E-09  4.857693E-11
   7.087501E+03  2.881854E-09  4.863440E-11
   7.102501E+03  2.854687E-09  4.839669E-11
   7.117501E+03  2.861525E-09  4.847281E-11
   7.132501E+03  2.843748E-09  4.830438E-11
   7.147501E+03  2.830529E-09  4.819725E-11
   7.162501E+03  2.826791E-09  4.815472E-11
   7.177501E+03  2.816672E-09  4.809846E-11
   7.192501E+03  2.820501E-09  4.812005E-11
   7.207501E+03  2.792514E-09  4.786339E-11
   7.222501E+03  2.785130E-09  4.781448E-11
   7.237501E+03  2.737269E-09  4.739952E-11
   7.252501E+03  2.745474E-09  4.747326E-11
   7.267501E+03  2.727970E-09  4.731939E-11
   7.282501E+03  2.722045E-09  4.727459E-11
   7.297501E+03  2.701989E-09  4.709001E-11
   7.312501E+03  2.696610E-09  4.707834E-11
   7.327501E+03  2.677375E-09  4.689694E-11
   7.342501E+03  2.701077E-09  4.707735E-11
   7.357501E+03  2.648203E-09  4.661829E-11
   7.372501E+03  2.648658E-09  4.660945E-11
   7.387501E+03  2.650846E-09  4.664945E-11
   7.402501E+03  2.655404E-09  4.667490E-11
   7.417501E+03  2.618848E-09  4.635411E-11
   7.432501E+03  2.598792E-09  4.618040E-11
   7.447501E+03  2.598701E-09  4.616825E-11
   7.462501E+03  2.610461E-09  4.628181E-11
   7.477501E+03  2.585664E-09  4.607558E-11
   7.492501E+03  2.561324E-09  4.582515E-11
   7.507501E+03  2.586211E-09  4.607231E-11
   7.522501E+03  2.545279E-09  4.571637E-11
   7.537501E+03  2.524129E-09  4.552053E-11
   7.552501E+03  2.513372E-09  4.541736E-11
   7.567501E+03  2.507355E-09  4.535170E-11
   7.582501E+03  2.489214E-09  4.518312E-11
   7.597501E+03  2.481191E-09  4.511389E-11
   7.612501E+03  2.475904E-09  4.507762E-11
   7.627501E+03  2.485932E-09  4.517333E-11
   7.642501E+03  2.468520E-09  4.501235E-11
   7.657501E+03  2.447187E-09  4.480674E-11
   7.672501E+03  2.422756E-09  4.458857E-11
   7.687501E+03  2.410996E-09  4.447401E-11
   7.702501E+03  2.427040E-09  4.461941E-11
   7.717501E+03  2.376536E-09  4.416155E-11
   7.732501E+03  2.427496E-09  4.463699E-11
   7.747501E+03  2.387202E-09  4.429048E-11
   7.762501E+03  2.386837E-09  4.424826E-11
   7.777501E+03  2.339524E-09  4.380770E-11
   7.792501E+03  2.337609E-09  4.380009E-11
   7.807501E+03  2.349916E-09  4.391810E-11
   7.822501E+03  2.357027E-09  4.399948E-11
   7.837501E+03  2.333324E-09  4.375157E-11
   7.852501E+03  2.285828E-09  4.330938E-11
   7.867501E+03  2.324117E-09  4.365697E-11
   7.882501E+03  2.285646E-09  4.330420E-11
   7.897501E+03  2.280723E-09  4.326985E-11
   7.912501E+03  2.276894E-09  4.323196E-11
   7.927501E+03  2.291116E-09  4.337301E-11
   7.942501E+03  2.250913E-09  4.297708E-11
   7.957501E+03  2.241432E-09  4.289036E-11
   7.972501E+03  2.236236E-09  4.283560E-11
   7.987501E+03  2.203873E-09  4.253289E-11
   8.002501E+03  2.192568E-09  4.240655E-11
   8.017501E+03  2.193662E-09  4.242414E-11
   8.032501E+03  2.175430E-09  4.224112E-11
   8.047501E+03  2.184181E-09  4.233097E-11
   8.062501E+03  2.161117E-09  4.212378E-11
   8.077501E+03  2.154462E-09  4.204851E-11
   8.092501E+03  2.181173E-09  4.230900E-11
   8.107501E+03  2.159567E-09  4.211407E-11
   8.122501E+03  2.144252E-09  4.193849E-11
   8.137501E+03  2.129848E-09  4.181225E-11
   8.152501E+03  2.132401E-09  4.182109E-11
   8.167501E+03  2.141426E-09  4.190738E-11
   8.182501E+03  2.092562E-09  4.144810E-11
   8.197501E+03  2.087457E-09  4.138690E-11
   8.212501E+03  2.083264E-09  4.135633E-11
   8.227501E+03  2.077338E-09  4.129955E-11
   8.242501E+03  2.070592E-09  4.122550E-11
   8.257501E+03  2.044519E-09  4.095895E-11
   8.272501E+03  2.074603E-09  4.125798E-11
   8.287501E+03  2.042787E-09  4.094714E-11
   8.302501E+03  2.017717E-09  4.069802E-11
   8.317501E+03  2.028930E-09  4.080312E-11
   8.332501E+03  2.008783E-09  4.060821E-11
   8.347501E+03  2.005501E-09  4.058807E-11
   8.362501E+03  1.994653E-09  4.046945E-11
   8.377501E+03  1.988271E-09  4.039941E-11
   8.392501E+03  1.994106E-09  4.043989E-11
   8.407501E+03  1.987451E-09  4.038185E-11
   8.422501E+03  1.966392E-09  4.016257E-11
   8.437501E+03  1.946792E-09  3.996261E-11
   8.452501E+03  1.951897E-09  4.001853E-11
   8.467501E+03  1.961561E-09  4.012456E-11
   8.482501E+03  1.917255E-09  3.964617E-11
   8.497501E+03  1.936855E-09  3.987399E-11
   8.512501E+03  1.922634E-09  3.972606E-11
   8.527501E+03  1.911603E-09  3.960674E-11
   8.542501E+03  1.915432E-09  3.964058E-11
   8.557501E+03  1.883525E-09  3.931210E-11
   8.572501E+03  1.894282E-09  3.943707E-11
   8.587501E+03  1.885622E-09  3.934340E-11
   8.602501E+03  1.874864E-09  3.922766E-11
   8.617501E+03  1.885348E-09  3.933866E-11
   8.632501E+03  1.818434E-09  3.864094E-11
   8.647501E+03  1.842592E-09  3.888607E-11
   8.662501E+03  1.824360E-09  3.869392E-11
   8.677501E+03  1.812782E-09  3.857140E-11
   8.692501E+03  1.832565E-09  3.876507E-11
   8.707501E+03  1.811232E-09  3.855885E-11
   8.722501E+03  1.798196E-09  3.841259E-11
   8.737501E+03  1.817705E-09  3.862741E-11
   8.752501E+03  1.765468E-09  3.805088E-11
   8.767501E+03  1.772488E-09  3.813407E-11
   8.782501E+03  1.775132E-09  3.815652E-11
   8.797501E+03  1.803392E-09  3.847175E-11
   8.812501E+03  1.771120E-09  3.813314E-11
   8.827501E+03  1.767200E-09  3.807930E-11
   8.842501E+03  1.765742E-09  3.807346E-11
   8.857501E+03  1.750791E-09  3.790271E-11
   8.872501E+03  1.723989E-09  3.761645E-11
   8.887501E+03  1.718428E-09  3.754400E-11
   8.902501E+03  1.716514E-09  3.753709E-11
   8.917501E+03  1.713505E-09  3.750431E-11
   8.932501E+03  1.711955E-09  3.747943E-11
   8.947501E+03  1.697643E-09  3.732896E-11
   8.962501E+03  1.684607E-09  3.717985E-11
   8.977501E+03  1.670203E-09  3.701301E-11
   8.992501E+03  1.668379E-09  3.700297E-11
   9.007501E+03  1.682874E-09  3.715274E-11
   9.022501E+03  1.644950E-09  3.674720E-11
   9.037501E+03  1.645497E-09  3.673904E-11
   9.052501E+03  1.629362E-09  3.657944E-11
   9.067501E+03  1.643583E-09  3.672383E-11
   9.082501E+03  1.615687E-09  3.641186E-11
   9.097501E+03  1.612223E-09  3.637293E-11
   9.112501E+03  1.620154E-09  3.647225E-11
   9.127501E+03  1.613408E-09  3.639652E-11
   9.142501E+03  1.612041E-09  3.636471E-11
   9.157501E+03  1.597728E-09  3.620751E-11
   9.172501E+03  1.599733E-09  3.624873E-11
   9.187501E+03  1.572567E-09  3.592842E-11
   9.202501E+03  1.589250E-09  3.611162E-11
   9.217501E+03  1.558801E-09  3.577555E-11
   9.232501E+03  1.538381E-09  3.553921E-11
   9.247501E+03  1.542118E-09  3.556958E-11
   9.262501E+03  1.535919E-09  3.549823E-11
   9.277501E+03  1.539110E-09  3.555181E-11
   9.292501E+03  1.497722E-09  3.505958E-11
   9.307501E+03  1.532820E-09  3.547093E-11
   9.322501E+03  1.513858E-09  3.524522E-11
   9.337501E+03  1.502006E-09  3.509888E-11
   9.352501E+03  1.487238E-09  3.491777E-11
   9.367501E+03  1.486600E-09  3.491458E-11
   9.382501E+03  1.498542E-09  3.506915E-11
   9.397501E+03  1.476754E-09  3.480763E-11
   9.412501E+03  1.488241E-09  3.494236E-11
   9.427501E+03  1.476298E-09  3.480442E-11
   9.442501E+03  1.472470E-09  3.477229E-11
   9.457501E+03  1.471558E-09  3.475726E-11
   9.472501E+03  1.452778E-09  3.452252E-11
   9.487501E+03  1.448494E-09  3.446954E-11
   9.502501E+03  1.451320E-09  3.452257E-11
   9.517501E+03  1.432540E-09  3.428840E-11
   9.532501E+03  1.407470E-09  3.399675E-11
   9.547501E+03  1.411846E-09  3.403399E-11
   9.562501E+03  1.419868E-09  3.412591E-11
   9.577501E+03  1.407470E-09  3.397475E-11
   9.592501E+03  1.419777E-09  3.412701E-11
   9.607501E+03  1.370549E-09  3.352494E-11
   9.622501E+03  1.389420E-09  3.375889E-11
   9.637501E+03  1.391425E-09  3.378540E-11
   9.652501E+03  1.375107E-09  3.359834E-11
   9.667501E+03  1.362527E-09  3.344925E-11
   9.682501E+03  1.380030E-09  3.364934E-11
   9.697501E+03  1.352134E-09  3.330167E-11
   9.712501E+03  1.344659E-09  3.320519E-11
   9.727501E+03  1.328887E-09  3.303518E-11
   9.742501E+03  1.331987E-09  3.306677E-11
   9.757501E+03  1.329070E-09  3.303291E-11
   9.772501E+03  1.342744E-09  3.318610E-11
   9.787501E+03  1.323600E-09  3.296055E-11
   9.802501E+03  1.304820E-09  3.272657E-11
   9.817501E+03  1.322050E-09  3.294357E-11
   9.832501E+03  1.297983E-09  3.262950E-11
   9.847501E+03  1.294975E-09  3.258945E-11
   9.862501E+03  1.291237E-09  3.255857E-11
   9.877501E+03  1.293151E-09  3.258722E-11
   9.892501E+03  1.287226E-09  3.249891E-11
   9.907501E+03  1.271728E-09  3.230086E-11
   9.922501E+03  1.274098E-09  3.233319E-11
   9.937501E+03  1.272366E-09  3.231125E-11
   9.952501E+03  1.255683E-09  3.210625E-11
   9.967501E+03  1.231798E-09  3.179327E-11
   9.982501E+03  1.250487E-09  3.202360E-11
   9.997501E+03  1.221132E-09  3.164149E-11
   1.001250E+04  1.236174E-09  3.183781E-11
   1.002750E+04  1.252310E-09  3.205856E-11
   1.004250E+04  1.227331E-09  3.173336E-11
   1.005750E+04  1.217850E-09  3.160374E-11
   1.007250E+04  1.232710E-09  3.180971E-11
   1.008750E+04  1.215936E-09  3.160025E-11
   1.010250E+04  1.196427E-09  3.133700E-11
   1.011750E+04  1.180382E-09  3.111952E-11
   1.013250E+04  1.192416E-09  3.127500E-11
   1.014750E+04  1.182023E-09  3.113389E-11
   1.016250E+04  1.175824E-09  3.105951E-11
   1.017750E+04  1.161876E-09  3.087999E-11
   1.019250E+04  1.170719E-09  3.098733E-11
   1.020750E+04  1.155859E-09  3.080014E-11
   1.022250E+04  1.169352E-09  3.097651E-11
   1.023750E+04  1.124317E-09  3.037557E-11
   1.025250E+04  1.138994E-09  3.057273E-11
   1.026750E+04  1.160144E-09  3.085703E-11
   1.028250E+04  1.143552E-09  3.063370E-11
   1.029750E+04  1.123314E-09  3.037437E-11
   1.031250E+04  1.132066E-09  3.048227E-11
   1.032750E+04  1.124226E-09  3.037681E-11
   1.034250E+04  1.112283E-09  3.020554E-11
   1.035750E+04  1.127599E-09  3.041239E-11
   1.037250E+04  1.103987E-09  3.010532E-11
   1.038750E+04  1.104079E-09  3.009911E-11
   1.040250E+04  1.087213E-09  2.985882E-11
   1.041750E+04  1.092501E-09  2.994122E-11
   1.043250E+04  1.081379E-09  2.979128E-11
   1.044750E+04  1.099247E-09  3.003581E-11
   1.046250E+04  1.069528E-09  2.962040E-11
   1.047750E+04  1.071078E-09  2.963928E-11
   1.049250E+04  1.050657E-09  2.935331E-11
   1.050750E+04  1.049654E-09  2.934187E-11
   1.052250E+04  1.043090E-09  2.924759E-11
   1.053750E+04  1.048196E-09  2.932151E-11
   1.055250E+04  1.040082E-09  2.921569E-11
   1.056750E+04  1.018841E-09  2.891907E-11
   1.058250E+04  1.031148E-09  2.908765E-11
   1.059750E+04  1.023490E-09  2.897191E-11
   1.061250E+04  1.025222E-09  2.899896E-11
   1.062750E+04  1.010454E-09  2.879229E-11
   1.064250E+04  1.006534E-09  2.874690E-11
   1.065750E+04  1.014556E-09  2.885834E-11
   1.067250E+04  1.010272E-09  2.878969E-11
   1.068750E+04  9.916743E-10  2.852397E-11
   1.070250E+04  1.003070E-09  2.870533E-11
   1.071750E+04  9.644165E-10  2.812996E-11
   1.073250E+04  9.805524E-10  2.835332E-11
   1.074750E+04  9.769059E-10  2.831382E-11
   1.076250E+04  9.774528E-10  2.832965E-11
   1.077750E+04  9.580351E-10  2.802624E-11
   1.079250E+04  9.649635E-10  2.814589E-11
   1.080750E+04  9.633225E-10  2.810871E-11
   1.082250E+04  9.640518E-10  2.811933E-11
   1.083750E+04  9.585820E-10  2.804490E-11
   1.085250E+04  9.347884E-10  2.768990E-11
   1.086750E+04  9.483717E-10  2.789810E-11
   1.088250E+04  9.348796E-10  2.770205E-11
   1.089750E+04  9.308684E-10  2.763186E-11
   1.091250E+04  9.424461E-10  2.780292E-11
   1.092750E+04  9.305949E-10  2.763322E-11
   1.094250E+04  9.161911E-10  2.741621E-11
   1.095750E+04  9.092627E-10  2.731526E-11
   1.097250E+04  8.964087E-10  2.712462E-11
   1.098750E+04  9.008757E-10  2.718923E-11
   1.100250E+04  8.779937E-10  2.683120E-11
   1.101750E+04  8.946766E-10  2.709845E-11
   1.103250E+04  8.858337E-10  2.695616E-11
   1.104750E+04  8.857426E-10  2.695477E-11
   1.106250E+04  8.778114E-10  2.683957E-11
   1.107750E+04  8.778114E-10  2.682842E-11
   1.109250E+04  8.759881E-10  2.680336E-11
   1.110750E+04  8.694243E-10  2.670848E-11
   1.112250E+04  8.634076E-10  2.660763E-11
   1.113750E+04  8.638634E-10  2.662307E-11
   1.115250E+04  8.380642E-10  2.622888E-11
   1.116750E+04  8.361497E-10  2.619611E-11
   1.118250E+04  8.520121E-10  2.644013E-11
   1.119750E+04  8.365144E-10  2.619039E-11
   1.121250E+04  8.414372E-10  2.626726E-11
   1.122750E+04  8.350558E-10  2.616757E-11
   1.124250E+04  8.400698E-10  2.625163E-11
   1.125750E+04  8.274892E-10  2.606322E-11
   1.127250E+04  8.231134E-10  2.599436E-11
   1.128750E+04  8.028751E-10  2.567348E-11
   1.130250E+04  7.874685E-10  2.542060E-11
   1.131750E+04  8.063393E-10  2.572869E-11
   1.133250E+04  7.979523E-10  2.558313E-11
   1.134750E+04  7.825457E-10  2.533820E-11
   1.136250E+04  7.820899E-10  2.532788E-11
   1.137750E+04  7.637661E-10  2.503276E-11
   1.139250E+04  7.852806E-10  2.538827E-11
   1.140750E+04  7.602107E-10  2.497751E-11
   1.142250E+04  7.654070E-10  2.505661E-11
   1.143750E+04  7.840043E-10  2.537062E-11
   1.145250E+04  7.636749E-10  2.503127E-11
   1.146750E+04  7.582963E-10  2.494309E-11
   1.148250E+04  7.652247E-10  2.505662E-11
   1.149750E+04  7.565642E-10  2.491763E-11
   1.151250E+04  7.569288E-10  2.491762E-11
   1.152750E+04  7.512767E-10  2.482754E-11
   1.154250E+04  7.496358E-10  2.480648E-11
   1.155750E+04  7.448953E-10  2.473110E-11
   1.157250E+04  7.358701E-10  2.457202E-11
   1.158750E+04  7.287594E-10  2.444706E-11
   1.160250E+04  7.042364E-10  2.404194E-11
   1.161750E+04  7.271184E-10  2.442261E-11
   1.163250E+04  7.211928E-10  2.432301E-11
   1.164750E+04  7.148114E-10  2.422764E-11
   1.166250E+04  7.038718E-10  2.402639E-11
   1.167750E+04  7.087034E-10  2.410863E-11
   1.169250E+04  6.986755E-10  2.394387E-11
   1.170750E+04  7.071537E-10  2.409160E-11
   1.172250E+04  6.883740E-10  2.377324E-11
   1.173750E+04  6.977638E-10  2.392514E-11
   1.175250E+04  6.833600E-10  2.368352E-11
   1.176750E+04  6.877359E-10  2.376224E-11
   1.178250E+04  6.743349E-10  2.352687E-11
   1.179750E+04  6.697767E-10  2.343779E-11
   1.181250E+04  6.624837E-10  2.332599E-11
   1.182750E+04  6.753377E-10  2.354433E-11
   1.184250E+04  6.509059E-10  2.312173E-11
   1.185750E+04  6.562846E-10  2.320718E-11
   1.187250E+04  6.578343E-10  2.323453E-11
   1.188750E+04  6.406956E-10  2.292704E-11
   1.190250E+04  6.556464E-10  2.319591E-11
   1.191750E+04  6.429747E-10  2.297425E-11
   1.193250E+04  6.433394E-10  2.296773E-11
   1.194750E+04  6.270211E-10  2.268134E-11
   1.196250E+04  6.282063E-10  2.269615E-11
   1.197750E+04  6.275681E-10  2.269122E-11
   1.199250E+04  6.360463E-10  2.284380E-11
   1.200750E+04  6.260183E-10  2.266322E-11
   1.202250E+04  6.241951E-10  2.264345E-11
   1.203750E+04  6.161727E-10  2.248783E-11
   1.205250E+04  6.212778E-10  2.258066E-11
   1.206750E+04  5.946582E-10  2.209910E-11
   1.208250E+04  5.902823E-10  2.200082E-11
   1.209750E+04  5.915586E-10  2.202797E-11
   1.211250E+04  5.887326E-10  2.197874E-11
   1.212750E+04  5.964814E-10  2.211936E-11
   1.214250E+04  5.855418E-10  2.191576E-11
   1.215750E+04  5.869093E-10  2.194813E-11
   1.217250E+04  5.913763E-10  2.202458E-11
   1.218750E+04  5.818953E-10  2.185090E-11
   1.220250E+04  5.801632E-10  2.182182E-11
   1.221750E+04  5.653036E-10  2.153749E-11
   1.223250E+04  5.600161E-10  2.143665E-11
   1.224750E+04  5.586487E-10  2.141049E-11
   1.226250E+04  5.607454E-10  2.144361E-11
   1.227750E+04  5.537258E-10  2.131957E-11
   1.229250E+04  5.430597E-10  2.111001E-11
   1.230750E+04  5.490765E-10  2.122297E-11
   1.232250E+04  5.396867E-10  2.104087E-11
   1.233750E+04  5.384104E-10  2.101244E-11
   1.235250E+04  5.335788E-10  2.092514E-11
   1.236750E+04  5.318467E-10  2.089477E-11
   1.238250E+04  5.251917E-10  2.075302E-11
   1.239750E+04  5.122465E-10  2.050309E-11
   1.241250E+04  5.255564E-10  2.076383E-11
   1.242750E+04  5.174429E-10  2.059943E-11
   1.244250E+04  5.206336E-10  2.066643E-11
   1.245750E+04  5.149814E-10  2.055404E-11
   1.247250E+04  5.164401E-10  2.059764E-11
   1.248750E+04  5.031302E-10  2.032004E-11
   1.250250E+04  5.080530E-10  2.041543E-11
   1.251750E+04  4.962018E-10  2.017240E-11
   1.253250E+04  4.902762E-10  2.005538E-11
   1.254750E+04  5.010335E-10  2.027402E-11
   1.256250E+04  4.801571E-10  1.984751E-11
   1.257750E+04  4.921906E-10  2.009446E-11
   1.259250E+04  4.841683E-10  1.993392E-11
   1.260750E+04  4.675765E-10  1.958217E-11
   1.262250E+04  4.836213E-10  1.992267E-11
   1.263750E+04  4.679412E-10  1.959743E-11
   1.265250E+04  4.735933E-10  1.971529E-11
   1.266750E+04  4.570016E-10  1.936342E-11
   1.268250E+04  4.576397E-10  1.937692E-11
   1.269750E+04  4.651151E-10  1.953441E-11
   1.271250E+04  4.532639E-10  1.928026E-11
   1.272750E+04  4.631095E-10  1.950379E-11
   1.274250E+04  4.571839E-10  1.936342E-11
   1.275750E+04  4.441476E-10  1.908939E-11
   1.277250E+04  4.278293E-10  1.873972E-11
   1.278750E+04  4.332080E-10  1.885303E-11
   1.280250E+04  4.466090E-10  1.914217E-11
   1.281750E+04  4.249121E-10  1.867179E-11
   1.283250E+04  4.174367E-10  1.850696E-11
   1.284750E+04  4.160693E-10  1.847259E-11
   1.286250E+04  4.213567E-10  1.859760E-11
   1.287750E+04  4.324787E-10  1.883320E-11
   1.289250E+04  4.304731E-10  1.880143E-11
   1.290750E+04  3.957399E-10  1.801998E-11
   1.292250E+04  4.109641E-10  1.836303E-11
   1.293750E+04  4.103260E-10  1.835286E-11
   1.295250E+04  4.059501E-10  1.826306E-11
   1.296750E+04  4.072264E-10  1.827941E-11
   1.298250E+04  3.957399E-10  1.801583E-11
   1.299750E+04  3.908170E-10  1.790764E-11
   1.301250E+04  3.803333E-10  1.766179E-11
   1.302750E+04  3.890849E-10  1.786376E-11
   1.304250E+04  3.792393E-10  1.764062E-11
   1.305750E+04  3.833416E-10  1.774412E-11
   1.307250E+04  3.734049E-10  1.750024E-11
   1.308750E+04  3.626476E-10  1.725074E-11
   1.310250E+04  3.769602E-10  1.758332E-11
   1.311750E+04  3.705788E-10  1.743391E-11
   1.313250E+04  3.637415E-10  1.727672E-11
   1.314750E+04  3.691202E-10  1.740388E-11
   1.316250E+04  3.593657E-10  1.716821E-11
   1.317750E+04  3.503405E-10  1.696016E-11
   1.319250E+04  3.573601E-10  1.712026E-11
   1.320750E+04  3.528019E-10  1.701076E-11
   1.322250E+04  3.476056E-10  1.688949E-11
   1.323750E+04  3.366660E-10  1.662183E-11
   1.325250E+04  3.336577E-10  1.654294E-11
   1.326750E+04  3.477880E-10  1.689834E-11
   1.328250E+04  3.361191E-10  1.660383E-11
   1.329750E+04  3.230827E-10  1.627876E-11
   1.331250E+04  3.253618E-10  1.634521E-11
   1.332750E+04  3.333842E-10  1.654068E-11
   1.334250E+04  3.122343E-10  1.600320E-11
   1.335750E+04  3.147869E-10  1.606846E-11
   1.337250E+04  3.219888E-10  1.625118E-11
   1.338750E+04  3.263646E-10  1.636120E-11
   1.340250E+04  3.028445E-10  1.576080E-11
   1.341750E+04  3.109580E-10  1.597515E-11
   1.343250E+04  3.082231E-10  1.590011E-11
   1.344750E+04  3.084966E-10  1.591186E-11
   1.346250E+04  2.948221E-10  1.555071E-11
   1.347750E+04  2.950956E-10  1.555792E-11
   1.349250E+04  2.914490E-10  1.546636E-11
   1.350750E+04  2.850676E-10  1.529625E-11
   1.352250E+04  2.944574E-10  1.554109E-11
   1.353750E+04  2.904463E-10  1.543491E-11
   1.355250E+04  2.845206E-10  1.528158E-11
   1.356750E+04  2.734899E-10  1.498270E-11
   1.358250E+04  2.759513E-10  1.504991E-11
   1.359750E+04  2.755866E-10  1.503499E-11
   1.361250E+04  2.678378E-10  1.482217E-11
   1.362750E+04  2.697522E-10  1.487503E-11
   1.364250E+04  2.549837E-10  1.446221E-11
   1.365750E+04  2.677466E-10  1.481964E-11
   1.367250E+04  2.579010E-10  1.454468E-11
   1.368750E+04  2.557130E-10  1.448804E-11
   1.370250E+04  2.568070E-10  1.451896E-11
   1.371750E+04  2.556219E-10  1.448029E-11
   1.373250E+04  2.512460E-10  1.435585E-11
   1.374750E+04  2.416739E-10  1.407979E-11
   1.376250E+04  2.335604E-10  1.384148E-11
   1.377750E+04  2.369334E-10  1.394641E-11
   1.379250E+04  2.321929E-10  1.380091E-11
   1.380750E+04  2.340162E-10  1.385497E-11
   1.382250E+04  2.269966E-10  1.364564E-11
   1.383750E+04  2.279082E-10  1.367301E-11
   1.385250E+04  2.158747E-10  1.331284E-11
   1.386750E+04  2.213445E-10  1.347472E-11
   1.388250E+04  2.203417E-10  1.344417E-11
   1.389750E+04  2.076700E-10  1.305767E-11
   1.391250E+04  2.133221E-10  1.323398E-11
   1.392750E+04  2.023825E-10  1.288475E-11
   1.394250E+04  2.061202E-10  1.300316E-11
   1.395750E+04  2.058467E-10  1.299453E-11
   1.397250E+04  2.062114E-10  1.301178E-11
   1.398750E+04  2.036588E-10  1.292530E-11
   1.400250E+04  2.036588E-10  1.292530E-11
   1.401750E+04  1.950894E-10  1.265050E-11
   1.403250E+04  1.988271E-10  1.277109E-11
   1.404750E+04  1.801387E-10  1.216234E-11
   1.406250E+04  1.780419E-10  1.208525E-11
   1.407750E+04  1.885257E-10  1.243591E-11
   1.409250E+04  1.786801E-10  1.210688E-11
   1.410750E+04  1.829647E-10  1.225116E-11
   1.412250E+04  1.764010E-10  1.202943E-11
   1.413750E+04  1.753070E-10  1.199208E-11
   1.415250E+04  1.690167E-10  1.178136E-11
   1.416750E+04  1.652791E-10  1.164410E-11
   1.418250E+04  1.645497E-10  1.161839E-11
   1.419750E+04  1.651879E-10  1.164089E-11
   1.421250E+04  1.551599E-10  1.128207E-11
   1.422750E+04  1.587153E-10  1.141058E-11
   1.424250E+04  1.513311E-10  1.114202E-11
   1.425750E+04  1.531543E-10  1.120893E-11
   1.427250E+04  1.475934E-10  1.100358E-11
   1.428750E+04  1.475934E-10  1.100358E-11
   1.430250E+04  1.346482E-10  1.051714E-11
   1.431750E+04  1.362891E-10  1.058093E-11
   1.433250E+04  1.382036E-10  1.065488E-11
   1.434750E+04  1.331896E-10  1.045295E-11
   1.436250E+04  1.375654E-10  1.062325E-11
   1.437750E+04  1.322779E-10  1.041712E-11
   1.439250E+04  1.193328E-10  9.901886E-12
   1.440750E+04  1.183300E-10  9.852674E-12
   1.442250E+04  1.266258E-10  1.019216E-11
   1.443750E+04  1.178741E-10  9.833681E-12
   1.445250E+04  1.115839E-10  9.567729E-12
   1.446750E+04  1.130425E-10  9.630053E-12
   1.448250E+04  1.089401E-10  9.453718E-12
   1.449750E+04  1.070257E-10  9.370292E-12
   1.451250E+04  1.031968E-10  9.201171E-12
   1.452750E+04  1.007354E-10  9.090788E-12
   1.454250E+04  1.021941E-10  9.156361E-12
   1.455750E+04  9.572146E-11  8.861680E-12
   1.457250E+04  9.736240E-11  8.937308E-12
   1.458750E+04  9.243958E-11  8.708455E-12
   1.460250E+04  8.423488E-11  8.313039E-12
   1.461750E+04  8.487303E-11  8.344465E-12
   1.463250E+04  7.630368E-11  7.912035E-12
   1.464750E+04  7.757996E-11  7.977925E-12
   1.466250E+04  7.557437E-11  7.874135E-12
   1.467750E+04  6.828131E-11  7.484590E-12
   1.469250E+04  6.645804E-11  7.383993E-12
   1.470750E+04  6.937527E-11  7.544305E-12
   1.472250E+04  6.563757E-11  7.338274E-12
   1.473750E+04  5.962079E-11  6.993874E-12
   1.475250E+04  5.870916E-11  6.940201E-12
   1.476750E+04  5.898265E-11  6.956346E-12
   1.478250E+04  5.396867E-11  6.654125E-12
   1.479750E+04  5.323936E-11  6.609014E-12
   1.481250E+04  4.913702E-11  6.349294E-12
   1.482750E+04  4.275558E-11  5.922688E-12
   1.484250E+04  4.494350E-11  6.072331E-12
   1.485750E+04  3.682997E-11  5.496982E-12
   1.487250E+04  3.090436E-11  5.035409E-12
   1.488750E+04  3.309228E-11  5.210600E-12
   1.490250E+04  2.534340E-11  4.559932E-12
   1.491750E+04  2.506991E-11  4.535262E-12
   1.493250E+04  2.443176E-11  4.477170E-12
   1.494750E+04  1.695637E-11  3.729875E-12
   1.496250E+04  1.449496E-11  3.448552E-12
   1.497750E+04  1.385682E-11  3.371787E-12
   1.499250E+04  1.093960E-11  2.995916E-12
