 #  Results from PENEPMA. Output from photon detector #  1
 #
 #  Angular intervals : theta_1 = 5.000000E+01,  theta_2 = 6.000000E+01
 #                        phi_1 = 0.000000E+00,    phi_2 = 3.600000E+02
 #
 #  Intensities of characteristic lines. All in 1/(sr*electron).
 #    P = primary photons (from electron interactions);
 #    C = flourescence from characteristic x rays;
 #    B = flourescence from bremsstrahlung quanta;
 #   TF = C+B, total fluorescence;
 #  unc = statistical uncertainty (3 sigma).
 #
 # IZ S0 S1  E (eV)      P            unc       C            unc       B            unc       TF           unc       T            unc
   13 L3 M1  7.0570E+01  3.452052E-08 5.18E-08  0.000000E+00 0.00E+00  0.000000E+00 0.00E+00  0.000000E+00 0.00E+00  3.452052E-08 5.18E-08
   20 L1 L3  7.8910E+01  2.589039E-08 4.48E-08  0.000000E+00 0.00E+00  0.000000E+00 0.00E+00  0.000000E+00 0.00E+00  2.589039E-08 4.48E-08
   14 L3 M1  9.4350E+01  2.416436E-07 1.37E-07  0.000000E+00 0.00E+00  0.000000E+00 0.00E+00  0.000000E+00 0.00E+00  2.416436E-07 1.37E-07
   14 L2 M1  9.5040E+01  8.630129E-08 8.19E-08  0.000000E+00 0.00E+00  0.000000E+00 0.00E+00  0.000000E+00 0.00E+00  8.630129E-08 8.19E-08
   20 L3 M1  3.0269E+02  2.606376E-06 4.50E-07  1.726026E-08 3.66E-08  6.320693E-10 3.30E-10  1.789233E-08 3.69E-08  2.624268E-06 4.51E-07
   20 L2 M1  3.0643E+02  1.363580E-06 3.25E-07  0.000000E+00 0.00E+00  5.171476E-10 2.99E-10  5.171476E-10 2.99E-10  1.364097E-06 3.25E-07
   20 L3 N1  3.4975E+02  6.904103E-08 7.32E-08  0.000000E+00 0.00E+00  0.000000E+00 0.00E+00  0.000000E+00 0.00E+00  6.904103E-08 7.32E-08
   20 L2 N1  3.5359E+02  8.630129E-09 2.59E-08  0.000000E+00 0.00E+00  3.830723E-11 8.13E-11  3.830723E-11 8.13E-11  8.668436E-09 2.59E-08
   20 L1 M2  4.1543E+02  1.553423E-07 1.10E-07  0.000000E+00 0.00E+00  9.576808E-11 1.28E-10  9.576808E-11 1.28E-10  1.554381E-07 1.10E-07
   20 L1 M3  4.1580E+02  2.330135E-07 1.35E-07  0.000000E+00 0.00E+00  7.661447E-11 1.15E-10  7.661447E-11 1.15E-10  2.330901E-07 1.35E-07
    8  K L2  5.2309E+02  2.502762E-05 1.40E-06  1.726026E-08 3.66E-08  1.045787E-08 1.34E-09  2.771813E-08 3.80E-08  2.505534E-05 1.40E-06
    8  K L3  5.2313E+02  4.860527E-05 1.94E-06  5.178077E-08 6.34E-08  2.139459E-08 1.92E-09  7.317536E-08 6.53E-08  4.867844E-05 1.94E-06
   25 L3 M1  5.5622E+02  8.630129E-09 2.59E-08  0.000000E+00 0.00E+00  0.000000E+00 0.00E+00  0.000000E+00 0.00E+00  8.630129E-09 2.59E-08
   25 L2 M1  5.6742E+02  8.630129E-09 2.59E-08  0.000000E+00 0.00E+00  0.000000E+00 0.00E+00  0.000000E+00 0.00E+00  8.630129E-09 2.59E-08
   26 L3 M1  6.1530E+02  2.347414E-06 4.27E-07  0.000000E+00 0.00E+00  1.532289E-09 5.14E-10  1.532289E-09 5.14E-10  2.348946E-06 4.27E-07
   26 L2 M1  6.2780E+02  1.078785E-06 2.89E-07  0.000000E+00 0.00E+00  6.703766E-10 3.40E-10  6.703766E-10 3.40E-10  1.079456E-06 2.89E-07
   25 L3 M5  6.3744E+02  8.630129E-09 2.59E-08  0.000000E+00 0.00E+00  0.000000E+00 0.00E+00  0.000000E+00 0.00E+00  8.630129E-09 2.59E-08
   25 L3 N1  6.4497E+02  8.630129E-09 2.59E-08  0.000000E+00 0.00E+00  0.000000E+00 0.00E+00  0.000000E+00 0.00E+00  8.630129E-09 2.59E-08
   26 L3 M3  6.5680E+02  8.630129E-09 2.59E-08  0.000000E+00 0.00E+00  0.000000E+00 0.00E+00  0.000000E+00 0.00E+00  8.630129E-09 2.59E-08
   26 L3 M4  7.0480E+02  7.767116E-08 7.77E-08  0.000000E+00 0.00E+00  1.532289E-10 1.63E-10  1.532289E-10 1.63E-10  7.782439E-08 7.77E-08
   26 L3 M5  7.0480E+02  9.665744E-07 2.74E-07  8.630129E-09 2.59E-08  8.236055E-10 3.77E-10  9.453734E-09 2.63E-08  9.760282E-07 2.75E-07
   26 L3 N1  7.1316E+02  5.178077E-08 6.34E-08  0.000000E+00 0.00E+00  5.746085E-11 9.95E-11  5.746085E-11 9.95E-11  5.183823E-08 6.34E-08
   26 L2 M4  7.1832E+02  5.005475E-07 1.97E-07  0.000000E+00 0.00E+00  4.788404E-10 2.87E-10  4.788404E-10 2.87E-10  5.010263E-07 1.97E-07
   25 L1 M3  7.2120E+02  8.630129E-09 2.59E-08  0.000000E+00 0.00E+00  0.000000E+00 0.00E+00  0.000000E+00 0.00E+00  8.630129E-09 2.59E-08
   26 L2 N1  7.2602E+02  4.316980E-08 5.79E-08  0.000000E+00 0.00E+00  1.915362E-11 5.75E-11  1.915362E-11 5.75E-11  4.318895E-08 5.79E-08
   26 L1 M3  7.9220E+02  1.639724E-07 1.13E-07  0.000000E+00 0.00E+00  1.340753E-10 1.52E-10  1.340753E-10 1.52E-10  1.641065E-07 1.13E-07
   26 L1 M2  7.9220E+02  1.121917E-07 9.33E-08  0.000000E+00 0.00E+00  5.746085E-11 9.95E-11  5.746085E-11 9.95E-11  1.122491E-07 9.33E-08
   11  K L3  1.0410E+03  4.315064E-08 5.79E-08  0.000000E+00 0.00E+00  1.915362E-10 1.82E-10  1.915362E-10 1.82E-10  4.334218E-08 5.79E-08
   11  K L2  1.0410E+03  3.452052E-08 5.18E-08  0.000000E+00 0.00E+00  9.576808E-11 1.28E-10  9.576808E-11 1.28E-10  3.461628E-08 5.18E-08
   12  K L2  1.2534E+03  1.100343E-05 9.24E-07  7.767116E-08 7.77E-08  1.863647E-08 1.79E-09  9.630763E-08 7.95E-08  1.109974E-05 9.28E-07
   12  K L3  1.2537E+03  2.360356E-05 1.35E-06  1.035615E-07 8.97E-08  3.800077E-08 2.56E-09  1.415623E-07 9.22E-08  2.374512E-05 1.36E-06
   13  K L2  1.4863E+03  4.565357E-06 5.95E-07  5.178077E-08 6.34E-08  1.005565E-08 1.32E-09  6.183642E-08 6.47E-08  4.627194E-06 5.99E-07
   13  K L3  1.4867E+03  8.845978E-06 8.29E-07  6.041090E-08 6.85E-08  1.911531E-08 1.82E-09  7.952621E-08 7.03E-08  8.925504E-06 8.32E-07
   13  K M2  1.5576E+03  8.630129E-09 2.59E-08  0.000000E+00 0.00E+00  3.830723E-11 8.13E-11  3.830723E-11 8.13E-11  8.668436E-09 2.59E-08
   13  K M3  1.5576E+03  3.452052E-08 5.18E-08  0.000000E+00 0.00E+00  1.340753E-10 1.52E-10  1.340753E-10 1.52E-10  3.465459E-08 5.18E-08
   14  K L2  1.7394E+03  1.973724E-05 1.24E-06  4.315064E-08 5.79E-08  5.497088E-08 3.08E-09  9.812152E-08 6.10E-08  1.983536E-05 1.24E-06
   14  K L3  1.7400E+03  4.115733E-05 1.79E-06  6.904103E-08 7.32E-08  1.091948E-07 4.34E-09  1.782358E-07 7.76E-08  4.133557E-05 1.79E-06
   14  K M3  1.8360E+03  7.853417E-07 2.47E-07  0.000000E+00 0.00E+00  2.183512E-09 6.14E-10  2.183512E-09 6.14E-10  7.875252E-07 2.47E-07
   14  K M2  1.8360E+03  3.969859E-07 1.76E-07  0.000000E+00 0.00E+00  9.002200E-10 3.94E-10  9.002200E-10 3.94E-10  3.978861E-07 1.76E-07
   20  K L2  3.6881E+03  6.032460E-06 6.84E-07  1.726026E-08 3.66E-08  8.067503E-08 3.73E-09  9.793529E-08 4.03E-08  6.130395E-06 6.85E-07
   20  K L3  3.6917E+03  1.193547E-05 9.63E-07  2.589039E-08 4.48E-08  1.604498E-07 5.26E-09  1.863402E-07 5.01E-08  1.212181E-05 9.64E-07
   20  K M3  4.0128E+03  1.354930E-06 3.24E-07  0.000000E+00 0.00E+00  1.900039E-08 1.81E-09  1.900039E-08 1.81E-09  1.373931E-06 3.24E-07
   20  K M2  4.0128E+03  5.868488E-07 2.13E-07  0.000000E+00 0.00E+00  9.653423E-09 1.29E-09  9.653423E-09 1.29E-09  5.965022E-07 2.14E-07
   25  K L2  5.8877E+03  8.630129E-09 2.59E-08  0.000000E+00 0.00E+00  6.129157E-10 3.25E-10  6.129157E-10 3.25E-10  9.243045E-09 2.59E-08
   25  K L3  5.8988E+03  5.178077E-08 6.34E-08  0.000000E+00 0.00E+00  1.417368E-09 4.94E-10  1.417368E-09 4.94E-10  5.319814E-08 6.34E-08
   26  K L2  6.3910E+03  1.225478E-06 3.09E-07  0.000000E+00 0.00E+00  6.801449E-08 3.42E-09  6.801449E-08 3.42E-09  1.293493E-06 3.09E-07
   26  K L3  6.4040E+03  2.571798E-06 4.47E-07  0.000000E+00 0.00E+00  1.342477E-07 4.81E-09  1.342477E-07 4.81E-09  2.706045E-06 4.47E-07
   25  K M3  6.4906E+03  0.000000E+00 0.00E+00  0.000000E+00 0.00E+00  1.723825E-10 1.72E-10  1.723825E-10 1.72E-10  1.723825E-10 1.72E-10
   25  K M2  6.4906E+03  0.000000E+00 0.00E+00  0.000000E+00 0.00E+00  1.149217E-10 1.41E-10  1.149217E-10 1.41E-10  1.149217E-10 1.41E-10
   26  K M3  7.0582E+03  2.847943E-07 1.49E-07  0.000000E+00 0.00E+00  1.792778E-08 1.76E-09  1.792778E-08 1.76E-09  3.027220E-07 1.49E-07
   26  K M2  7.0582E+03  1.553423E-07 1.10E-07  0.000000E+00 0.00E+00  9.136275E-09 1.25E-09  9.136275E-09 1.25E-09  1.644786E-07 1.10E-07
