 #  Results from PENEPMA. Output from photon detector #  1
 #
 #  Angular intervals : theta_1 = 5.000000E+01,  theta_2 = 6.000000E+01
 #                        phi_1 = 0.000000E+00,    phi_2 = 3.600000E+02
 #  Energy window = ( 0.00000E+00, 2.00000E+04) eV, no. of channels =  1000
 #  Channel width = 2.000000E+01 eV
 #
 #  Whole spectrum. Characteristic peaks and background.
 #  1st column: photon energy (eV).
 #  2nd column: probability density (1/(eV*sr*electron)).
 #  3rd column: statistical uncertainty (3 sigma).
 #
   1.000000E+01  1.000000E-35  1.000000E-35
   3.000000E+01  1.000000E-35  1.000000E-35
   5.000001E+01  7.168790E-09  1.316798E-09
   7.000001E+01  1.498787E-08  3.895865E-09
   9.000001E+01  2.640022E-08  7.985326E-09
   1.100000E+02  8.229900E-09  1.320230E-09
   1.300000E+02  6.998731E-09  2.456973E-10
   1.500000E+02  7.829590E-09  1.318937E-09
   1.700000E+02  8.339076E-09  1.320636E-09
   1.900000E+02  8.975384E-09  2.783793E-10
   2.100000E+02  1.007863E-08  2.948806E-10
   2.300000E+02  1.132649E-08  3.125526E-10
   2.500000E+02  1.276780E-08  3.320390E-10
   2.700000E+02  1.447398E-08  1.340496E-09
   2.900000E+02  1.597316E-08  3.711545E-10
   3.100000E+02  2.170922E-07  2.782699E-08
   3.300000E+02  2.025605E-08  1.875900E-09
   3.500000E+02  2.165483E-08  4.111839E-09
   3.700000E+02  1.469041E-08  1.341159E-09
   3.900000E+02  1.553071E-08  3.660410E-10
   4.100000E+02  3.630553E-08  8.692232E-09
   4.300000E+02  1.853071E-08  1.353443E-09
   4.500000E+02  1.836927E-08  3.980694E-10
   4.700000E+02  1.905593E-08  4.053289E-10
   4.900000E+02  2.022813E-08  4.176815E-10
   5.100001E+02  2.185195E-08  1.364023E-09
   5.300001E+02  3.707758E-06  1.196766E-07
   5.500001E+02  8.624465E-09  1.321522E-09
   5.700001E+02  9.468732E-09  1.850890E-09
   5.900001E+02  8.851843E-09  2.762542E-10
   6.100001E+02  1.265252E-07  2.135131E-08
   6.300001E+02  6.415251E-08  1.453399E-08
   6.500001E+02  1.129790E-08  1.855137E-09
   6.700001E+02  1.085723E-08  3.058653E-10
   6.900001E+02  1.139161E-08  3.133947E-10
   7.100001E+02  9.203200E-08  1.765758E-08
   7.300001E+02  1.343765E-08  3.185610E-09
   7.500001E+02  1.090224E-08  3.066591E-10
   7.700001E+02  1.137054E-08  3.131055E-10
   7.900001E+02  2.555416E-08  7.329793E-09
   8.100001E+02  1.229758E-08  3.255381E-10
   8.300001E+02  1.280898E-08  3.323980E-10
   8.500001E+02  1.299190E-08  3.345336E-10
   8.700001E+02  1.331751E-08  3.389116E-10
   8.900001E+02  1.386722E-08  3.457903E-10
   9.100001E+02  1.405205E-08  3.480567E-10
   9.300001E+02  1.442554E-08  3.527093E-10
   9.500001E+02  1.469657E-08  3.559735E-10
   9.700001E+02  1.502888E-08  3.601469E-10
   9.900001E+02  1.541196E-08  3.645989E-10
   1.010000E+03  1.545697E-08  3.650612E-10
   1.030000E+03  1.581610E-08  3.692198E-10
   1.050000E+03  2.007028E-08  3.901455E-09
   1.070000E+03  1.627483E-08  3.745646E-10
   1.090000E+03  1.632558E-08  3.751684E-10
   1.110000E+03  1.663204E-08  3.789016E-10
   1.130000E+03  1.702469E-08  3.830264E-10
   1.150000E+03  1.748821E-08  3.883180E-10
   1.170000E+03  1.715110E-08  3.845276E-10
   1.190000E+03  1.741159E-08  3.873630E-10
   1.210000E+03  1.763378E-08  3.900521E-10
   1.230000E+03  1.763473E-08  3.896815E-10
   1.250000E+03  1.759862E-06  8.217592E-08
   1.270000E+03  1.842633E-08  1.353112E-09
   1.290000E+03  1.786936E-08  3.924278E-10
   1.310000E+03  1.622407E-08  3.739819E-10
   1.330000E+03  1.540525E-08  3.645425E-10
   1.350000E+03  1.535162E-08  3.636374E-10
   1.370000E+03  1.515913E-08  3.615380E-10
   1.390000E+03  1.583429E-08  3.694092E-10
   1.410000E+03  1.545984E-08  3.652081E-10
   1.430000E+03  1.564467E-08  3.673316E-10
   1.450000E+03  1.572608E-08  3.682154E-10
   1.470000E+03  1.554124E-08  3.659166E-10
   1.490000E+03  6.930219E-07  5.124204E-08
   1.510000E+03  1.574427E-08  3.684949E-10
   1.530000E+03  1.547612E-08  3.651962E-10
   1.550000E+03  1.789031E-08  2.917970E-09
   1.570000E+03  1.482011E-08  3.574159E-10
   1.590000E+03  1.494269E-08  3.590019E-10
   1.610000E+03  1.493024E-08  3.586227E-10
   1.630000E+03  1.490534E-08  3.586696E-10
   1.650000E+03  1.480287E-08  3.571161E-10
   1.670000E+03  1.530333E-08  1.343153E-09
   1.690000E+03  1.476552E-08  3.567357E-10
   1.710000E+03  1.481436E-08  3.573699E-10
   1.730000E+03  3.073305E-06  1.088381E-07
   1.750000E+03  1.460846E-08  3.548151E-10
   1.770000E+03  1.447343E-08  3.532223E-10
   1.790000E+03  1.468986E-08  3.558462E-10
   1.810000E+03  1.451652E-08  3.537230E-10
   1.830000E+03  7.382252E-08  1.515601E-08
   1.850000E+03  1.258105E-08  3.292861E-10
   1.870000E+03  1.190397E-08  3.202967E-10
   1.890000E+03  1.199687E-08  3.216185E-10
   1.910000E+03  1.178713E-08  3.188796E-10
   1.930000E+03  1.194228E-08  3.209392E-10
   1.950000E+03  1.164827E-08  3.167929E-10
   1.970000E+03  1.199495E-08  3.215415E-10
   1.990000E+03  1.177277E-08  3.185303E-10
   2.010000E+03  1.177085E-08  3.186340E-10
   2.030000E+03  1.192408E-08  3.205409E-10
   2.050000E+03  1.179288E-08  3.188017E-10
   2.070000E+03  1.196526E-08  3.211186E-10
   2.090000E+03  1.164731E-08  3.168581E-10
   2.110000E+03  1.181299E-08  3.191246E-10
   2.130000E+03  1.179096E-08  3.189053E-10
   2.150000E+03  1.147972E-08  3.146015E-10
   2.170000E+03  1.157166E-08  3.157773E-10
   2.190000E+03  1.151994E-08  3.150460E-10
   2.210000E+03  1.165593E-08  3.169230E-10
   2.230000E+03  1.144812E-08  3.143005E-10
   2.250000E+03  1.142609E-08  3.137886E-10
   2.270000E+03  1.131308E-08  3.122888E-10
   2.290000E+03  1.119146E-08  3.107953E-10
   2.310000E+03  1.105164E-08  3.086939E-10
   2.330000E+03  1.108132E-08  3.090539E-10
   2.350000E+03  1.121923E-08  3.110732E-10
   2.370000E+03  1.105930E-08  3.086670E-10
   2.390000E+03  1.116656E-08  3.103973E-10
   2.410000E+03  1.111388E-08  3.095067E-10
   2.430000E+03  1.098172E-08  3.077988E-10
   2.450000E+03  1.078253E-08  3.048943E-10
   2.470000E+03  1.085244E-08  3.057710E-10
   2.490000E+03  1.083424E-08  3.055690E-10
   2.510000E+03  1.081126E-08  3.052182E-10
   2.530000E+03  1.065037E-08  3.030242E-10
   2.550000E+03  1.053066E-08  3.013750E-10
   2.570000E+03  1.067048E-08  3.032006E-10
   2.590000E+03  1.039658E-08  2.994277E-10
   2.610000E+03  1.049043E-08  3.006082E-10
   2.630000E+03  1.034966E-08  2.986975E-10
   2.650000E+03  1.029603E-08  2.978688E-10
   2.670000E+03  1.024623E-08  2.972043E-10
   2.690000E+03  1.015237E-08  2.957591E-10
   2.710000E+03  9.971372E-09  2.933399E-10
   2.730000E+03  1.002692E-08  2.941253E-10
   2.750000E+03  9.939768E-09  2.926223E-10
   2.770000E+03  9.904334E-09  2.921574E-10
   2.790000E+03  9.881350E-09  2.919037E-10
   2.810000E+03  9.775047E-09  2.903044E-10
   2.830000E+03  9.691729E-09  2.891242E-10
   2.850000E+03  9.739613E-09  2.897503E-10
   2.870000E+03  9.617987E-09  2.879389E-10
   2.890000E+03  9.618945E-09  2.879819E-10
   2.910000E+03  9.378567E-09  2.842811E-10
   2.930000E+03  9.398679E-09  2.845273E-10
   2.950000E+03  9.452309E-09  2.854817E-10
   2.970000E+03  9.387186E-09  2.845566E-10
   2.990000E+03  9.178412E-09  2.813237E-10
   3.010000E+03  9.164047E-09  2.810158E-10
   3.030000E+03  9.070194E-09  2.797228E-10
   3.050000E+03  9.089348E-09  2.799878E-10
   3.070000E+03  9.015606E-09  2.787339E-10
   3.090000E+03  9.039548E-09  2.791919E-10
   3.110000E+03  8.953357E-09  2.778605E-10
   3.130000E+03  9.010818E-09  2.787488E-10
   3.150000E+03  8.642111E-09  2.729983E-10
   3.170000E+03  8.777144E-09  2.750583E-10
   3.190000E+03  8.835562E-09  2.759706E-10
   3.210000E+03  8.626788E-09  2.726356E-10
   3.230000E+03  8.522401E-09  2.709221E-10
   3.250000E+03  8.638280E-09  2.728471E-10
   3.270000E+03  8.574115E-09  2.718334E-10
   3.290000E+03  8.455363E-09  2.699776E-10
   3.310000E+03  8.489840E-09  2.704350E-10
   3.330000E+03  8.402691E-09  2.691368E-10
   3.350000E+03  8.347145E-09  2.682473E-10
   3.370000E+03  8.350976E-09  2.683087E-10
   3.390000E+03  8.243716E-09  2.665210E-10
   3.410000E+03  7.990888E-09  2.624701E-10
   3.430000E+03  7.992803E-09  2.625329E-10
   3.450000E+03  8.017703E-09  2.628779E-10
   3.470000E+03  7.921935E-09  2.613687E-10
   3.490000E+03  7.806056E-09  2.594219E-10
   3.510000E+03  7.851067E-09  2.601358E-10
   3.530000E+03  7.747637E-09  2.583552E-10
   3.550000E+03  7.734229E-09  2.581957E-10
   3.570000E+03  7.639419E-09  2.565784E-10
   3.590000E+03  7.748595E-09  2.584670E-10
   3.610000E+03  7.555143E-09  2.552256E-10
   3.630000E+03  7.509175E-09  2.543844E-10
   3.650000E+03  7.352115E-09  2.517788E-10
   3.670000E+03  7.415322E-09  2.528895E-10
   3.690000E+03  9.199344E-07  5.913486E-08
   3.710000E+03  7.260178E-09  2.501363E-10
   3.730000E+03  7.313808E-09  2.511231E-10
   3.750000E+03  7.347326E-09  2.515985E-10
   3.770000E+03  7.157706E-09  2.484333E-10
   3.790000E+03  7.190267E-09  2.490962E-10
   3.810000E+03  6.939354E-09  2.447224E-10
   3.830000E+03  7.074387E-09  2.470191E-10
   3.850000E+03  6.970958E-09  2.451429E-10
   3.870000E+03  6.733453E-09  2.409025E-10
   3.890000E+03  6.956593E-09  2.448232E-10
   3.910000E+03  6.859867E-09  2.431167E-10
   3.930000E+03  6.725792E-09  2.407313E-10
   3.950000E+03  6.771760E-09  2.415518E-10
   3.970000E+03  6.739199E-09  2.410052E-10
   3.990000E+03  6.665458E-09  2.397190E-10
   4.010000E+03  1.050319E-07  1.941933E-08
   4.030000E+03  6.491160E-09  2.365337E-10
   4.050000E+03  6.318777E-09  2.333047E-10
   4.070000E+03  6.275682E-09  2.325792E-10
   4.090000E+03  6.268020E-09  2.324729E-10
   4.110000E+03  6.223967E-09  2.316201E-10
   4.130000E+03  6.153099E-09  2.303709E-10
   4.150000E+03  6.114791E-09  2.295461E-10
   4.170000E+03  6.184702E-09  2.309249E-10
   4.190000E+03  6.078400E-09  2.288626E-10
   4.210000E+03  6.085103E-09  2.290607E-10
   4.230000E+03  5.792053E-09  2.234484E-10
   4.250000E+03  5.736507E-09  2.223386E-10
   4.270000E+03  5.869625E-09  2.249380E-10
   4.290000E+03  5.785349E-09  2.233192E-10
   4.310000E+03  5.919425E-09  2.258891E-10
   4.330000E+03  5.762365E-09  2.228387E-10
   4.350000E+03  5.656062E-09  2.207380E-10
   4.370000E+03  5.607221E-09  2.199711E-10
   4.390000E+03  5.688623E-09  2.215213E-10
   4.410000E+03  5.725973E-09  2.220973E-10
   4.430000E+03  5.658935E-09  2.208314E-10
   4.450000E+03  5.492299E-09  2.175585E-10
   4.470000E+03  5.589982E-09  2.195583E-10
   4.490000E+03  5.513368E-09  2.180508E-10
   4.510000E+03  5.406108E-09  2.158844E-10
   4.530000E+03  5.443457E-09  2.165899E-10
   4.550000E+03  5.346731E-09  2.147739E-10
   4.570000E+03  5.275863E-09  2.133098E-10
   4.590000E+03  5.278736E-09  2.132904E-10
   4.610000E+03  5.269159E-09  2.130970E-10
   4.630000E+03  5.229894E-09  2.122633E-10
   4.650000E+03  5.123592E-09  2.101353E-10
   4.670000E+03  5.158068E-09  2.108797E-10
   4.690000E+03  5.134126E-09  2.103118E-10
   4.710000E+03  5.068046E-09  2.090336E-10
   4.730000E+03  5.061343E-09  2.088560E-10
   4.750000E+03  5.097734E-09  2.096048E-10
   4.770000E+03  4.944506E-09  2.063933E-10
   4.790000E+03  4.966532E-09  2.068922E-10
   4.810000E+03  4.798938E-09  2.033338E-10
   4.830000E+03  4.919606E-09  2.058732E-10
   4.850000E+03  4.928225E-09  2.061335E-10
   4.870000E+03  4.852568E-09  2.044663E-10
   4.890000E+03  4.729985E-09  2.018684E-10
   4.910000E+03  4.825753E-09  2.039818E-10
   4.930000E+03  4.570052E-09  1.984692E-10
   4.950000E+03  4.767335E-09  2.027449E-10
   4.970000E+03  4.714662E-09  2.016231E-10
   4.990000E+03  4.676355E-09  2.007212E-10
   5.010001E+03  4.682101E-09  2.008444E-10
   5.030001E+03  4.576756E-09  1.986146E-10
   5.050001E+03  4.656244E-09  2.003305E-10
   5.070001E+03  4.557603E-09  1.981989E-10
   5.090001E+03  4.526957E-09  1.976155E-10
   5.110001E+03  4.398628E-09  1.948415E-10
   5.130001E+03  4.413950E-09  1.950106E-10
   5.150001E+03  4.418739E-09  1.952009E-10
   5.170001E+03  4.249229E-09  1.914250E-10
   5.190001E+03  4.345955E-09  1.935460E-10
   5.210001E+03  4.305733E-09  1.926062E-10
   5.230001E+03  4.356490E-09  1.937803E-10
   5.250001E+03  4.185065E-09  1.898892E-10
   5.270001E+03  4.295198E-09  1.924134E-10
   5.290001E+03  4.257848E-09  1.915757E-10
   5.310001E+03  4.182192E-09  1.898675E-10
   5.330001E+03  4.211880E-09  1.905829E-10
   5.350001E+03  4.071101E-09  1.872868E-10
   5.370001E+03  4.140054E-09  1.889093E-10
   5.390001E+03  4.114196E-09  1.882752E-10
   5.410001E+03  4.064397E-09  1.872208E-10
   5.430001E+03  4.248272E-09  1.913172E-10
   5.450001E+03  4.145800E-09  1.891276E-10
   5.470001E+03  3.933195E-09  1.840886E-10
   5.490001E+03  3.954264E-09  1.846255E-10
   5.510001E+03  4.036624E-09  1.865367E-10
   5.530001E+03  3.893930E-09  1.832128E-10
   5.550001E+03  3.774220E-09  1.803312E-10
   5.570001E+03  3.954264E-09  1.846255E-10
   5.590001E+03  3.768474E-09  1.801939E-10
   5.610001E+03  3.857538E-09  1.823553E-10
   5.630001E+03  3.825934E-09  1.816529E-10
   5.650001E+03  3.811569E-09  1.812665E-10
   5.670001E+03  3.758897E-09  1.801024E-10
   5.690001E+03  3.783797E-09  1.806511E-10
   5.710001E+03  3.756024E-09  1.799878E-10
   5.730001E+03  3.727293E-09  1.792070E-10
   5.750001E+03  3.727293E-09  1.792991E-10
   5.770001E+03  3.705267E-09  1.786769E-10
   5.790001E+03  3.666959E-09  1.777511E-10
   5.810001E+03  3.750278E-09  1.798503E-10
   5.830001E+03  3.609499E-09  1.764470E-10
   5.850001E+03  3.678452E-09  1.780294E-10
   5.870001E+03  3.525223E-09  1.742831E-10
   5.890001E+03  6.597482E-09  3.429469E-09
   5.910001E+03  3.435201E-09  1.720442E-10
   5.930001E+03  3.513731E-09  1.739989E-10
   5.950001E+03  3.472550E-09  1.729766E-10
   5.970001E+03  3.489789E-09  1.735005E-10
   5.990001E+03  3.467762E-09  1.729051E-10
   6.010001E+03  3.385401E-09  1.708896E-10
   6.030001E+03  3.411259E-09  1.714919E-10
   6.050001E+03  3.429455E-09  1.719003E-10
   6.070001E+03  3.360502E-09  1.701639E-10
   6.090001E+03  3.316448E-09  1.690452E-10
   6.110001E+03  3.258030E-09  1.676487E-10
   6.130001E+03  3.217807E-09  1.665626E-10
   6.150001E+03  3.245580E-09  1.673285E-10
   6.170001E+03  3.210146E-09  1.663147E-10
   6.190001E+03  3.278141E-09  1.680664E-10
   6.210001E+03  3.322194E-09  1.691915E-10
   6.230001E+03  3.140235E-09  1.644943E-10
   6.250001E+03  3.162262E-09  1.651200E-10
   6.270001E+03  3.354756E-09  1.700669E-10
   6.290001E+03  3.221638E-09  1.666121E-10
   6.310001E+03  3.042552E-09  1.619163E-10
   6.330001E+03  3.232172E-09  1.668842E-10
   6.350001E+03  3.077986E-09  1.629069E-10
   6.370001E+03  3.188119E-09  1.657931E-10
   6.390001E+03  6.769516E-08  1.542766E-08
   6.410001E+03  1.382452E-07  2.234856E-08
   6.430001E+03  2.909434E-09  1.584398E-10
   6.450001E+03  2.953487E-09  1.595295E-10
   6.470001E+03  2.908476E-09  1.584138E-10
   6.490001E+03  2.970726E-09  1.600458E-10
   6.510001E+03  2.927630E-09  1.588298E-10
   6.530001E+03  2.959233E-09  1.596845E-10
   6.550001E+03  2.919011E-09  1.585959E-10
   6.570001E+03  2.845269E-09  1.566330E-10
   6.590001E+03  2.839523E-09  1.564222E-10
   6.610001E+03  2.941995E-09  1.592707E-10
   6.630001E+03  2.868254E-09  1.573163E-10
   6.650001E+03  2.781105E-09  1.550183E-10
   6.670001E+03  2.806005E-09  1.556026E-10
   6.690001E+03  2.888365E-09  1.577614E-10
   6.710001E+03  2.874958E-09  1.573949E-10
   6.730001E+03  2.779189E-09  1.547519E-10
   6.750001E+03  2.726517E-09  1.533326E-10
   6.770001E+03  2.750459E-09  1.540037E-10
   6.790001E+03  2.760994E-09  1.542446E-10
   6.810001E+03  2.715025E-09  1.529555E-10
   6.830001E+03  2.635537E-09  1.507003E-10
   6.850001E+03  2.647987E-09  1.511650E-10
   6.870001E+03  2.747586E-09  1.538697E-10
   6.890001E+03  2.594357E-09  1.495186E-10
   6.910001E+03  2.595315E-09  1.495462E-10
   6.930001E+03  2.534981E-09  1.477981E-10
   6.950001E+03  2.487097E-09  1.463959E-10
   6.970001E+03  2.544558E-09  1.480770E-10
   6.990001E+03  2.516785E-09  1.472669E-10
   7.010001E+03  2.517743E-09  1.472949E-10
   7.030001E+03  2.531150E-09  1.476865E-10
   7.050001E+03  2.584330E-08  9.246476E-09
   7.070001E+03  2.400906E-09  1.438374E-10
   7.090001E+03  2.581907E-09  1.491595E-10
   7.110001E+03  2.372175E-09  1.429744E-10
   7.130001E+03  2.376006E-09  1.431474E-10
   7.150001E+03  2.299391E-09  1.408230E-10
   7.170001E+03  2.354937E-09  1.424541E-10
   7.190001E+03  2.530192E-09  1.476585E-10
   7.210001E+03  2.375048E-09  1.430609E-10
   7.230001E+03  2.372175E-09  1.430321E-10
   7.250001E+03  2.296518E-09  1.407351E-10
   7.270001E+03  2.300349E-09  1.407937E-10
   7.290001E+03  2.373133E-09  1.430032E-10
   7.310001E+03  2.317587E-09  1.413201E-10
   7.330001E+03  2.327164E-09  1.416117E-10
   7.350001E+03  2.316630E-09  1.413493E-10
   7.370001E+03  2.215115E-09  1.382209E-10
   7.390001E+03  2.243846E-09  1.390541E-10
   7.410001E+03  2.292688E-09  1.406178E-10
   7.430001E+03  2.274492E-09  1.400592E-10
   7.450001E+03  2.240015E-09  1.389354E-10
   7.470001E+03  2.125094E-09  1.353252E-10
   7.490001E+03  2.211285E-09  1.380417E-10
   7.510001E+03  2.183512E-09  1.371723E-10
   7.530001E+03  2.172020E-09  1.368109E-10
   7.550001E+03  2.178724E-09  1.370218E-10
   7.570001E+03  2.172978E-09  1.368411E-10
   7.590001E+03  2.133713E-09  1.356602E-10
   7.610001E+03  2.141374E-09  1.358425E-10
   7.630001E+03  2.125094E-09  1.353862E-10
   7.650001E+03  2.051352E-09  1.329570E-10
   7.670001E+03  2.072421E-09  1.336379E-10
   7.690001E+03  2.050394E-09  1.329881E-10
   7.710001E+03  2.014960E-09  1.317726E-10
   7.730001E+03  2.054225E-09  1.330501E-10
   7.750001E+03  1.964203E-09  1.301026E-10
   7.770001E+03  1.931642E-09  1.291478E-10
   7.790001E+03  1.954626E-09  1.298487E-10
   7.810001E+03  2.052310E-09  1.329880E-10
   7.830001E+03  1.992934E-09  1.310505E-10
   7.850001E+03  1.885673E-09  1.274758E-10
   7.870001E+03  2.004426E-09  1.314905E-10
   7.890001E+03  1.912488E-09  1.283788E-10
   7.910001E+03  1.876097E-09  1.271517E-10
   7.930001E+03  1.895250E-09  1.277990E-10
   7.950001E+03  1.879927E-09  1.272814E-10
   7.970001E+03  2.002510E-09  1.313650E-10
   7.990001E+03  1.836832E-09  1.258799E-10
   8.010001E+03  1.902912E-09  1.280570E-10
   8.030001E+03  1.840662E-09  1.259454E-10
   8.050001E+03  1.781286E-09  1.238977E-10
   8.070001E+03  1.806186E-09  1.247605E-10
   8.090001E+03  1.911531E-09  1.283467E-10
   8.110001E+03  1.820551E-09  1.252556E-10
   8.130001E+03  1.855985E-09  1.265337E-10
   8.150001E+03  1.766921E-09  1.234641E-10
   8.170001E+03  1.752556E-09  1.228947E-10
   8.190001E+03  1.697010E-09  1.209318E-10
   8.210001E+03  1.784159E-09  1.241307E-10
   8.230001E+03  1.755429E-09  1.229953E-10
   8.250001E+03  1.715206E-09  1.215783E-10
   8.270001E+03  1.717122E-09  1.216461E-10
   8.290001E+03  1.674026E-09  1.201101E-10
   8.310001E+03  1.705629E-09  1.213065E-10
   8.330001E+03  1.625184E-09  1.183453E-10
   8.350001E+03  1.725741E-09  1.219510E-10
   8.370001E+03  1.680730E-09  1.203504E-10
   8.390001E+03  1.628057E-09  1.184498E-10
   8.410001E+03  1.693180E-09  1.208635E-10
   8.430001E+03  1.638592E-09  1.188324E-10
   8.450001E+03  1.615607E-09  1.179961E-10
   8.470001E+03  1.593581E-09  1.171891E-10
   8.490001E+03  1.654872E-09  1.194211E-10
   8.510001E+03  1.676899E-09  1.202132E-10
   8.530001E+03  1.683603E-09  1.205217E-10
   8.550001E+03  1.538035E-09  1.152006E-10
   8.570001E+03  1.559104E-09  1.159147E-10
   8.590001E+03  1.594538E-09  1.172243E-10
   8.610001E+03  1.598369E-09  1.173650E-10
   8.630001E+03  1.582089E-09  1.167658E-10
   8.650001E+03  1.516966E-09  1.143378E-10
   8.670001E+03  1.505474E-09  1.139039E-10
   8.690001E+03  1.561020E-09  1.159859E-10
   8.710001E+03  1.493982E-09  1.135411E-10
   8.730001E+03  1.510262E-09  1.140849E-10
   8.750001E+03  1.506432E-09  1.139401E-10
   8.770001E+03  1.476744E-09  1.128119E-10
   8.790001E+03  1.523670E-09  1.145901E-10
   8.810001E+03  1.519839E-09  1.144460E-10
   8.830001E+03  1.468125E-09  1.124823E-10
   8.850001E+03  1.454717E-09  1.119676E-10
   8.870001E+03  1.454717E-09  1.119676E-10
   8.890001E+03  1.386722E-09  1.093198E-10
   8.910001E+03  1.442267E-09  1.114875E-10
   8.930001E+03  1.432690E-09  1.111168E-10
   8.950001E+03  1.430775E-09  1.111168E-10
   8.970001E+03  1.384806E-09  1.093198E-10
   8.990001E+03  1.493982E-09  1.134684E-10
   9.010001E+03  1.389595E-09  1.094330E-10
   9.030001E+03  1.357991E-09  1.081816E-10
   9.050001E+03  1.424071E-09  1.107821E-10
   9.070001E+03  1.416410E-09  1.104837E-10
   9.090001E+03  1.349372E-09  1.078378E-10
   9.110001E+03  1.378103E-09  1.089796E-10
   9.130001E+03  1.391510E-09  1.095084E-10
   9.150001E+03  1.319684E-09  1.066450E-10
   9.170001E+03  1.287123E-09  1.053213E-10
   9.190001E+03  1.298615E-09  1.057904E-10
   9.210001E+03  1.312023E-09  1.063350E-10
   9.230001E+03  1.297657E-09  1.057514E-10
   9.250001E+03  1.309150E-09  1.062186E-10
   9.270001E+03  1.248816E-09  1.038219E-10
   9.290001E+03  1.262223E-09  1.043768E-10
   9.310001E+03  1.212424E-09  1.022198E-10
   9.330001E+03  1.290954E-09  1.054779E-10
   9.350001E+03  1.259350E-09  1.041790E-10
   9.370001E+03  1.207635E-09  1.020177E-10
   9.390001E+03  1.229662E-09  1.029438E-10
   9.410001E+03  1.258392E-09  1.041394E-10
   9.430001E+03  1.193270E-09  1.014092E-10
   9.450001E+03  1.180820E-09  1.009607E-10
   9.470001E+03  1.173159E-09  1.005511E-10
   9.490001E+03  1.271800E-09  1.046926E-10
   9.510001E+03  1.217212E-09  1.024214E-10
   9.530001E+03  1.204762E-09  1.018963E-10
   9.550001E+03  1.217212E-09  1.024214E-10
   9.570001E+03  1.258392E-09  1.041394E-10
   9.590001E+03  1.136767E-09  9.897943E-11
   9.610001E+03  1.154005E-09  9.972700E-11
   9.630001E+03  1.151132E-09  9.960280E-11
   9.650001E+03  1.196143E-09  1.015312E-10
   9.670001E+03  1.105164E-09  9.767854E-11
   9.690001E+03  1.126233E-09  9.851978E-11
   9.710001E+03  1.098460E-09  9.729758E-11
   9.730001E+03  1.089841E-09  9.691514E-11
   9.750001E+03  1.101333E-09  9.742473E-11
   9.770001E+03  1.119529E-09  9.822616E-11
   9.790001E+03  1.130063E-09  9.868718E-11
   9.810001E+03  1.094629E-09  9.712780E-11
   9.830001E+03  1.137725E-09  9.902111E-11
   9.850001E+03  1.052491E-09  9.524015E-11
   9.870001E+03  1.044830E-09  9.489291E-11
   9.890001E+03  1.073560E-09  9.618861E-11
   9.910001E+03  1.039084E-09  9.463164E-11
   9.930001E+03  1.046745E-09  9.497984E-11
   9.950001E+03  1.038126E-09  9.458803E-11
   9.970001E+03  1.030464E-09  9.423838E-11
   9.990001E+03  9.979033E-10  9.273767E-11
   1.001000E+04  1.014184E-09  9.349104E-11
   1.003000E+04  1.012269E-09  9.340272E-11
   1.005000E+04  9.730036E-10  9.157347E-11
   1.007000E+04  9.844958E-10  9.211262E-11
   1.009000E+04  9.548077E-10  9.080420E-11
   1.011000E+04  9.730036E-10  9.157347E-11
   1.013000E+04  9.548077E-10  9.071326E-11
   1.015000E+04  1.013226E-09  9.344689E-11
   1.017000E+04  9.615114E-10  9.103112E-11
   1.019000E+04  9.500193E-10  9.048552E-11
   1.021000E+04  9.883265E-10  9.229164E-11
   1.023000E+04  9.605538E-10  9.098578E-11
   1.025000E+04  9.519346E-10  9.057668E-11
   1.027000E+04  9.385271E-10  8.993661E-11
   1.029000E+04  9.662998E-10  9.125749E-11
   1.031000E+04  9.662998E-10  9.125749E-11
   1.033000E+04  9.289503E-10  8.947662E-11
   1.035000E+04  9.672575E-10  9.130270E-11
   1.037000E+04  9.471462E-10  9.034861E-11
   1.039000E+04  9.279926E-10  8.943049E-11
   1.041000E+04  8.973468E-10  8.794155E-11
   1.043000E+04  8.743625E-10  8.680808E-11
   1.045000E+04  9.452309E-10  9.034862E-11
   1.047000E+04  8.801086E-10  8.709283E-11
   1.049000E+04  8.647857E-10  8.633141E-11
   1.051000E+04  8.322245E-10  8.469065E-11
   1.053000E+04  8.322245E-10  8.469065E-11
   1.055000E+04  8.963892E-10  8.789461E-11
   1.057000E+04  7.939173E-10  8.281841E-11
   1.059000E+04  8.408437E-10  8.512805E-11
   1.061000E+04  8.465898E-10  8.541840E-11
   1.063000E+04  8.207324E-10  8.410392E-11
   1.065000E+04  8.188170E-10  8.400573E-11
   1.067000E+04  8.370129E-10  8.493393E-11
   1.069000E+04  7.987057E-10  8.296774E-11
   1.071000E+04  7.671023E-10  8.130984E-11
   1.073000E+04  7.987057E-10  8.296774E-11
   1.075000E+04  7.814675E-10  8.206759E-11
   1.077000E+04  7.508217E-10  8.044244E-11
   1.079000E+04  8.341399E-10  8.478805E-11
   1.081000E+04  7.690176E-10  8.141128E-11
   1.083000E+04  7.699753E-10  8.146196E-11
   1.085000E+04  7.297527E-10  7.930583E-11
   1.087000E+04  7.699753E-10  8.146196E-11
   1.089000E+04  7.776367E-10  8.186621E-11
   1.091000E+04  7.297527E-10  7.930583E-11
   1.093000E+04  7.594408E-10  8.090281E-11
   1.095000E+04  7.086837E-10  7.815268E-11
   1.097000E+04  7.450756E-10  8.013405E-11
   1.099000E+04  7.278373E-10  7.920169E-11
   1.101000E+04  6.837840E-10  7.676754E-11
   1.103000E+04  7.192182E-10  7.873137E-11
   1.105000E+04  7.125145E-10  7.836361E-11
   1.107000E+04  7.297527E-10  7.930583E-11
   1.109000E+04  7.230489E-10  7.894074E-11
   1.111000E+04  6.991069E-10  7.762286E-11
   1.113000E+04  7.048530E-10  7.794119E-11
   1.115000E+04  6.330270E-10  7.386356E-11
   1.117000E+04  6.588843E-10  7.535693E-11
   1.119000E+04  6.454768E-10  7.458633E-11
   1.121000E+04  6.224925E-10  7.324642E-11
   1.123000E+04  6.732495E-10  7.617393E-11
   1.125000E+04  6.655881E-10  7.573930E-11
   1.127000E+04  6.368577E-10  7.408670E-11
   1.129000E+04  6.636727E-10  7.563025E-11
   1.131000E+04  5.947197E-10  7.159391E-11
   1.133000E+04  6.502652E-10  7.486245E-11
   1.135000E+04  5.956774E-10  7.165153E-11
   1.137000E+04  6.090849E-10  7.245336E-11
   1.139000E+04  5.918467E-10  7.142078E-11
   1.141000E+04  5.717354E-10  7.019689E-11
   1.143000E+04  6.119580E-10  7.262403E-11
   1.145000E+04  6.138733E-10  7.273759E-11
   1.147000E+04  6.071696E-10  7.233936E-11
   1.149000E+04  6.368577E-10  7.408670E-11
   1.151000E+04  5.583279E-10  6.936897E-11
   1.153000E+04  5.889736E-10  7.124722E-11
   1.155000E+04  6.090849E-10  7.245336E-11
   1.157000E+04  5.746084E-10  7.049023E-11
   1.159000E+04  5.698200E-10  7.007922E-11
   1.161000E+04  5.612009E-10  6.954721E-11
   1.163000E+04  6.157887E-10  7.285097E-11
   1.165000E+04  5.784392E-10  7.060721E-11
   1.167000E+04  5.554548E-10  6.919027E-11
   1.169000E+04  5.554548E-10  6.919027E-11
   1.171000E+04  5.525818E-10  6.901111E-11
   1.173000E+04  5.295974E-10  6.756070E-11
   1.175000E+04  5.363012E-10  6.798693E-11
   1.177000E+04  5.506664E-10  6.889141E-11
   1.179000E+04  5.439626E-10  6.847081E-11
   1.181000E+04  5.142745E-10  6.657620E-11
   1.183000E+04  4.979940E-10  6.551396E-11
   1.185000E+04  5.181053E-10  6.682368E-11
   1.187000E+04  4.884172E-10  6.488099E-11
   1.189000E+04  4.970363E-10  6.545094E-11
   1.191000E+04  4.663905E-10  6.340117E-11
   1.193000E+04  4.759673E-10  6.404877E-11
   1.195000E+04  4.865018E-10  6.475365E-11
   1.197000E+04  4.721366E-10  6.379052E-11
   1.199000E+04  4.788404E-10  6.424178E-11
   1.201000E+04  4.730943E-10  6.385518E-11
   1.203000E+04  4.769250E-10  6.411317E-11
   1.205000E+04  4.558560E-10  6.268108E-11
   1.207000E+04  4.481946E-10  6.215214E-11
   1.209000E+04  4.510676E-10  6.235102E-11
   1.211000E+04  4.539407E-10  6.254927E-11
   1.213000E+04  4.539407E-10  6.254927E-11
   1.215000E+04  4.740520E-10  6.391978E-11
   1.217000E+04  4.367024E-10  6.135018E-11
   1.219000E+04  4.290410E-10  6.080966E-11
   1.221000E+04  4.261679E-10  6.060572E-11
   1.223000E+04  4.204218E-10  6.019577E-11
   1.225000E+04  3.620033E-10  5.585741E-11
   1.227000E+04  4.060566E-10  5.915847E-11
   1.229000E+04  4.194642E-10  6.012717E-11
   1.231000E+04  4.319140E-10  6.101291E-11
   1.233000E+04  4.635175E-10  6.320560E-11
   1.235000E+04  4.060566E-10  5.915847E-11
   1.237000E+04  4.070143E-10  5.922819E-11
   1.239000E+04  3.907337E-10  5.803158E-11
   1.241000E+04  3.591303E-10  5.563531E-11
   1.243000E+04  3.830723E-10  5.745984E-11
   1.245000E+04  3.734955E-10  5.673707E-11
   1.247000E+04  3.495535E-10  5.488852E-11
   1.249000E+04  3.706224E-10  5.651844E-11
   1.251000E+04  3.734955E-10  5.673707E-11
   1.253000E+04  3.734955E-10  5.673707E-11
   1.255000E+04  3.610456E-10  5.578347E-11
   1.257000E+04  3.667917E-10  5.622561E-11
   1.259000E+04  3.361459E-10  5.382561E-11
   1.261000E+04  3.351883E-10  5.374888E-11
   1.263000E+04  3.734955E-10  5.673707E-11
   1.265000E+04  3.505111E-10  5.496366E-11
   1.267000E+04  2.949657E-10  5.042101E-11
   1.269000E+04  3.418920E-10  5.428369E-11
   1.271000E+04  3.572149E-10  5.548676E-11
   1.273000E+04  3.294422E-10  5.328620E-11
   1.275000E+04  3.485958E-10  5.481328E-11
   1.277000E+04  3.572149E-10  5.548676E-11
   1.279000E+04  3.035848E-10  5.115236E-11
   1.281000E+04  2.738967E-10  4.858695E-11
   1.283000E+04  3.035848E-10  5.115236E-11
   1.285000E+04  3.150770E-10  5.211152E-11
   1.287000E+04  3.179500E-10  5.234856E-11
   1.289000E+04  2.815581E-10  4.926178E-11
   1.291000E+04  3.112462E-10  5.179377E-11
   1.293000E+04  2.920926E-10  5.017486E-11
   1.295000E+04  2.796428E-10  4.909394E-11
   1.297000E+04  2.949657E-10  5.042101E-11
   1.299000E+04  2.806005E-10  4.917793E-11
   1.301000E+04  2.997541E-10  5.082861E-11
   1.303000E+04  2.777274E-10  4.892553E-11
   1.305000E+04  2.844312E-10  4.951247E-11
   1.307000E+04  2.815581E-10  4.926178E-11
   1.309000E+04  2.729390E-10  4.850193E-11
   1.311000E+04  2.748544E-10  4.867181E-11
   1.313000E+04  2.614468E-10  4.746988E-11
   1.315000E+04  2.394202E-10  4.542629E-11
   1.317000E+04  2.806005E-10  4.917793E-11
   1.319000E+04  2.796428E-10  4.909394E-11
   1.321000E+04  2.643199E-10  4.772999E-11
   1.323000E+04  2.700660E-10  4.824599E-11
   1.325000E+04  2.422932E-10  4.569803E-11
   1.327000E+04  2.499547E-10  4.641489E-11
   1.329000E+04  2.279280E-10  4.432268E-11
   1.331000E+04  2.796428E-10  4.909394E-11
   1.333000E+04  2.260126E-10  4.413606E-11
   1.335000E+04  2.346318E-10  4.496974E-11
   1.337000E+04  2.240973E-10  4.394865E-11
   1.339000E+04  2.355895E-10  4.506142E-11
   1.341000E+04  2.279280E-10  4.432268E-11
   1.343000E+04  2.154782E-10  4.309521E-11
   1.345000E+04  2.193089E-10  4.347658E-11
   1.347000E+04  2.279280E-10  4.432268E-11
   1.349000E+04  1.982399E-10  4.133551E-11
   1.351000E+04  2.039860E-10  4.193028E-11
   1.353000E+04  2.164358E-10  4.319087E-11
   1.355000E+04  1.953669E-10  4.103489E-11
   1.357000E+04  1.857901E-10  4.001651E-11
   1.359000E+04  2.039860E-10  4.193028E-11
   1.361000E+04  1.675941E-10  3.800649E-11
   1.363000E+04  1.570596E-10  3.679263E-11
   1.365000E+04  1.771709E-10  3.907728E-11
   1.367000E+04  1.733402E-10  3.865252E-11
   1.369000E+04  1.790863E-10  3.928794E-11
   1.371000E+04  1.704672E-10  3.833087E-11
   1.373000E+04  1.723825E-10  3.854560E-11
   1.375000E+04  1.580173E-10  3.690463E-11
   1.377000E+04  1.599327E-10  3.712762E-11
   1.379000E+04  1.580173E-10  3.690463E-11
   1.381000E+04  1.522712E-10  3.622743E-11
   1.383000E+04  1.637634E-10  3.756962E-11
   1.385000E+04  1.714248E-10  3.843839E-11
   1.387000E+04  1.407791E-10  3.483356E-11
   1.389000E+04  1.522712E-10  3.622743E-11
   1.391000E+04  1.522712E-10  3.622743E-11
   1.393000E+04  1.264139E-10  3.300855E-11
   1.395000E+04  1.292869E-10  3.338154E-11
   1.397000E+04  1.570596E-10  3.679263E-11
   1.399000E+04  1.484405E-10  3.576885E-11
   1.401000E+04  1.254562E-10  3.288328E-11
   1.403000E+04  1.197101E-10  3.212141E-11
   1.405000E+04  1.244985E-10  3.275754E-11
   1.407000E+04  1.283292E-10  3.325767E-11
   1.409000E+04  1.158794E-10  3.160330E-11
   1.411000E+04  1.254562E-10  3.288328E-11
   1.413000E+04  1.302446E-10  3.350494E-11
   1.415000E+04  1.206678E-10  3.224964E-11
   1.417000E+04  1.139640E-10  3.134103E-11
   1.419000E+04  1.177947E-10  3.186341E-11
   1.421000E+04  7.565678E-11  2.553607E-11
   1.423000E+04  9.289503E-11  2.829606E-11
   1.425000E+04  1.043872E-10  2.999530E-11
   1.427000E+04  9.959879E-11  2.929926E-11
   1.429000E+04  9.289503E-11  2.829606E-11
   1.431000E+04  8.619126E-11  2.725596E-11
   1.433000E+04  9.097967E-11  2.800284E-11
   1.435000E+04  7.469910E-11  2.537394E-11
   1.437000E+04  8.523358E-11  2.710412E-11
   1.439000E+04  8.427590E-11  2.695142E-11
   1.441000E+04  7.757214E-11  2.585729E-11
   1.443000E+04  7.565678E-11  2.553607E-11
   1.445000E+04  6.799533E-11  2.420861E-11
   1.447000E+04  7.086837E-11  2.471476E-11
   1.449000E+04  7.661446E-11  2.569718E-11
   1.451000E+04  6.991069E-11  2.454720E-11
   1.453000E+04  6.416461E-11  2.351680E-11
   1.455000E+04  6.607997E-11  2.386521E-11
   1.457000E+04  6.033389E-11  2.280400E-11
   1.459000E+04  5.363012E-11  2.149983E-11
   1.461000E+04  5.458780E-11  2.169094E-11
   1.463000E+04  5.075708E-11  2.091601E-11
   1.465000E+04  5.267244E-11  2.130700E-11
   1.467000E+04  4.596867E-11  1.990498E-11
   1.469000E+04  3.543419E-11  1.747601E-11
   1.471000E+04  4.213795E-11  1.905757E-11
   1.473000E+04  2.394202E-11  1.436520E-11
   1.475000E+04  4.788404E-11  2.031543E-11
   1.477000E+04  2.968810E-11  1.599640E-11
   1.479000E+04  3.256114E-11  1.675255E-11
   1.481000E+04  3.639187E-11  1.771059E-11
   1.483000E+04  3.543419E-11  1.747601E-11
   1.485000E+04  2.298434E-11  1.407496E-11
   1.487000E+04  2.202666E-11  1.377861E-11
   1.489000E+04  1.819593E-11  1.252329E-11
   1.491000E+04  1.053449E-11  9.528798E-12
   1.493000E+04  1.149217E-11  9.952505E-12
   1.495000E+04  6.703765E-12  7.601353E-12
   1.497000E+04  7.661446E-12  8.126188E-12
   1.499000E+04  5.746084E-12  7.037485E-12
   1.501000E+04  1.000000E-35  1.000000E-35
   1.503000E+04  1.000000E-35  1.000000E-35
   1.505000E+04  1.000000E-35  1.000000E-35
   1.507000E+04  1.000000E-35  1.000000E-35
   1.509000E+04  1.000000E-35  1.000000E-35
   1.511000E+04  1.000000E-35  1.000000E-35
   1.513000E+04  1.000000E-35  1.000000E-35
   1.515000E+04  1.000000E-35  1.000000E-35
   1.517000E+04  1.000000E-35  1.000000E-35
   1.519000E+04  1.000000E-35  1.000000E-35
   1.521000E+04  1.000000E-35  1.000000E-35
   1.523000E+04  1.000000E-35  1.000000E-35
   1.525000E+04  1.000000E-35  1.000000E-35
   1.527000E+04  1.000000E-35  1.000000E-35
   1.529000E+04  1.000000E-35  1.000000E-35
   1.531000E+04  1.000000E-35  1.000000E-35
   1.533000E+04  1.000000E-35  1.000000E-35
   1.535000E+04  1.000000E-35  1.000000E-35
   1.537000E+04  1.000000E-35  1.000000E-35
   1.539000E+04  1.000000E-35  1.000000E-35
   1.541000E+04  1.000000E-35  1.000000E-35
   1.543000E+04  1.000000E-35  1.000000E-35
   1.545000E+04  1.000000E-35  1.000000E-35
   1.547000E+04  1.000000E-35  1.000000E-35
   1.549000E+04  1.000000E-35  1.000000E-35
   1.551000E+04  1.000000E-35  1.000000E-35
   1.553000E+04  1.000000E-35  1.000000E-35
   1.555000E+04  1.000000E-35  1.000000E-35
   1.557000E+04  1.000000E-35  1.000000E-35
   1.559000E+04  1.000000E-35  1.000000E-35
   1.561000E+04  1.000000E-35  1.000000E-35
   1.563000E+04  1.000000E-35  1.000000E-35
   1.565000E+04  1.000000E-35  1.000000E-35
   1.567000E+04  1.000000E-35  1.000000E-35
   1.569000E+04  1.000000E-35  1.000000E-35
   1.571000E+04  1.000000E-35  1.000000E-35
   1.573000E+04  1.000000E-35  1.000000E-35
   1.575000E+04  1.000000E-35  1.000000E-35
   1.577000E+04  1.000000E-35  1.000000E-35
   1.579000E+04  1.000000E-35  1.000000E-35
   1.581000E+04  1.000000E-35  1.000000E-35
   1.583000E+04  1.000000E-35  1.000000E-35
   1.585000E+04  1.000000E-35  1.000000E-35
   1.587000E+04  1.000000E-35  1.000000E-35
   1.589000E+04  1.000000E-35  1.000000E-35
   1.591000E+04  1.000000E-35  1.000000E-35
   1.593000E+04  1.000000E-35  1.000000E-35
   1.595000E+04  1.000000E-35  1.000000E-35
   1.597000E+04  1.000000E-35  1.000000E-35
   1.599000E+04  1.000000E-35  1.000000E-35
   1.601000E+04  1.000000E-35  1.000000E-35
   1.603000E+04  1.000000E-35  1.000000E-35
   1.605000E+04  1.000000E-35  1.000000E-35
   1.607000E+04  1.000000E-35  1.000000E-35
   1.609000E+04  1.000000E-35  1.000000E-35
   1.611000E+04  1.000000E-35  1.000000E-35
   1.613000E+04  1.000000E-35  1.000000E-35
   1.615000E+04  1.000000E-35  1.000000E-35
   1.617000E+04  1.000000E-35  1.000000E-35
   1.619000E+04  1.000000E-35  1.000000E-35
   1.621000E+04  1.000000E-35  1.000000E-35
   1.623000E+04  1.000000E-35  1.000000E-35
   1.625000E+04  1.000000E-35  1.000000E-35
   1.627000E+04  1.000000E-35  1.000000E-35
   1.629000E+04  1.000000E-35  1.000000E-35
   1.631000E+04  1.000000E-35  1.000000E-35
   1.633000E+04  1.000000E-35  1.000000E-35
   1.635000E+04  1.000000E-35  1.000000E-35
   1.637000E+04  1.000000E-35  1.000000E-35
   1.639000E+04  1.000000E-35  1.000000E-35
   1.641000E+04  1.000000E-35  1.000000E-35
   1.643000E+04  1.000000E-35  1.000000E-35
   1.645000E+04  1.000000E-35  1.000000E-35
   1.647000E+04  1.000000E-35  1.000000E-35
   1.649000E+04  1.000000E-35  1.000000E-35
   1.651000E+04  1.000000E-35  1.000000E-35
   1.653000E+04  1.000000E-35  1.000000E-35
   1.655000E+04  1.000000E-35  1.000000E-35
   1.657000E+04  1.000000E-35  1.000000E-35
   1.659000E+04  1.000000E-35  1.000000E-35
   1.661000E+04  1.000000E-35  1.000000E-35
   1.663000E+04  1.000000E-35  1.000000E-35
   1.665000E+04  1.000000E-35  1.000000E-35
   1.667000E+04  1.000000E-35  1.000000E-35
   1.669000E+04  1.000000E-35  1.000000E-35
   1.671000E+04  1.000000E-35  1.000000E-35
   1.673000E+04  1.000000E-35  1.000000E-35
   1.675000E+04  1.000000E-35  1.000000E-35
   1.677000E+04  1.000000E-35  1.000000E-35
   1.679000E+04  1.000000E-35  1.000000E-35
   1.681000E+04  1.000000E-35  1.000000E-35
   1.683000E+04  1.000000E-35  1.000000E-35
   1.685000E+04  1.000000E-35  1.000000E-35
   1.687000E+04  1.000000E-35  1.000000E-35
   1.689000E+04  1.000000E-35  1.000000E-35
   1.691000E+04  1.000000E-35  1.000000E-35
   1.693000E+04  1.000000E-35  1.000000E-35
   1.695000E+04  1.000000E-35  1.000000E-35
   1.697000E+04  1.000000E-35  1.000000E-35
   1.699000E+04  1.000000E-35  1.000000E-35
   1.701000E+04  1.000000E-35  1.000000E-35
   1.703000E+04  1.000000E-35  1.000000E-35
   1.705000E+04  1.000000E-35  1.000000E-35
   1.707000E+04  1.000000E-35  1.000000E-35
   1.709000E+04  1.000000E-35  1.000000E-35
   1.711000E+04  1.000000E-35  1.000000E-35
   1.713000E+04  1.000000E-35  1.000000E-35
   1.715000E+04  1.000000E-35  1.000000E-35
   1.717000E+04  1.000000E-35  1.000000E-35
   1.719000E+04  1.000000E-35  1.000000E-35
   1.721000E+04  1.000000E-35  1.000000E-35
   1.723000E+04  1.000000E-35  1.000000E-35
   1.725000E+04  1.000000E-35  1.000000E-35
   1.727000E+04  1.000000E-35  1.000000E-35
   1.729000E+04  1.000000E-35  1.000000E-35
   1.731000E+04  1.000000E-35  1.000000E-35
   1.733000E+04  1.000000E-35  1.000000E-35
   1.735000E+04  1.000000E-35  1.000000E-35
   1.737000E+04  1.000000E-35  1.000000E-35
   1.739000E+04  1.000000E-35  1.000000E-35
   1.741000E+04  1.000000E-35  1.000000E-35
   1.743000E+04  1.000000E-35  1.000000E-35
   1.745000E+04  1.000000E-35  1.000000E-35
   1.747000E+04  1.000000E-35  1.000000E-35
   1.749000E+04  1.000000E-35  1.000000E-35
   1.751000E+04  1.000000E-35  1.000000E-35
   1.753000E+04  1.000000E-35  1.000000E-35
   1.755000E+04  1.000000E-35  1.000000E-35
   1.757000E+04  1.000000E-35  1.000000E-35
   1.759000E+04  1.000000E-35  1.000000E-35
   1.761000E+04  1.000000E-35  1.000000E-35
   1.763000E+04  1.000000E-35  1.000000E-35
   1.765000E+04  1.000000E-35  1.000000E-35
   1.767000E+04  1.000000E-35  1.000000E-35
   1.769000E+04  1.000000E-35  1.000000E-35
   1.771000E+04  1.000000E-35  1.000000E-35
   1.773000E+04  1.000000E-35  1.000000E-35
   1.775000E+04  1.000000E-35  1.000000E-35
   1.777000E+04  1.000000E-35  1.000000E-35
   1.779000E+04  1.000000E-35  1.000000E-35
   1.781000E+04  1.000000E-35  1.000000E-35
   1.783000E+04  1.000000E-35  1.000000E-35
   1.785000E+04  1.000000E-35  1.000000E-35
   1.787000E+04  1.000000E-35  1.000000E-35
   1.789000E+04  1.000000E-35  1.000000E-35
   1.791000E+04  1.000000E-35  1.000000E-35
   1.793000E+04  1.000000E-35  1.000000E-35
   1.795000E+04  1.000000E-35  1.000000E-35
   1.797000E+04  1.000000E-35  1.000000E-35
   1.799000E+04  1.000000E-35  1.000000E-35
   1.801000E+04  1.000000E-35  1.000000E-35
   1.803000E+04  1.000000E-35  1.000000E-35
   1.805000E+04  1.000000E-35  1.000000E-35
   1.807000E+04  1.000000E-35  1.000000E-35
   1.809000E+04  1.000000E-35  1.000000E-35
   1.811000E+04  1.000000E-35  1.000000E-35
   1.813000E+04  1.000000E-35  1.000000E-35
   1.815000E+04  1.000000E-35  1.000000E-35
   1.817000E+04  1.000000E-35  1.000000E-35
   1.819000E+04  1.000000E-35  1.000000E-35
   1.821000E+04  1.000000E-35  1.000000E-35
   1.823000E+04  1.000000E-35  1.000000E-35
   1.825000E+04  1.000000E-35  1.000000E-35
   1.827000E+04  1.000000E-35  1.000000E-35
   1.829000E+04  1.000000E-35  1.000000E-35
   1.831000E+04  1.000000E-35  1.000000E-35
   1.833000E+04  1.000000E-35  1.000000E-35
   1.835000E+04  1.000000E-35  1.000000E-35
   1.837000E+04  1.000000E-35  1.000000E-35
   1.839000E+04  1.000000E-35  1.000000E-35
   1.841000E+04  1.000000E-35  1.000000E-35
   1.843000E+04  1.000000E-35  1.000000E-35
   1.845000E+04  1.000000E-35  1.000000E-35
   1.847000E+04  1.000000E-35  1.000000E-35
   1.849000E+04  1.000000E-35  1.000000E-35
   1.851000E+04  1.000000E-35  1.000000E-35
   1.853000E+04  1.000000E-35  1.000000E-35
   1.855000E+04  1.000000E-35  1.000000E-35
   1.857000E+04  1.000000E-35  1.000000E-35
   1.859000E+04  1.000000E-35  1.000000E-35
   1.861000E+04  1.000000E-35  1.000000E-35
   1.863000E+04  1.000000E-35  1.000000E-35
   1.865000E+04  1.000000E-35  1.000000E-35
   1.867000E+04  1.000000E-35  1.000000E-35
   1.869000E+04  1.000000E-35  1.000000E-35
   1.871000E+04  1.000000E-35  1.000000E-35
   1.873000E+04  1.000000E-35  1.000000E-35
   1.875000E+04  1.000000E-35  1.000000E-35
   1.877000E+04  1.000000E-35  1.000000E-35
   1.879000E+04  1.000000E-35  1.000000E-35
   1.881000E+04  1.000000E-35  1.000000E-35
   1.883000E+04  1.000000E-35  1.000000E-35
   1.885000E+04  1.000000E-35  1.000000E-35
   1.887000E+04  1.000000E-35  1.000000E-35
   1.889000E+04  1.000000E-35  1.000000E-35
   1.891000E+04  1.000000E-35  1.000000E-35
   1.893000E+04  1.000000E-35  1.000000E-35
   1.895000E+04  1.000000E-35  1.000000E-35
   1.897000E+04  1.000000E-35  1.000000E-35
   1.899000E+04  1.000000E-35  1.000000E-35
   1.901000E+04  1.000000E-35  1.000000E-35
   1.903000E+04  1.000000E-35  1.000000E-35
   1.905000E+04  1.000000E-35  1.000000E-35
   1.907000E+04  1.000000E-35  1.000000E-35
   1.909000E+04  1.000000E-35  1.000000E-35
   1.911000E+04  1.000000E-35  1.000000E-35
   1.913000E+04  1.000000E-35  1.000000E-35
   1.915000E+04  1.000000E-35  1.000000E-35
   1.917000E+04  1.000000E-35  1.000000E-35
   1.919000E+04  1.000000E-35  1.000000E-35
   1.921000E+04  1.000000E-35  1.000000E-35
   1.923000E+04  1.000000E-35  1.000000E-35
   1.925000E+04  1.000000E-35  1.000000E-35
   1.927000E+04  1.000000E-35  1.000000E-35
   1.929000E+04  1.000000E-35  1.000000E-35
   1.931000E+04  1.000000E-35  1.000000E-35
   1.933000E+04  1.000000E-35  1.000000E-35
   1.935000E+04  1.000000E-35  1.000000E-35
   1.937000E+04  1.000000E-35  1.000000E-35
   1.939000E+04  1.000000E-35  1.000000E-35
   1.941000E+04  1.000000E-35  1.000000E-35
   1.943000E+04  1.000000E-35  1.000000E-35
   1.945000E+04  1.000000E-35  1.000000E-35
   1.947000E+04  1.000000E-35  1.000000E-35
   1.949000E+04  1.000000E-35  1.000000E-35
   1.951000E+04  1.000000E-35  1.000000E-35
   1.953000E+04  1.000000E-35  1.000000E-35
   1.955000E+04  1.000000E-35  1.000000E-35
   1.957000E+04  1.000000E-35  1.000000E-35
   1.959000E+04  1.000000E-35  1.000000E-35
   1.961000E+04  1.000000E-35  1.000000E-35
   1.963000E+04  1.000000E-35  1.000000E-35
   1.965000E+04  1.000000E-35  1.000000E-35
   1.967000E+04  1.000000E-35  1.000000E-35
   1.969000E+04  1.000000E-35  1.000000E-35
   1.971000E+04  1.000000E-35  1.000000E-35
   1.973000E+04  1.000000E-35  1.000000E-35
   1.975000E+04  1.000000E-35  1.000000E-35
   1.977000E+04  1.000000E-35  1.000000E-35
   1.979000E+04  1.000000E-35  1.000000E-35
   1.981000E+04  1.000000E-35  1.000000E-35
   1.983000E+04  1.000000E-35  1.000000E-35
   1.985000E+04  1.000000E-35  1.000000E-35
   1.987000E+04  1.000000E-35  1.000000E-35
   1.989000E+04  1.000000E-35  1.000000E-35
   1.991000E+04  1.000000E-35  1.000000E-35
   1.993000E+04  1.000000E-35  1.000000E-35
   1.995000E+04  1.000000E-35  1.000000E-35
   1.997000E+04  1.000000E-35  1.000000E-35
   1.999000E+04  1.000000E-35  1.000000E-35
