 #  Results from PENEPMA.
 #  Angular distribution of emerging photons.
 #  1st and 2nd columns: THETA and PHI (deg).
 #  3rd and 4th columns: probability density and STU (1/sr)

   2.000000E+00  6.000001E+00  3.951361E-04  3.116827E-04
   2.000000E+00  1.800000E+01  2.977632E-04  2.608465E-04
   2.000000E+00  3.000000E+01  3.533886E-04  2.833777E-04
   2.000000E+00  4.200000E+01  3.648448E-04  2.957172E-04
   2.000000E+00  5.400001E+01  3.284365E-04  2.788181E-04
   2.000000E+00  6.600001E+01  3.633219E-04  2.957125E-04
   2.000000E+00  7.800001E+01  5.227750E-04  3.687125E-04
   2.000000E+00  9.000001E+01  4.753026E-04  3.432735E-04
   2.000000E+00  1.020000E+02  3.634029E-04  2.957121E-04
   2.000000E+00  1.140000E+02  2.077733E-04  2.005196E-04
   2.000000E+00  1.260000E+02  5.137839E-04  3.572515E-04
   2.000000E+00  1.380000E+02  3.766880E-04  2.978747E-04
   2.000000E+00  1.500000E+02  4.975110E-04  3.553315E-04
   2.000000E+00  1.620000E+02  5.323234E-04  3.687360E-04
   2.000000E+00  1.740000E+02  3.424187E-04  2.811126E-04
   2.000000E+00  1.860000E+02  4.705585E-04  3.433761E-04
   2.000000E+00  1.980000E+02  4.758957E-04  3.432753E-04
   2.000000E+00  2.100000E+02  5.030488E-04  3.571134E-04
   2.000000E+00  2.220000E+02  5.580048E-04  3.816484E-04
   2.000000E+00  2.340000E+02  2.355314E-04  2.205500E-04
   2.000000E+00  2.460000E+02  2.022601E-04  1.973311E-04
   2.000000E+00  2.580000E+02  4.102589E-04  3.137404E-04
   2.000000E+00  2.700000E+02  4.293100E-04  3.268808E-04
   2.000000E+00  2.820000E+02  3.982828E-04  3.118197E-04
   2.000000E+00  2.940000E+02  3.941626E-04  3.116804E-04
   2.000000E+00  3.060000E+02  2.205672E-04  2.005786E-04
   2.000000E+00  3.180000E+02  4.959887E-04  3.554390E-04
   2.000000E+00  3.300000E+02  3.642373E-04  2.957151E-04
   2.000000E+00  3.420000E+02  5.935116E-04  3.941612E-04
   2.000000E+00  3.540000E+02  5.014428E-04  3.555653E-04
    
   6.000001E+00  6.000001E+00  4.124034E-04  1.836095E-04
   6.000001E+00  1.800000E+01  4.158352E-04  1.836632E-04
   6.000001E+00  3.000000E+01  4.405265E-04  1.918919E-04
   6.000001E+00  4.200000E+01  3.518550E-04  1.654558E-04
   6.000001E+00  5.400001E+01  3.074420E-04  1.518194E-04
   6.000001E+00  6.600001E+01  3.071288E-04  1.543836E-04
   6.000001E+00  7.800001E+01  4.170729E-04  1.843799E-04
   6.000001E+00  9.000001E+01  5.070605E-04  2.081158E-04
   6.000001E+00  1.020000E+02  3.216893E-04  1.578544E-04
   6.000001E+00  1.140000E+02  1.912539E-04  1.099111E-04
   6.000001E+00  1.260000E+02  3.473236E-04  1.654475E-04
   6.000001E+00  1.380000E+02  2.838650E-04  1.440300E-04
   6.000001E+00  1.500000E+02  3.981970E-04  1.802460E-04
   6.000001E+00  1.620000E+02  4.562138E-04  1.950572E-04
   6.000001E+00  1.740000E+02  3.026040E-04  1.513464E-04
   6.000001E+00  1.860000E+02  4.197474E-04  1.861723E-04
   6.000001E+00  1.980000E+02  3.097948E-04  1.548710E-04
   6.000001E+00  2.100000E+02  3.215618E-04  1.553466E-04
   6.000001E+00  2.220000E+02  3.541884E-04  1.682602E-04
   6.000001E+00  2.340000E+02  4.636906E-04  1.974497E-04
   6.000001E+00  2.460000E+02  3.182186E-04  1.578752E-04
   6.000001E+00  2.580000E+02  3.624947E-04  1.682754E-04
   6.000001E+00  2.700000E+02  3.694174E-04  1.714514E-04
   6.000001E+00  2.820000E+02  3.165350E-04  1.553083E-04
   6.000001E+00  2.940000E+02  2.733402E-04  1.434891E-04
   6.000001E+00  3.060000E+02  4.887896E-04  2.032037E-04
   6.000001E+00  3.180000E+02  4.068701E-04  1.832418E-04
   6.000001E+00  3.300000E+02  3.656078E-04  1.714188E-04
   6.000001E+00  3.420000E+02  4.129597E-04  1.832519E-04
   6.000001E+00  3.540000E+02  3.391247E-04  1.617178E-04
    
   1.000000E+01  6.000001E+00  3.247978E-04  1.225595E-04
   1.000000E+01  1.800000E+01  3.763660E-04  1.338602E-04
   1.000000E+01  3.000000E+01  3.079344E-04  1.189272E-04
   1.000000E+01  4.200000E+01  3.308153E-04  1.237755E-04
   1.000000E+01  5.400001E+01  4.635074E-04  1.526583E-04
   1.000000E+01  6.600001E+01  4.458120E-04  1.498998E-04
   1.000000E+01  7.800001E+01  2.861194E-04  1.128289E-04
   1.000000E+01  9.000001E+01  3.976773E-04  1.390500E-04
   1.000000E+01  1.020000E+02  3.531151E-04  1.301066E-04
   1.000000E+01  1.140000E+02  3.719559E-04  1.331285E-04
   1.000000E+01  1.260000E+02  3.365901E-04  1.257401E-04
   1.000000E+01  1.380000E+02  3.570642E-04  1.294078E-04
   1.000000E+01  1.500000E+02  4.037891E-04  1.414835E-04
   1.000000E+01  1.620000E+02  3.261352E-04  1.214083E-04
   1.000000E+01  1.740000E+02  4.177579E-04  1.442389E-04
   1.000000E+01  1.860000E+02  3.709880E-04  1.332818E-04
   1.000000E+01  1.980000E+02  3.497077E-04  1.287937E-04
   1.000000E+01  2.100000E+02  4.106744E-04  1.420306E-04
   1.000000E+01  2.220000E+02  3.698420E-04  1.331256E-04
   1.000000E+01  2.340000E+02  3.658667E-04  1.329049E-04
   1.000000E+01  2.460000E+02  3.904852E-04  1.386921E-04
   1.000000E+01  2.580000E+02  3.388174E-04  1.257303E-04
   1.000000E+01  2.700000E+02  3.345884E-04  1.245875E-04
   1.000000E+01  2.820000E+02  3.471477E-04  1.276809E-04
   1.000000E+01  2.940000E+02  3.821581E-04  1.372401E-04
   1.000000E+01  3.060000E+02  3.635243E-04  1.316457E-04
   1.000000E+01  3.180000E+02  2.759441E-04  1.106137E-04
   1.000000E+01  3.300000E+02  3.928777E-04  1.386658E-04
   1.000000E+01  3.420000E+02  4.159144E-04  1.420376E-04
   1.000000E+01  3.540000E+02  3.689069E-04  1.331121E-04
    
   1.400000E+01  6.000001E+00  3.951088E-04  1.173816E-04
   1.400000E+01  1.800000E+01  4.097616E-04  1.201526E-04
   1.400000E+01  3.000000E+01  4.104023E-04  1.194458E-04
   1.400000E+01  4.200000E+01  3.397294E-04  1.073801E-04
   1.400000E+01  5.400001E+01  3.563408E-04  1.111844E-04
   1.400000E+01  6.600001E+01  4.152319E-04  1.215007E-04
   1.400000E+01  7.800001E+01  3.889376E-04  1.167483E-04
   1.400000E+01  9.000001E+01  4.224197E-04  1.232418E-04
   1.400000E+01  1.020000E+02  3.043428E-04  9.995581E-05
   1.400000E+01  1.140000E+02  3.893888E-04  1.159779E-04
   1.400000E+01  1.260000E+02  3.379362E-04  1.065775E-04
   1.400000E+01  1.380000E+02  3.790359E-04  1.147703E-04
   1.400000E+01  1.500000E+02  3.856889E-04  1.157630E-04
   1.400000E+01  1.620000E+02  3.826562E-04  1.157586E-04
   1.400000E+01  1.740000E+02  3.333233E-04  1.057269E-04
   1.400000E+01  1.860000E+02  3.346601E-04  1.064507E-04
   1.400000E+01  1.980000E+02  4.082587E-04  1.200593E-04
   1.400000E+01  2.100000E+02  3.141877E-04  1.026886E-04
   1.400000E+01  2.220000E+02  3.406626E-04  1.076289E-04
   1.400000E+01  2.340000E+02  3.960107E-04  1.183449E-04
   1.400000E+01  2.460000E+02  4.058164E-04  1.186873E-04
   1.400000E+01  2.580000E+02  4.070436E-04  1.194248E-04
   1.400000E+01  2.700000E+02  4.314864E-04  1.239807E-04
   1.400000E+01  2.820000E+02  3.537599E-04  1.102754E-04
   1.400000E+01  2.940000E+02  3.054170E-04  1.000881E-04
   1.400000E+01  3.060000E+02  3.035983E-04  9.984021E-05
   1.400000E+01  3.180000E+02  3.759581E-04  1.140042E-04
   1.400000E+01  3.300000E+02  3.694017E-04  1.131131E-04
   1.400000E+01  3.420000E+02  3.755885E-04  1.146377E-04
   1.400000E+01  3.540000E+02  3.533564E-04  1.101559E-04
    
   1.800000E+01  6.000001E+00  3.901289E-04  1.034171E-04
   1.800000E+01  1.800000E+01  3.976755E-04  1.044502E-04
   1.800000E+01  3.000000E+01  3.909027E-04  1.034734E-04
   1.800000E+01  4.200000E+01  3.788608E-04  1.016652E-04
   1.800000E+01  5.400001E+01  3.639549E-04  9.905499E-05
   1.800000E+01  6.600001E+01  3.914601E-04  1.034085E-04
   1.800000E+01  7.800001E+01  3.393739E-04  9.522490E-05
   1.800000E+01  9.000001E+01  4.538428E-04  1.131891E-04
   1.800000E+01  1.020000E+02  3.732053E-04  1.005172E-04
   1.800000E+01  1.140000E+02  3.107797E-04  8.986135E-05
   1.800000E+01  1.260000E+02  3.601223E-04  9.849368E-05
   1.800000E+01  1.380000E+02  3.639767E-04  9.919867E-05
   1.800000E+01  1.500000E+02  3.324828E-04  9.351252E-05
   1.800000E+01  1.620000E+02  3.733852E-04  1.004476E-04
   1.800000E+01  1.740000E+02  3.657918E-04  9.975330E-05
   1.800000E+01  1.860000E+02  3.493661E-04  9.659920E-05
   1.800000E+01  1.980000E+02  3.789427E-04  1.016603E-04
   1.800000E+01  2.100000E+02  3.751331E-04  1.010003E-04
   1.800000E+01  2.220000E+02  3.563356E-04  9.786334E-05
   1.800000E+01  2.340000E+02  2.858318E-04  8.385928E-05
   1.800000E+01  2.460000E+02  3.327640E-04  9.389566E-05
   1.800000E+01  2.580000E+02  3.542838E-04  9.732381E-05
   1.800000E+01  2.700000E+02  3.885994E-04  1.030235E-04
   1.800000E+01  2.820000E+02  2.665768E-04  8.137754E-05
   1.800000E+01  2.940000E+02  3.608055E-04  9.902535E-05
   1.800000E+01  3.060000E+02  3.214128E-04  9.198466E-05
   1.800000E+01  3.180000E+02  3.920968E-04  1.039826E-04
   1.800000E+01  3.300000E+02  3.577280E-04  9.803913E-05
   1.800000E+01  3.420000E+02  3.762145E-04  1.005253E-04
   1.800000E+01  3.540000E+02  3.618228E-04  9.819688E-05
    
   2.200000E+01  6.000001E+00  3.126656E-04  8.139898E-05
   2.200000E+01  1.800000E+01  3.539549E-04  8.840799E-05
   2.200000E+01  3.000000E+01  3.556978E-04  8.834054E-05
   2.200000E+01  4.200000E+01  3.852852E-04  9.266101E-05
   2.200000E+01  5.400001E+01  3.278798E-04  8.432077E-05
   2.200000E+01  6.600001E+01  3.905379E-04  9.433723E-05
   2.200000E+01  7.800001E+01  3.645792E-04  9.045205E-05
   2.200000E+01  9.000001E+01  3.190375E-04  8.286314E-05
   2.200000E+01  1.020000E+02  3.633657E-04  9.011227E-05
   2.200000E+01  1.140000E+02  3.979563E-04  9.479729E-05
   2.200000E+01  1.260000E+02  3.954032E-04  9.477129E-05
   2.200000E+01  1.380000E+02  3.748525E-04  9.122876E-05
   2.200000E+01  1.500000E+02  4.290251E-04  9.954845E-05
   2.200000E+01  1.620000E+02  3.143371E-04  8.160168E-05
   2.200000E+01  1.740000E+02  3.927447E-04  9.438791E-05
   2.200000E+01  1.860000E+02  3.482688E-04  8.739218E-05
   2.200000E+01  1.980000E+02  3.844382E-04  9.326122E-05
   2.200000E+01  2.100000E+02  4.326616E-04  9.960616E-05
   2.200000E+01  2.220000E+02  3.320155E-04  8.566321E-05
   2.200000E+01  2.340000E+02  3.516489E-04  8.805162E-05
   2.200000E+01  2.460000E+02  3.346716E-04  8.489069E-05
   2.200000E+01  2.580000E+02  3.175429E-04  8.229719E-05
   2.200000E+01  2.700000E+02  4.001113E-04  9.554729E-05
   2.200000E+01  2.820000E+02  3.801368E-04  9.275587E-05
   2.200000E+01  2.940000E+02  3.336797E-04  8.573864E-05
   2.200000E+01  3.060000E+02  3.195172E-04  8.257723E-05
   2.200000E+01  3.180000E+02  4.296614E-04  9.943896E-05
   2.200000E+01  3.300000E+02  3.498610E-04  8.785942E-05
   2.200000E+01  3.420000E+02  3.828729E-04  9.292937E-05
   2.200000E+01  3.540000E+02  3.596354E-04  8.970054E-05
    
   2.600000E+01  6.000001E+00  3.819257E-04  8.574691E-05
   2.600000E+01  1.800000E+01  3.890879E-04  8.660656E-05
   2.600000E+01  3.000000E+01  3.693335E-04  8.417276E-05
   2.600000E+01  4.200000E+01  3.317049E-04  7.859532E-05
   2.600000E+01  5.400001E+01  3.758987E-04  8.472209E-05
   2.600000E+01  6.600001E+01  3.353115E-04  7.907780E-05
   2.600000E+01  7.800001E+01  3.630396E-04  8.319613E-05
   2.600000E+01  9.000001E+01  3.769351E-04  8.516500E-05
   2.600000E+01  1.020000E+02  4.162965E-04  9.033483E-05
   2.600000E+01  1.140000E+02  3.353483E-04  7.884561E-05
   2.600000E+01  1.260000E+02  3.412440E-04  7.961926E-05
   2.600000E+01  1.380000E+02  3.263295E-04  7.780797E-05
   2.600000E+01  1.500000E+02  3.689212E-04  8.393849E-05
   2.600000E+01  1.620000E+02  3.964891E-04  8.735831E-05
   2.600000E+01  1.740000E+02  3.404229E-04  7.985632E-05
   2.600000E+01  1.860000E+02  3.863171E-04  8.620163E-05
   2.600000E+01  1.980000E+02  3.962838E-04  8.757211E-05
   2.600000E+01  2.100000E+02  3.957794E-04  8.791728E-05
   2.600000E+01  2.220000E+02  3.873565E-04  8.677365E-05
   2.600000E+01  2.340000E+02  3.733645E-04  8.503021E-05
   2.600000E+01  2.460000E+02  3.955047E-04  8.756434E-05
   2.600000E+01  2.580000E+02  3.723050E-04  8.467540E-05
   2.600000E+01  2.700000E+02  3.794984E-04  8.553808E-05
   2.600000E+01  2.820000E+02  3.377890E-04  7.938560E-05
   2.600000E+01  2.940000E+02  3.656519E-04  8.335067E-05
   2.600000E+01  3.060000E+02  3.360918E-04  7.932919E-05
   2.600000E+01  3.180000E+02  3.280511E-04  7.762580E-05
   2.600000E+01  3.300000E+02  3.512948E-04  8.166342E-05
   2.600000E+01  3.420000E+02  3.594226E-04  8.250315E-05
   2.600000E+01  3.540000E+02  3.701593E-04  8.399275E-05
    
   3.000000E+01  6.000001E+00  3.315652E-04  7.372134E-05
   3.000000E+01  1.800000E+01  3.516895E-04  7.669800E-05
   3.000000E+01  3.000000E+01  3.133661E-04  7.122253E-05
   3.000000E+01  4.200000E+01  3.662282E-04  7.849137E-05
   3.000000E+01  5.400001E+01  4.133649E-04  8.464030E-05
   3.000000E+01  6.600001E+01  3.718413E-04  7.916467E-05
   3.000000E+01  7.800001E+01  3.722857E-04  7.938777E-05
   3.000000E+01  9.000001E+01  3.444168E-04  7.536421E-05
   3.000000E+01  1.020000E+02  3.532371E-04  7.701105E-05
   3.000000E+01  1.140000E+02  4.185264E-04  8.499345E-05
   3.000000E+01  1.260000E+02  3.950596E-04  8.214002E-05
   3.000000E+01  1.380000E+02  3.328954E-04  7.419558E-05
   3.000000E+01  1.500000E+02  4.168488E-04  8.448574E-05
   3.000000E+01  1.620000E+02  3.693613E-04  7.883511E-05
   3.000000E+01  1.740000E+02  3.491529E-04  7.616396E-05
   3.000000E+01  1.860000E+02  3.219902E-04  7.218892E-05
   3.000000E+01  1.980000E+02  4.114068E-04  8.371652E-05
   3.000000E+01  2.100000E+02  3.613097E-04  7.734172E-05
   3.000000E+01  2.220000E+02  3.373697E-04  7.432862E-05
   3.000000E+01  2.340000E+02  3.650999E-04  7.812796E-05
   3.000000E+01  2.460000E+02  3.410438E-04  7.490575E-05
   3.000000E+01  2.580000E+02  4.065786E-04  8.328579E-05
   3.000000E+01  2.700000E+02  4.357081E-04  8.702664E-05
   3.000000E+01  2.820000E+02  3.602235E-04  7.739919E-05
   3.000000E+01  2.940000E+02  3.561125E-04  7.735612E-05
   3.000000E+01  3.060000E+02  3.405708E-04  7.468411E-05
   3.000000E+01  3.180000E+02  2.969615E-04  6.888287E-05
   3.000000E+01  3.300000E+02  3.133294E-04  7.103115E-05
   3.000000E+01  3.420000E+02  3.411489E-04  7.487834E-05
   3.000000E+01  3.540000E+02  3.539521E-04  7.673724E-05
    
   3.400000E+01  6.000001E+00  3.610624E-04  7.333211E-05
   3.400000E+01  1.800000E+01  3.579579E-04  7.303544E-05
   3.400000E+01  3.000000E+01  3.281705E-04  6.920874E-05
   3.400000E+01  4.200000E+01  3.742043E-04  7.443556E-05
   3.400000E+01  5.400001E+01  3.103110E-04  6.695611E-05
   3.400000E+01  6.600001E+01  3.342340E-04  6.999122E-05
   3.400000E+01  7.800001E+01  3.879115E-04  7.656709E-05
   3.400000E+01  9.000001E+01  3.798451E-04  7.576644E-05
   3.400000E+01  1.020000E+02  3.200789E-04  6.838553E-05
   3.400000E+01  1.140000E+02  3.445686E-04  7.149879E-05
   3.400000E+01  1.260000E+02  3.545045E-04  7.236207E-05
   3.400000E+01  1.380000E+02  3.429320E-04  7.130887E-05
   3.400000E+01  1.500000E+02  2.860693E-04  6.315429E-05
   3.400000E+01  1.620000E+02  3.221751E-04  6.843113E-05
   3.400000E+01  1.740000E+02  3.447763E-04  7.123146E-05
   3.400000E+01  1.860000E+02  3.573818E-04  7.316068E-05
   3.400000E+01  1.980000E+02  3.526874E-04  7.209342E-05
   3.400000E+01  2.100000E+02  3.117316E-04  6.685763E-05
   3.400000E+01  2.220000E+02  3.340419E-04  6.989015E-05
   3.400000E+01  2.340000E+02  3.580057E-04  7.323478E-05
   3.400000E+01  2.460000E+02  3.504758E-04  7.222332E-05
   3.400000E+01  2.580000E+02  3.683987E-04  7.438370E-05
   3.400000E+01  2.700000E+02  3.473203E-04  7.166906E-05
   3.400000E+01  2.820000E+02  4.231351E-04  8.083073E-05
   3.400000E+01  2.940000E+02  3.211609E-04  6.822261E-05
   3.400000E+01  3.060000E+02  3.388679E-04  7.043583E-05
   3.400000E+01  3.180000E+02  3.265665E-04  6.920977E-05
   3.400000E+01  3.300000E+02  3.728861E-04  7.496987E-05
   3.400000E+01  3.420000E+02  4.020867E-04  7.828409E-05
   3.400000E+01  3.540000E+02  3.769977E-04  7.518432E-05
    
   3.800000E+01  6.000001E+00  3.522007E-04  6.926746E-05
   3.800000E+01  1.800000E+01  3.386711E-04  6.749957E-05
   3.800000E+01  3.000000E+01  3.387089E-04  6.730947E-05
   3.800000E+01  4.200000E+01  3.647325E-04  7.041722E-05
   3.800000E+01  5.400001E+01  3.305628E-04  6.654144E-05
   3.800000E+01  6.600001E+01  3.477329E-04  6.830809E-05
   3.800000E+01  7.800001E+01  3.510937E-04  6.910213E-05
   3.800000E+01  9.000001E+01  3.608599E-04  7.013669E-05
   3.800000E+01  1.020000E+02  3.590691E-04  6.962211E-05
   3.800000E+01  1.140000E+02  3.508658E-04  6.893047E-05
   3.800000E+01  1.260000E+02  3.465185E-04  6.808277E-05
   3.800000E+01  1.380000E+02  3.728323E-04  7.167802E-05
   3.800000E+01  1.500000E+02  3.320616E-04  6.691703E-05
   3.800000E+01  1.620000E+02  3.426620E-04  6.776327E-05
   3.800000E+01  1.740000E+02  3.240397E-04  6.583493E-05
   3.800000E+01  1.860000E+02  3.427517E-04  6.793403E-05
   3.800000E+01  1.980000E+02  3.417412E-04  6.811001E-05
   3.800000E+01  2.100000E+02  3.501940E-04  6.851239E-05
   3.800000E+01  2.220000E+02  3.174546E-04  6.484506E-05
   3.800000E+01  2.340000E+02  3.568471E-04  6.969057E-05
   3.800000E+01  2.460000E+02  3.193658E-04  6.494200E-05
   3.800000E+01  2.580000E+02  3.355451E-04  6.715443E-05
   3.800000E+01  2.700000E+02  3.442795E-04  6.794276E-05
   3.800000E+01  2.820000E+02  3.030367E-04  6.283699E-05
   3.800000E+01  2.940000E+02  3.305307E-04  6.613637E-05
   3.800000E+01  3.060000E+02  3.312419E-04  6.652020E-05
   3.800000E+01  3.180000E+02  3.693452E-04  7.091446E-05
   3.800000E+01  3.300000E+02  3.396530E-04  6.762307E-05
   3.800000E+01  3.420000E+02  3.508661E-04  6.870909E-05
   3.800000E+01  3.540000E+02  3.434689E-04  6.796524E-05
    
   4.200000E+01  6.000001E+00  3.269825E-04  6.332253E-05
   4.200000E+01  1.800000E+01  3.361609E-04  6.438453E-05
   4.200000E+01  3.000000E+01  3.274107E-04  6.337525E-05
   4.200000E+01  4.200000E+01  2.974015E-04  5.954087E-05
   4.200000E+01  5.400001E+01  3.077109E-04  6.099332E-05
   4.200000E+01  6.600001E+01  3.267806E-04  6.304863E-05
   4.200000E+01  7.800001E+01  3.170898E-04  6.235331E-05
   4.200000E+01  9.000001E+01  2.838827E-04  5.793062E-05
   4.200000E+01  1.020000E+02  3.425658E-04  6.527094E-05
   4.200000E+01  1.140000E+02  2.975762E-04  5.970259E-05
   4.200000E+01  1.260000E+02  3.519417E-04  6.606759E-05
   4.200000E+01  1.380000E+02  3.327189E-04  6.430393E-05
   4.200000E+01  1.500000E+02  3.590710E-04  6.707362E-05
   4.200000E+01  1.620000E+02  3.443467E-04  6.554563E-05
   4.200000E+01  1.740000E+02  3.628738E-04  6.746057E-05
   4.200000E+01  1.860000E+02  3.274176E-04  6.349918E-05
   4.200000E+01  1.980000E+02  3.233765E-04  6.292630E-05
   4.200000E+01  2.100000E+02  3.010794E-04  6.014575E-05
   4.200000E+01  2.220000E+02  3.451022E-04  6.557150E-05
   4.200000E+01  2.340000E+02  3.449610E-04  6.540562E-05
   4.200000E+01  2.460000E+02  3.134658E-04  6.169385E-05
   4.200000E+01  2.580000E+02  3.402326E-04  6.509368E-05
   4.200000E+01  2.700000E+02  3.297500E-04  6.376265E-05
   4.200000E+01  2.820000E+02  3.078486E-04  6.101695E-05
   4.200000E+01  2.940000E+02  3.173922E-04  6.211881E-05
   4.200000E+01  3.060000E+02  3.182678E-04  6.199874E-05
   4.200000E+01  3.180000E+02  3.592578E-04  6.690032E-05
   4.200000E+01  3.300000E+02  3.203884E-04  6.237898E-05
   4.200000E+01  3.420000E+02  3.514566E-04  6.605017E-05
   4.200000E+01  3.540000E+02  3.385444E-04  6.498455E-05
    
   4.600000E+01  6.000001E+00  3.233578E-04  6.081160E-05
   4.600000E+01  1.800000E+01  3.024494E-04  5.822756E-05
   4.600000E+01  3.000000E+01  3.345015E-04  6.189245E-05
   4.600000E+01  4.200000E+01  3.110215E-04  5.908504E-05
   4.600000E+01  5.400001E+01  3.159398E-04  6.017619E-05
   4.600000E+01  6.600001E+01  2.893579E-04  5.676034E-05
   4.600000E+01  7.800001E+01  3.131540E-04  5.955737E-05
   4.600000E+01  9.000001E+01  3.244305E-04  6.106907E-05
   4.600000E+01  1.020000E+02  3.178043E-04  6.011272E-05
   4.600000E+01  1.140000E+02  3.134414E-04  5.969509E-05
   4.600000E+01  1.260000E+02  3.343406E-04  6.211088E-05
   4.600000E+01  1.380000E+02  3.716192E-04  6.636237E-05
   4.600000E+01  1.500000E+02  3.180542E-04  6.014982E-05
   4.600000E+01  1.620000E+02  3.402829E-04  6.271254E-05
   4.600000E+01  1.740000E+02  3.598840E-04  6.518831E-05
   4.600000E+01  1.860000E+02  3.289474E-04  6.132576E-05
   4.600000E+01  1.980000E+02  3.389780E-04  6.253125E-05
   4.600000E+01  2.100000E+02  2.873974E-04  5.658001E-05
   4.600000E+01  2.220000E+02  3.368937E-04  6.248080E-05
   4.600000E+01  2.340000E+02  3.129506E-04  5.957895E-05
   4.600000E+01  2.460000E+02  2.864646E-04  5.635685E-05
   4.600000E+01  2.580000E+02  3.208757E-04  6.075946E-05
   4.600000E+01  2.700000E+02  3.055791E-04  5.875959E-05
   4.600000E+01  2.820000E+02  3.197712E-04  6.026570E-05
   4.600000E+01  2.940000E+02  2.951413E-04  5.728933E-05
   4.600000E+01  3.060000E+02  3.297825E-04  6.172175E-05
   4.600000E+01  3.180000E+02  3.259370E-04  6.120661E-05
   4.600000E+01  3.300000E+02  2.847621E-04  5.602067E-05
   4.600000E+01  3.420000E+02  3.012873E-04  5.806262E-05
   4.600000E+01  3.540000E+02  3.176842E-04  6.022516E-05
    
   5.000001E+01  6.000001E+00  3.102731E-04  5.754960E-05
   5.000001E+01  1.800000E+01  3.013885E-04  5.659869E-05
   5.000001E+01  3.000000E+01  3.113158E-04  5.765599E-05
   5.000001E+01  4.200000E+01  3.178258E-04  5.816553E-05
   5.000001E+01  5.400001E+01  3.031987E-04  5.662312E-05
   5.000001E+01  6.600001E+01  3.244039E-04  5.920840E-05
   5.000001E+01  7.800001E+01  2.773053E-04  5.380953E-05
   5.000001E+01  9.000001E+01  2.818085E-04  5.412243E-05
   5.000001E+01  1.020000E+02  2.881358E-04  5.490855E-05
   5.000001E+01  1.140000E+02  3.308971E-04  6.004566E-05
   5.000001E+01  1.260000E+02  3.099916E-04  5.778319E-05
   5.000001E+01  1.380000E+02  3.149633E-04  5.809197E-05
   5.000001E+01  1.500000E+02  3.045805E-04  5.676387E-05
   5.000001E+01  1.620000E+02  2.818754E-04  5.439193E-05
   5.000001E+01  1.740000E+02  3.017874E-04  5.662047E-05
   5.000001E+01  1.860000E+02  3.331920E-04  6.036288E-05
   5.000001E+01  1.980000E+02  3.349821E-04  6.047572E-05
   5.000001E+01  2.100000E+02  3.041776E-04  5.682461E-05
   5.000001E+01  2.220000E+02  2.874967E-04  5.450278E-05
   5.000001E+01  2.340000E+02  2.894077E-04  5.513755E-05
   5.000001E+01  2.460000E+02  2.778188E-04  5.367691E-05
   5.000001E+01  2.580000E+02  3.253350E-04  5.926764E-05
   5.000001E+01  2.700000E+02  3.145905E-04  5.813524E-05
   5.000001E+01  2.820000E+02  3.175034E-04  5.851884E-05
   5.000001E+01  2.940000E+02  3.156454E-04  5.811339E-05
   5.000001E+01  3.060000E+02  3.592797E-04  6.309650E-05
   5.000001E+01  3.180000E+02  2.875340E-04  5.481953E-05
   5.000001E+01  3.300000E+02  2.973081E-04  5.614746E-05
   5.000001E+01  3.420000E+02  3.242045E-04  5.939374E-05
   5.000001E+01  3.540000E+02  3.151430E-04  5.822411E-05
    
   5.400001E+01  6.000001E+00  2.710062E-04  5.164307E-05
   5.400001E+01  1.800000E+01  2.933037E-04  5.403689E-05
   5.400001E+01  3.000000E+01  3.033562E-04  5.555962E-05
   5.400001E+01  4.200000E+01  2.614874E-04  5.049193E-05
   5.400001E+01  5.400001E+01  3.026129E-04  5.555582E-05
   5.400001E+01  6.600001E+01  2.967170E-04  5.479765E-05
   5.400001E+01  7.800001E+01  3.224168E-04  5.774703E-05
   5.400001E+01  9.000001E+01  2.966414E-04  5.451958E-05
   5.400001E+01  1.020000E+02  2.790748E-04  5.255298E-05
   5.400001E+01  1.140000E+02  2.974072E-04  5.494162E-05
   5.400001E+01  1.260000E+02  2.975472E-04  5.480029E-05
   5.400001E+01  1.380000E+02  2.999006E-04  5.494208E-05
   5.400001E+01  1.500000E+02  2.817674E-04  5.295739E-05
   5.400001E+01  1.620000E+02  3.225147E-04  5.776072E-05
   5.400001E+01  1.740000E+02  3.151952E-04  5.690284E-05
   5.400001E+01  1.860000E+02  3.085567E-04  5.571070E-05
   5.400001E+01  1.980000E+02  2.835257E-04  5.333831E-05
   5.400001E+01  2.100000E+02  2.798186E-04  5.264179E-05
   5.400001E+01  2.220000E+02  3.129971E-04  5.657963E-05
   5.400001E+01  2.340000E+02  2.811861E-04  5.293904E-05
   5.400001E+01  2.460000E+02  3.089952E-04  5.581350E-05
   5.400001E+01  2.580000E+02  3.072760E-04  5.603671E-05
   5.400001E+01  2.700000E+02  3.166272E-04  5.695698E-05
   5.400001E+01  2.820000E+02  2.639820E-04  5.067515E-05
   5.400001E+01  2.940000E+02  2.834524E-04  5.304564E-05
   5.400001E+01  3.060000E+02  3.104318E-04  5.614982E-05
   5.400001E+01  3.180000E+02  3.086265E-04  5.633940E-05
   5.400001E+01  3.300000E+02  2.920580E-04  5.428154E-05
   5.400001E+01  3.420000E+02  2.849892E-04  5.318066E-05
   5.400001E+01  3.540000E+02  2.738294E-04  5.205899E-05
    
   5.800001E+01  6.000001E+00  2.778067E-04  5.146429E-05
   5.800001E+01  1.800000E+01  2.702852E-04  5.051913E-05
   5.800001E+01  3.000000E+01  2.830427E-04  5.185413E-05
   5.800001E+01  4.200000E+01  2.765666E-04  5.116821E-05
   5.800001E+01  5.400001E+01  2.790580E-04  5.164682E-05
   5.800001E+01  6.600001E+01  2.661873E-04  5.005144E-05
   5.800001E+01  7.800001E+01  2.900857E-04  5.255898E-05
   5.800001E+01  9.000001E+01  2.670960E-04  5.017795E-05
   5.800001E+01  1.020000E+02  2.622027E-04  4.958173E-05
   5.800001E+01  1.140000E+02  3.027253E-04  5.413511E-05
   5.800001E+01  1.260000E+02  2.741995E-04  5.088863E-05
   5.800001E+01  1.380000E+02  2.619553E-04  4.944167E-05
   5.800001E+01  1.500000E+02  2.857841E-04  5.218626E-05
   5.800001E+01  1.620000E+02  2.749115E-04  5.090752E-05
   5.800001E+01  1.740000E+02  2.705589E-04  5.062094E-05
   5.800001E+01  1.860000E+02  2.954418E-04  5.333450E-05
   5.800001E+01  1.980000E+02  2.700769E-04  5.052029E-05
   5.800001E+01  2.100000E+02  2.637364E-04  4.984633E-05
   5.800001E+01  2.220000E+02  2.938711E-04  5.310415E-05
   5.800001E+01  2.340000E+02  2.718432E-04  5.070728E-05
   5.800001E+01  2.460000E+02  2.833693E-04  5.200548E-05
   5.800001E+01  2.580000E+02  2.930496E-04  5.336200E-05
   5.800001E+01  2.700000E+02  2.637604E-04  4.982285E-05
   5.800001E+01  2.820000E+02  2.631252E-04  4.968447E-05
   5.800001E+01  2.940000E+02  2.773281E-04  5.143048E-05
   5.800001E+01  3.060000E+02  2.813987E-04  5.180448E-05
   5.800001E+01  3.180000E+02  2.642673E-04  4.995021E-05
   5.800001E+01  3.300000E+02  2.695788E-04  5.038181E-05
   5.800001E+01  3.420000E+02  2.713560E-04  5.054382E-05
   5.800001E+01  3.540000E+02  3.203295E-04  5.618697E-05
    
   6.200001E+01  6.000001E+00  2.390635E-04  4.593577E-05
   6.200001E+01  1.800000E+01  2.644332E-04  4.872990E-05
   6.200001E+01  3.000000E+01  2.645734E-04  4.918423E-05
   6.200001E+01  4.200000E+01  2.501547E-04  4.729863E-05
   6.200001E+01  5.400001E+01  2.912272E-04  5.216038E-05
   6.200001E+01  6.600001E+01  3.031930E-04  5.348352E-05
   6.200001E+01  7.800001E+01  2.652812E-04  4.923901E-05
   6.200001E+01  9.000001E+01  2.338924E-04  4.541139E-05
   6.200001E+01  1.020000E+02  2.378652E-04  4.593335E-05
   6.200001E+01  1.140000E+02  2.798207E-04  5.081507E-05
   6.200001E+01  1.260000E+02  2.487966E-04  4.725469E-05
   6.200001E+01  1.380000E+02  2.478823E-04  4.704426E-05
   6.200001E+01  1.500000E+02  2.435853E-04  4.647348E-05
   6.200001E+01  1.620000E+02  2.599239E-04  4.856756E-05
   6.200001E+01  1.740000E+02  2.784062E-04  5.064453E-05
   6.200001E+01  1.860000E+02  2.527651E-04  4.769687E-05
   6.200001E+01  1.980000E+02  2.489168E-04  4.726083E-05
   6.200001E+01  2.100000E+02  3.063703E-04  5.376939E-05
   6.200001E+01  2.220000E+02  2.722659E-04  5.026163E-05
   6.200001E+01  2.340000E+02  2.948984E-04  5.245322E-05
   6.200001E+01  2.460000E+02  2.579391E-04  4.825037E-05
   6.200001E+01  2.580000E+02  2.375232E-04  4.569644E-05
   6.200001E+01  2.700000E+02  3.031905E-04  5.334599E-05
   6.200001E+01  2.820000E+02  2.342118E-04  4.531476E-05
   6.200001E+01  2.940000E+02  2.367522E-04  4.565404E-05
   6.200001E+01  3.060000E+02  2.583425E-04  4.850248E-05
   6.200001E+01  3.180000E+02  2.447319E-04  4.655366E-05
   6.200001E+01  3.300000E+02  2.523328E-04  4.757636E-05
   6.200001E+01  3.420000E+02  2.568564E-04  4.815530E-05
   6.200001E+01  3.540000E+02  2.826022E-04  5.111320E-05
    
   6.600001E+01  6.000001E+00  2.373315E-04  4.532826E-05
   6.600001E+01  1.800000E+01  2.306357E-04  4.453435E-05
   6.600001E+01  3.000000E+01  2.347023E-04  4.505047E-05
   6.600001E+01  4.200000E+01  2.446592E-04  4.616383E-05
   6.600001E+01  5.400001E+01  2.341158E-04  4.489933E-05
   6.600001E+01  6.600001E+01  2.656518E-04  4.876593E-05
   6.600001E+01  7.800001E+01  2.145587E-04  4.229249E-05
   6.600001E+01  9.000001E+01  2.729841E-04  4.966139E-05
   6.600001E+01  1.020000E+02  2.339911E-04  4.491722E-05
   6.600001E+01  1.140000E+02  2.289441E-04  4.427896E-05
   6.600001E+01  1.260000E+02  2.239354E-04  4.361773E-05
   6.600001E+01  1.380000E+02  2.374784E-04  4.534621E-05
   6.600001E+01  1.500000E+02  2.654253E-04  4.848220E-05
   6.600001E+01  1.620000E+02  2.484145E-04  4.652964E-05
   6.600001E+01  1.740000E+02  2.416455E-04  4.598147E-05
   6.600001E+01  1.860000E+02  2.500278E-04  4.689888E-05
   6.600001E+01  1.980000E+02  2.611912E-04  4.821912E-05
   6.600001E+01  2.100000E+02  2.463313E-04  4.635052E-05
   6.600001E+01  2.220000E+02  2.590255E-04  4.792596E-05
   6.600001E+01  2.340000E+02  2.494550E-04  4.690196E-05
   6.600001E+01  2.460000E+02  2.494001E-04  4.683908E-05
   6.600001E+01  2.580000E+02  2.079527E-04  4.147038E-05
   6.600001E+01  2.700000E+02  2.109484E-04  4.173312E-05
   6.600001E+01  2.820000E+02  2.301070E-04  4.420323E-05
   6.600001E+01  2.940000E+02  2.072507E-04  4.140825E-05
   6.600001E+01  3.060000E+02  2.238608E-04  4.331715E-05
   6.600001E+01  3.180000E+02  2.779236E-04  5.002844E-05
   6.600001E+01  3.300000E+02  2.495002E-04  4.687645E-05
   6.600001E+01  3.420000E+02  2.574056E-04  4.765204E-05
   6.600001E+01  3.540000E+02  2.489417E-04  4.660035E-05
    
   7.000001E+01  6.000001E+00  2.105261E-04  4.152454E-05
   7.000001E+01  1.800000E+01  2.124661E-04  4.192441E-05
   7.000001E+01  3.000000E+01  2.210783E-04  4.325142E-05
   7.000001E+01  4.200000E+01  2.099593E-04  4.154050E-05
   7.000001E+01  5.400001E+01  2.249655E-04  4.340046E-05
   7.000001E+01  6.600001E+01  2.425127E-04  4.573494E-05
   7.000001E+01  7.800001E+01  1.972636E-04  3.993613E-05
   7.000001E+01  9.000001E+01  2.276065E-04  4.380012E-05
   7.000001E+01  1.020000E+02  2.277103E-04  4.404333E-05
   7.000001E+01  1.140000E+02  2.073736E-04  4.112273E-05
   7.000001E+01  1.260000E+02  2.231799E-04  4.306566E-05
   7.000001E+01  1.380000E+02  2.225022E-04  4.318026E-05
   7.000001E+01  1.500000E+02  2.257644E-04  4.373625E-05
   7.000001E+01  1.620000E+02  2.218725E-04  4.306208E-05
   7.000001E+01  1.740000E+02  2.046319E-04  4.090937E-05
   7.000001E+01  1.860000E+02  2.157254E-04  4.236276E-05
   7.000001E+01  1.980000E+02  2.281391E-04  4.395104E-05
   7.000001E+01  2.100000E+02  2.267915E-04  4.361011E-05
   7.000001E+01  2.220000E+02  2.187501E-04  4.260032E-05
   7.000001E+01  2.340000E+02  2.251956E-04  4.352548E-05
   7.000001E+01  2.460000E+02  2.004020E-04  4.017014E-05
   7.000001E+01  2.580000E+02  2.117656E-04  4.145022E-05
   7.000001E+01  2.700000E+02  2.142737E-04  4.182845E-05
   7.000001E+01  2.820000E+02  2.151741E-04  4.228240E-05
   7.000001E+01  2.940000E+02  2.152675E-04  4.206727E-05
   7.000001E+01  3.060000E+02  2.239533E-04  4.310915E-05
   7.000001E+01  3.180000E+02  2.120217E-04  4.133511E-05
   7.000001E+01  3.300000E+02  2.159310E-04  4.249739E-05
   7.000001E+01  3.420000E+02  2.109736E-04  4.168605E-05
   7.000001E+01  3.540000E+02  2.351243E-04  4.463208E-05
    
   7.400001E+01  6.000001E+00  2.072701E-04  4.129399E-05
   7.400001E+01  1.800000E+01  1.896524E-04  3.866316E-05
   7.400001E+01  3.000000E+01  2.126442E-04  4.190546E-05
   7.400001E+01  4.200000E+01  1.632947E-04  3.493865E-05
   7.400001E+01  5.400001E+01  1.990719E-04  4.005277E-05
   7.400001E+01  6.600001E+01  1.829970E-04  3.765403E-05
   7.400001E+01  7.800001E+01  1.890875E-04  3.857933E-05
   7.400001E+01  9.000001E+01  2.063912E-04  4.098440E-05
   7.400001E+01  1.020000E+02  1.954562E-04  3.951981E-05
   7.400001E+01  1.140000E+02  1.822959E-04  3.788164E-05
   7.400001E+01  1.260000E+02  1.926257E-04  3.914953E-05
   7.400001E+01  1.380000E+02  2.007256E-04  4.049021E-05
   7.400001E+01  1.500000E+02  1.902032E-04  3.899956E-05
   7.400001E+01  1.620000E+02  1.907435E-04  3.894619E-05
   7.400001E+01  1.740000E+02  1.915417E-04  3.910617E-05
   7.400001E+01  1.860000E+02  2.001329E-04  3.986755E-05
   7.400001E+01  1.980000E+02  1.853518E-04  3.805206E-05
   7.400001E+01  2.100000E+02  2.034844E-04  4.059088E-05
   7.400001E+01  2.220000E+02  1.903201E-04  3.894643E-05
   7.400001E+01  2.340000E+02  1.923918E-04  3.912753E-05
   7.400001E+01  2.460000E+02  1.996542E-04  4.015416E-05
   7.400001E+01  2.580000E+02  1.968028E-04  3.951760E-05
   7.400001E+01  2.700000E+02  2.185887E-04  4.276668E-05
   7.400001E+01  2.820000E+02  1.912865E-04  3.906364E-05
   7.400001E+01  2.940000E+02  1.948983E-04  3.945430E-05
   7.400001E+01  3.060000E+02  2.044415E-04  4.072824E-05
   7.400001E+01  3.180000E+02  2.192566E-04  4.270212E-05
   7.400001E+01  3.300000E+02  1.875337E-04  3.859007E-05
   7.400001E+01  3.420000E+02  1.828075E-04  3.802274E-05
   7.400001E+01  3.540000E+02  1.999903E-04  4.042411E-05
    
   7.800001E+01  6.000001E+00  1.681842E-04  3.600213E-05
   7.800001E+01  1.800000E+01  1.557955E-04  3.456964E-05
   7.800001E+01  3.000000E+01  1.424921E-04  3.197986E-05
   7.800001E+01  4.200000E+01  1.686626E-04  3.623433E-05
   7.800001E+01  5.400001E+01  1.510905E-04  3.369119E-05
   7.800001E+01  6.600001E+01  1.512851E-04  3.344801E-05
   7.800001E+01  7.800001E+01  1.651135E-04  3.544983E-05
   7.800001E+01  9.000001E+01  1.343828E-04  3.087239E-05
   7.800001E+01  1.020000E+02  1.457705E-04  3.230349E-05
   7.800001E+01  1.140000E+02  1.582146E-04  3.477211E-05
   7.800001E+01  1.260000E+02  1.611322E-04  3.502092E-05
   7.800001E+01  1.380000E+02  1.537206E-04  3.386204E-05
   7.800001E+01  1.500000E+02  1.716637E-04  3.649179E-05
   7.800001E+01  1.620000E+02  1.817396E-04  3.784637E-05
   7.800001E+01  1.740000E+02  1.579215E-04  3.440536E-05
   7.800001E+01  1.860000E+02  1.603652E-04  3.506308E-05
   7.800001E+01  1.980000E+02  1.594918E-04  3.491130E-05
   7.800001E+01  2.100000E+02  1.623726E-04  3.532848E-05
   7.800001E+01  2.220000E+02  1.458746E-04  3.258148E-05
   7.800001E+01  2.340000E+02  1.766554E-04  3.726778E-05
   7.800001E+01  2.460000E+02  1.546056E-04  3.428191E-05
   7.800001E+01  2.580000E+02  1.610128E-04  3.493702E-05
   7.800001E+01  2.700000E+02  1.540983E-04  3.375119E-05
   7.800001E+01  2.820000E+02  1.503497E-04  3.353849E-05
   7.800001E+01  2.940000E+02  1.738759E-04  3.705224E-05
   7.800001E+01  3.060000E+02  1.710794E-04  3.647274E-05
   7.800001E+01  3.180000E+02  1.526745E-04  3.408000E-05
   7.800001E+01  3.300000E+02  1.509791E-04  3.357778E-05
   7.800001E+01  3.420000E+02  1.483973E-04  3.323263E-05
   7.800001E+01  3.540000E+02  1.458488E-04  3.283816E-05
    
   8.200001E+01  6.000001E+00  1.066029E-04  2.658705E-05
   8.200001E+01  1.800000E+01  1.011407E-04  2.600415E-05
   8.200001E+01  3.000000E+01  1.212307E-04  2.948401E-05
   8.200001E+01  4.200000E+01  1.061001E-04  2.658643E-05
   8.200001E+01  5.400001E+01  1.081855E-04  2.732863E-05
   8.200001E+01  6.600001E+01  1.205593E-04  2.923174E-05
   8.200001E+01  7.800001E+01  1.212980E-04  2.958657E-05
   8.200001E+01  9.000001E+01  1.074234E-04  2.678765E-05
   8.200001E+01  1.020000E+02  1.121924E-04  2.795932E-05
   8.200001E+01  1.140000E+02  1.284358E-04  3.059092E-05
   8.200001E+01  1.260000E+02  1.027142E-04  2.634775E-05
   8.200001E+01  1.380000E+02  1.191554E-04  2.924951E-05
   8.200001E+01  1.500000E+02  1.073258E-04  2.678653E-05
   8.200001E+01  1.620000E+02  1.193491E-04  2.907290E-05
   8.200001E+01  1.740000E+02  1.117602E-04  2.766601E-05
   8.200001E+01  1.860000E+02  1.334091E-04  3.153312E-05
   8.200001E+01  1.980000E+02  1.058373E-04  2.675021E-05
   8.200001E+01  2.100000E+02  1.237285E-04  2.981711E-05
   8.200001E+01  2.220000E+02  1.202867E-04  2.892982E-05
   8.200001E+01  2.340000E+02  1.086388E-04  2.706131E-05
   8.200001E+01  2.460000E+02  1.109328E-04  2.731655E-05
   8.200001E+01  2.580000E+02  1.152510E-04  2.844188E-05
   8.200001E+01  2.700000E+02  1.310116E-04  3.100462E-05
   8.200001E+01  2.820000E+02  1.255180E-04  2.987141E-05
   8.200001E+01  2.940000E+02  1.099708E-04  2.752430E-05
   8.200001E+01  3.060000E+02  1.036006E-04  2.610377E-05
   8.200001E+01  3.180000E+02  1.257663E-04  3.017465E-05
   8.200001E+01  3.300000E+02  1.177231E-04  2.903910E-05
   8.200001E+01  3.420000E+02  1.214012E-04  2.963218E-05
   8.200001E+01  3.540000E+02  1.094042E-04  2.690008E-05
    
   8.600001E+01  6.000001E+00  7.673724E-05  2.222390E-05
   8.600001E+01  1.800000E+01  6.141457E-05  1.838390E-05
   8.600001E+01  3.000000E+01  6.786090E-05  2.036939E-05
   8.600001E+01  4.200000E+01  7.176205E-05  2.150505E-05
   8.600001E+01  5.400001E+01  7.101781E-05  2.098477E-05
   8.600001E+01  6.600001E+01  7.008464E-05  2.056121E-05
   8.600001E+01  7.800001E+01  7.439372E-05  2.191827E-05
   8.600001E+01  9.000001E+01  6.541559E-05  1.944998E-05
   8.600001E+01  1.020000E+02  6.705467E-05  1.975225E-05
   8.600001E+01  1.140000E+02  7.417032E-05  2.161144E-05
   8.600001E+01  1.260000E+02  5.972005E-05  1.785710E-05
   8.600001E+01  1.380000E+02  6.497029E-05  1.951340E-05
   8.600001E+01  1.500000E+02  5.858206E-05  1.768164E-05
   8.600001E+01  1.620000E+02  6.389107E-05  1.929322E-05
   8.600001E+01  1.740000E+02  6.337603E-05  1.902097E-05
   8.600001E+01  1.860000E+02  8.151267E-05  2.352565E-05
   8.600001E+01  1.980000E+02  7.211532E-05  2.109163E-05
   8.600001E+01  2.100000E+02  7.094233E-05  2.067226E-05
   8.600001E+01  2.220000E+02  7.522315E-05  2.195455E-05
   8.600001E+01  2.340000E+02  7.489699E-05  2.168597E-05
   8.600001E+01  2.460000E+02  6.835092E-05  2.030753E-05
   8.600001E+01  2.580000E+02  7.571043E-05  2.258153E-05
   8.600001E+01  2.700000E+02  7.826693E-05  2.245785E-05
   8.600001E+01  2.820000E+02  6.676922E-05  2.011684E-05
   8.600001E+01  2.940000E+02  6.586027E-05  1.975035E-05
   8.600001E+01  3.060000E+02  6.811828E-05  2.061780E-05
   8.600001E+01  3.180000E+02  7.555732E-05  2.235071E-05
   8.600001E+01  3.300000E+02  7.818573E-05  2.245550E-05
   8.600001E+01  3.420000E+02  6.739834E-05  2.032861E-05
   8.600001E+01  3.540000E+02  6.342780E-05  1.947127E-05
    
   9.000001E+01  6.000001E+00  1.794399E-05  1.102948E-05
   9.000001E+01  1.800000E+01  1.017237E-05  6.116550E-06
   9.000001E+01  3.000000E+01  9.391009E-06  5.355920E-06
   9.000001E+01  4.200000E+01  1.341125E-05  7.652652E-06
   9.000001E+01  5.400001E+01  1.337542E-05  8.105867E-06
   9.000001E+01  6.600001E+01  1.085842E-05  6.365798E-06
   9.000001E+01  7.800001E+01  1.023570E-05  5.502096E-06
   9.000001E+01  9.000001E+01  1.532555E-05  8.894224E-06
   9.000001E+01  1.020000E+02  1.362457E-05  8.625299E-06
   9.000001E+01  1.140000E+02  1.097093E-05  7.014819E-06
   9.000001E+01  1.260000E+02  1.159646E-05  7.126058E-06
   9.000001E+01  1.380000E+02  8.659918E-06  4.292645E-06
   9.000001E+01  1.500000E+02  1.086686E-05  6.365768E-06
   9.000001E+01  1.620000E+02  1.293169E-05  7.447529E-06
   9.000001E+01  1.740000E+02  1.318443E-05  7.550876E-06
   9.000001E+01  1.860000E+02  1.001687E-05  5.500830E-06
   9.000001E+01  1.980000E+02  9.866123E-06  4.644636E-06
   9.000001E+01  2.100000E+02  7.081012E-06  1.874943E-06
   9.000001E+01  2.220000E+02  1.083262E-05  5.643016E-06
   9.000001E+01  2.340000E+02  6.590380E-06  1.396754E-06
   9.000001E+01  2.460000E+02  1.251366E-05  7.342150E-06
   9.000001E+01  2.580000E+02  1.206514E-05  7.234834E-06
   9.000001E+01  2.700000E+02  1.253005E-05  7.911049E-06
   9.000001E+01  2.820000E+02  1.028324E-05  6.241056E-06
   9.000001E+01  2.940000E+02  8.411648E-06  4.108165E-06
   9.000001E+01  3.060000E+02  7.428997E-06  3.494763E-06
   9.000001E+01  3.180000E+02  1.033598E-05  6.117389E-06
   9.000001E+01  3.300000E+02  8.633469E-06  4.109980E-06
   9.000001E+01  3.420000E+02  1.355991E-05  7.552410E-06
   9.000001E+01  3.540000E+02  9.997576E-06  6.239682E-06
    
   9.400001E+01  6.000001E+00  1.000000E-35  1.000000E-35
   9.400001E+01  1.800000E+01  1.000000E-35  1.000000E-35
   9.400001E+01  3.000000E+01  1.000000E-35  1.000000E-35
   9.400001E+01  4.200000E+01  1.000000E-35  1.000000E-35
   9.400001E+01  5.400001E+01  1.000000E-35  1.000000E-35
   9.400001E+01  6.600001E+01  1.000000E-35  1.000000E-35
   9.400001E+01  7.800001E+01  1.000000E-35  1.000000E-35
   9.400001E+01  9.000001E+01  1.000000E-35  1.000000E-35
   9.400001E+01  1.020000E+02  1.000000E-35  1.000000E-35
   9.400001E+01  1.140000E+02  1.000000E-35  1.000000E-35
   9.400001E+01  1.260000E+02  1.000000E-35  1.000000E-35
   9.400001E+01  1.380000E+02  1.000000E-35  1.000000E-35
   9.400001E+01  1.500000E+02  1.000000E-35  1.000000E-35
   9.400001E+01  1.620000E+02  1.000000E-35  1.000000E-35
   9.400001E+01  1.740000E+02  1.433499E-08  3.040910E-08
   9.400001E+01  1.860000E+02  1.000000E-35  1.000000E-35
   9.400001E+01  1.980000E+02  1.000000E-35  1.000000E-35
   9.400001E+01  2.100000E+02  1.000000E-35  1.000000E-35
   9.400001E+01  2.220000E+02  1.000000E-35  1.000000E-35
   9.400001E+01  2.340000E+02  1.000000E-35  1.000000E-35
   9.400001E+01  2.460000E+02  1.000000E-35  1.000000E-35
   9.400001E+01  2.580000E+02  1.000000E-35  1.000000E-35
   9.400001E+01  2.700000E+02  1.000000E-35  1.000000E-35
   9.400001E+01  2.820000E+02  1.000000E-35  1.000000E-35
   9.400001E+01  2.940000E+02  1.000000E-35  1.000000E-35
   9.400001E+01  3.060000E+02  1.000000E-35  1.000000E-35
   9.400001E+01  3.180000E+02  1.000000E-35  1.000000E-35
   9.400001E+01  3.300000E+02  1.000000E-35  1.000000E-35
   9.400001E+01  3.420000E+02  1.000000E-35  1.000000E-35
   9.400001E+01  3.540000E+02  1.000000E-35  1.000000E-35
    
   9.800001E+01  6.000001E+00  1.000000E-35  1.000000E-35
   9.800001E+01  1.800000E+01  1.000000E-35  1.000000E-35
   9.800001E+01  3.000000E+01  1.000000E-35  1.000000E-35
   9.800001E+01  4.200000E+01  1.000000E-35  1.000000E-35
   9.800001E+01  5.400001E+01  1.000000E-35  1.000000E-35
   9.800001E+01  6.600001E+01  1.000000E-35  1.000000E-35
   9.800001E+01  7.800001E+01  1.000000E-35  1.000000E-35
   9.800001E+01  9.000001E+01  1.000000E-35  1.000000E-35
   9.800001E+01  1.020000E+02  1.000000E-35  1.000000E-35
   9.800001E+01  1.140000E+02  1.000000E-35  1.000000E-35
   9.800001E+01  1.260000E+02  1.000000E-35  1.000000E-35
   9.800001E+01  1.380000E+02  1.000000E-35  1.000000E-35
   9.800001E+01  1.500000E+02  1.000000E-35  1.000000E-35
   9.800001E+01  1.620000E+02  1.000000E-35  1.000000E-35
   9.800001E+01  1.740000E+02  1.000000E-35  1.000000E-35
   9.800001E+01  1.860000E+02  1.000000E-35  1.000000E-35
   9.800001E+01  1.980000E+02  1.000000E-35  1.000000E-35
   9.800001E+01  2.100000E+02  1.000000E-35  1.000000E-35
   9.800001E+01  2.220000E+02  1.000000E-35  1.000000E-35
   9.800001E+01  2.340000E+02  1.000000E-35  1.000000E-35
   9.800001E+01  2.460000E+02  1.000000E-35  1.000000E-35
   9.800001E+01  2.580000E+02  1.000000E-35  1.000000E-35
   9.800001E+01  2.700000E+02  1.000000E-35  1.000000E-35
   9.800001E+01  2.820000E+02  1.000000E-35  1.000000E-35
   9.800001E+01  2.940000E+02  1.000000E-35  1.000000E-35
   9.800001E+01  3.060000E+02  1.000000E-35  1.000000E-35
   9.800001E+01  3.180000E+02  1.000000E-35  1.000000E-35
   9.800001E+01  3.300000E+02  1.000000E-35  1.000000E-35
   9.800001E+01  3.420000E+02  7.220304E-09  2.166091E-08
   9.800001E+01  3.540000E+02  1.000000E-35  1.000000E-35
    
   1.020000E+02  6.000001E+00  1.000000E-35  1.000000E-35
   1.020000E+02  1.800000E+01  1.000000E-35  1.000000E-35
   1.020000E+02  3.000000E+01  1.000000E-35  1.000000E-35
   1.020000E+02  4.200000E+01  1.000000E-35  1.000000E-35
   1.020000E+02  5.400001E+01  1.000000E-35  1.000000E-35
   1.020000E+02  6.600001E+01  1.000000E-35  1.000000E-35
   1.020000E+02  7.800001E+01  1.000000E-35  1.000000E-35
   1.020000E+02  9.000001E+01  1.000000E-35  1.000000E-35
   1.020000E+02  1.020000E+02  1.000000E-35  1.000000E-35
   1.020000E+02  1.140000E+02  1.000000E-35  1.000000E-35
   1.020000E+02  1.260000E+02  1.000000E-35  1.000000E-35
   1.020000E+02  1.380000E+02  1.000000E-35  1.000000E-35
   1.020000E+02  1.500000E+02  1.000000E-35  1.000000E-35
   1.020000E+02  1.620000E+02  1.000000E-35  1.000000E-35
   1.020000E+02  1.740000E+02  1.000000E-35  1.000000E-35
   1.020000E+02  1.860000E+02  1.000000E-35  1.000000E-35
   1.020000E+02  1.980000E+02  7.309773E-09  2.192931E-08
   1.020000E+02  2.100000E+02  1.000000E-35  1.000000E-35
   1.020000E+02  2.220000E+02  1.000000E-35  1.000000E-35
   1.020000E+02  2.340000E+02  1.000000E-35  1.000000E-35
   1.020000E+02  2.460000E+02  6.845279E-10  2.053583E-09
   1.020000E+02  2.580000E+02  1.000000E-35  1.000000E-35
   1.020000E+02  2.700000E+02  1.000000E-35  1.000000E-35
   1.020000E+02  2.820000E+02  1.000000E-35  1.000000E-35
   1.020000E+02  2.940000E+02  1.000000E-35  1.000000E-35
   1.020000E+02  3.060000E+02  1.000000E-35  1.000000E-35
   1.020000E+02  3.180000E+02  1.000000E-35  1.000000E-35
   1.020000E+02  3.300000E+02  1.000000E-35  1.000000E-35
   1.020000E+02  3.420000E+02  1.000000E-35  1.000000E-35
   1.020000E+02  3.540000E+02  1.000000E-35  1.000000E-35
    
   1.060000E+02  6.000001E+00  1.000000E-35  1.000000E-35
   1.060000E+02  1.800000E+01  1.000000E-35  1.000000E-35
   1.060000E+02  3.000000E+01  1.000000E-35  1.000000E-35
   1.060000E+02  4.200000E+01  1.000000E-35  1.000000E-35
   1.060000E+02  5.400001E+01  7.438179E-09  2.231453E-08
   1.060000E+02  6.600001E+01  1.000000E-35  1.000000E-35
   1.060000E+02  7.800001E+01  1.000000E-35  1.000000E-35
   1.060000E+02  9.000001E+01  7.438179E-09  2.231453E-08
   1.060000E+02  1.020000E+02  7.438179E-09  2.231453E-08
   1.060000E+02  1.140000E+02  1.000000E-35  1.000000E-35
   1.060000E+02  1.260000E+02  1.000000E-35  1.000000E-35
   1.060000E+02  1.380000E+02  3.849447E-10  1.154834E-09
   1.060000E+02  1.500000E+02  1.000000E-35  1.000000E-35
   1.060000E+02  1.620000E+02  1.000000E-35  1.000000E-35
   1.060000E+02  1.740000E+02  1.000000E-35  1.000000E-35
   1.060000E+02  1.860000E+02  1.000000E-35  1.000000E-35
   1.060000E+02  1.980000E+02  1.000000E-35  1.000000E-35
   1.060000E+02  2.100000E+02  1.000000E-35  1.000000E-35
   1.060000E+02  2.220000E+02  1.000000E-35  1.000000E-35
   1.060000E+02  2.340000E+02  7.438179E-09  2.231453E-08
   1.060000E+02  2.460000E+02  1.000000E-35  1.000000E-35
   1.060000E+02  2.580000E+02  1.000000E-35  1.000000E-35
   1.060000E+02  2.700000E+02  1.000000E-35  1.000000E-35
   1.060000E+02  2.820000E+02  1.000000E-35  1.000000E-35
   1.060000E+02  2.940000E+02  1.000000E-35  1.000000E-35
   1.060000E+02  3.060000E+02  1.000000E-35  1.000000E-35
   1.060000E+02  3.180000E+02  1.000000E-35  1.000000E-35
   1.060000E+02  3.300000E+02  1.000000E-35  1.000000E-35
   1.060000E+02  3.420000E+02  1.000000E-35  1.000000E-35
   1.060000E+02  3.540000E+02  1.000000E-35  1.000000E-35
    
   1.100000E+02  6.000001E+00  1.000000E-35  1.000000E-35
   1.100000E+02  1.800000E+01  7.608910E-09  2.282673E-08
   1.100000E+02  3.000000E+01  1.000000E-35  1.000000E-35
   1.100000E+02  4.200000E+01  1.000000E-35  1.000000E-35
   1.100000E+02  5.400001E+01  8.321451E-09  2.292660E-08
   1.100000E+02  6.600001E+01  1.000000E-35  1.000000E-35
   1.100000E+02  7.800001E+01  7.608910E-09  2.282673E-08
   1.100000E+02  9.000001E+01  4.205009E-09  1.261502E-08
   1.100000E+02  1.020000E+02  1.521782E-08  3.228186E-08
   1.100000E+02  1.140000E+02  1.000000E-35  1.000000E-35
   1.100000E+02  1.260000E+02  1.942283E-08  3.465915E-08
   1.100000E+02  1.380000E+02  1.000000E-35  1.000000E-35
   1.100000E+02  1.500000E+02  1.000000E-35  1.000000E-35
   1.100000E+02  1.620000E+02  1.000000E-35  1.000000E-35
   1.100000E+02  1.740000E+02  1.000000E-35  1.000000E-35
   1.100000E+02  1.860000E+02  7.608910E-09  2.282673E-08
   1.100000E+02  1.980000E+02  1.000000E-35  1.000000E-35
   1.100000E+02  2.100000E+02  1.000000E-35  1.000000E-35
   1.100000E+02  2.220000E+02  1.000000E-35  1.000000E-35
   1.100000E+02  2.340000E+02  1.000000E-35  1.000000E-35
   1.100000E+02  2.460000E+02  7.608910E-09  2.282673E-08
   1.100000E+02  2.580000E+02  1.000000E-35  1.000000E-35
   1.100000E+02  2.700000E+02  1.000000E-35  1.000000E-35
   1.100000E+02  2.820000E+02  1.000000E-35  1.000000E-35
   1.100000E+02  2.940000E+02  1.000000E-35  1.000000E-35
   1.100000E+02  3.060000E+02  7.608910E-09  2.282673E-08
   1.100000E+02  3.180000E+02  1.000000E-35  1.000000E-35
   1.100000E+02  3.300000E+02  1.000000E-35  1.000000E-35
   1.100000E+02  3.420000E+02  1.000000E-35  1.000000E-35
   1.100000E+02  3.540000E+02  1.000000E-35  1.000000E-35
    
   1.140000E+02  6.000001E+00  7.826690E-09  2.348006E-08
   1.140000E+02  1.800000E+01  7.826690E-09  2.348006E-08
   1.140000E+02  3.000000E+01  1.000000E-35  1.000000E-35
   1.140000E+02  4.200000E+01  1.565338E-08  3.320582E-08
   1.140000E+02  5.400001E+01  1.000000E-35  1.000000E-35
   1.140000E+02  6.600001E+01  7.826690E-09  2.348006E-08
   1.140000E+02  7.800001E+01  7.826690E-09  2.348006E-08
   1.140000E+02  9.000001E+01  1.000000E-35  1.000000E-35
   1.140000E+02  1.020000E+02  1.000000E-35  1.000000E-35
   1.140000E+02  1.140000E+02  2.780543E-08  4.268860E-08
   1.140000E+02  1.260000E+02  7.826690E-09  2.348006E-08
   1.140000E+02  1.380000E+02  1.000000E-35  1.000000E-35
   1.140000E+02  1.500000E+02  1.565338E-08  3.320582E-08
   1.140000E+02  1.620000E+02  1.000000E-35  1.000000E-35
   1.140000E+02  1.740000E+02  7.826690E-09  2.348006E-08
   1.140000E+02  1.860000E+02  7.826690E-09  2.348006E-08
   1.140000E+02  1.980000E+02  1.000000E-35  1.000000E-35
   1.140000E+02  2.100000E+02  7.826690E-09  2.348006E-08
   1.140000E+02  2.220000E+02  1.565338E-08  3.320582E-08
   1.140000E+02  2.340000E+02  7.826690E-09  2.348006E-08
   1.140000E+02  2.460000E+02  7.826690E-09  2.348006E-08
   1.140000E+02  2.580000E+02  1.000000E-35  1.000000E-35
   1.140000E+02  2.700000E+02  1.000000E-35  1.000000E-35
   1.140000E+02  2.820000E+02  1.565338E-08  3.320582E-08
   1.140000E+02  2.940000E+02  1.000000E-35  1.000000E-35
   1.140000E+02  3.060000E+02  1.000000E-35  1.000000E-35
   1.140000E+02  3.180000E+02  1.565338E-08  3.320582E-08
   1.140000E+02  3.300000E+02  1.565338E-08  3.320582E-08
   1.140000E+02  3.420000E+02  1.000000E-35  1.000000E-35
   1.140000E+02  3.540000E+02  1.000000E-35  1.000000E-35
    
   1.180000E+02  6.000001E+00  4.475255E-09  1.342576E-08
   1.180000E+02  1.800000E+01  1.619584E-08  3.435654E-08
   1.180000E+02  3.000000E+01  1.619584E-08  3.435654E-08
   1.180000E+02  4.200000E+01  1.000000E-35  1.000000E-35
   1.180000E+02  5.400001E+01  1.619584E-08  3.435654E-08
   1.180000E+02  6.600001E+01  2.876901E-08  4.416794E-08
   1.180000E+02  7.800001E+01  4.048959E-08  5.432242E-08
   1.180000E+02  9.000001E+01  2.429375E-08  4.207799E-08
   1.180000E+02  1.020000E+02  1.619584E-08  3.435654E-08
   1.180000E+02  1.140000E+02  1.000000E-35  1.000000E-35
   1.180000E+02  1.260000E+02  1.619584E-08  3.435654E-08
   1.180000E+02  1.380000E+02  1.619584E-08  3.435654E-08
   1.180000E+02  1.500000E+02  1.619584E-08  3.435654E-08
   1.180000E+02  1.620000E+02  3.239167E-08  4.858746E-08
   1.180000E+02  1.740000E+02  1.619584E-08  3.435654E-08
   1.180000E+02  1.860000E+02  1.000000E-35  1.000000E-35
   1.180000E+02  1.980000E+02  8.097918E-09  2.429375E-08
   1.180000E+02  2.100000E+02  2.429375E-08  4.207799E-08
   1.180000E+02  2.220000E+02  1.000000E-35  1.000000E-35
   1.180000E+02  2.340000E+02  1.000000E-35  1.000000E-35
   1.180000E+02  2.460000E+02  8.097918E-09  2.429375E-08
   1.180000E+02  2.580000E+02  1.000000E-35  1.000000E-35
   1.180000E+02  2.700000E+02  1.000000E-35  1.000000E-35
   1.180000E+02  2.820000E+02  8.097918E-09  2.429375E-08
   1.180000E+02  2.940000E+02  8.097918E-09  2.429375E-08
   1.180000E+02  3.060000E+02  1.000000E-35  1.000000E-35
   1.180000E+02  3.180000E+02  8.097918E-09  2.429375E-08
   1.180000E+02  3.300000E+02  1.000000E-35  1.000000E-35
   1.180000E+02  3.420000E+02  8.097918E-09  2.429375E-08
   1.180000E+02  3.540000E+02  4.858751E-08  5.950722E-08
    
   1.220000E+02  6.000001E+00  1.686234E-08  3.577041E-08
   1.220000E+02  1.800000E+01  8.431169E-09  2.529350E-08
   1.220000E+02  3.000000E+01  1.309059E-08  2.889901E-08
   1.220000E+02  4.200000E+01  3.372468E-08  5.058697E-08
   1.220000E+02  5.400001E+01  8.431169E-09  2.529350E-08
   1.220000E+02  6.600001E+01  2.995293E-08  4.598557E-08
   1.220000E+02  7.800001E+01  2.529351E-08  4.380961E-08
   1.220000E+02  9.000001E+01  1.000000E-35  1.000000E-35
   1.220000E+02  1.020000E+02  3.372468E-08  5.058697E-08
   1.220000E+02  1.140000E+02  2.529351E-08  4.380961E-08
   1.220000E+02  1.260000E+02  8.431169E-09  2.529350E-08
   1.220000E+02  1.380000E+02  2.529351E-08  4.380961E-08
   1.220000E+02  1.500000E+02  1.000000E-35  1.000000E-35
   1.220000E+02  1.620000E+02  1.309059E-08  2.889901E-08
   1.220000E+02  1.740000E+02  8.431169E-09  2.529350E-08
   1.220000E+02  1.860000E+02  6.744936E-08  7.154071E-08
   1.220000E+02  1.980000E+02  3.372468E-08  5.058697E-08
   1.220000E+02  2.100000E+02  2.995293E-08  4.598557E-08
   1.220000E+02  2.220000E+02  8.431169E-09  2.529350E-08
   1.220000E+02  2.340000E+02  1.000000E-35  1.000000E-35
   1.220000E+02  2.460000E+02  1.309059E-08  2.889901E-08
   1.220000E+02  2.580000E+02  1.686234E-08  3.577041E-08
   1.220000E+02  2.700000E+02  1.000000E-35  1.000000E-35
   1.220000E+02  2.820000E+02  7.895417E-10  2.368625E-09
   1.220000E+02  2.940000E+02  1.686234E-08  3.577041E-08
   1.220000E+02  3.060000E+02  2.529351E-08  4.380961E-08
   1.220000E+02  3.180000E+02  1.765188E-08  3.584874E-08
   1.220000E+02  3.300000E+02  1.000000E-35  1.000000E-35
   1.220000E+02  3.420000E+02  1.686234E-08  3.577041E-08
   1.220000E+02  3.540000E+02  4.215585E-08  5.655794E-08
    
   1.260000E+02  6.000001E+00  1.767586E-08  3.749615E-08
   1.260000E+02  1.800000E+01  3.535173E-08  5.302754E-08
   1.260000E+02  3.000000E+01  1.767586E-08  3.749615E-08
   1.260000E+02  4.200000E+01  2.651380E-08  4.592321E-08
   1.260000E+02  5.400001E+01  5.302759E-08  6.494518E-08
   1.260000E+02  6.600001E+01  4.418966E-08  5.928658E-08
   1.260000E+02  7.800001E+01  3.535173E-08  5.302754E-08
   1.260000E+02  9.000001E+01  2.651380E-08  4.592321E-08
   1.260000E+02  1.020000E+02  3.535173E-08  5.302754E-08
   1.260000E+02  1.140000E+02  8.837932E-09  2.651379E-08
   1.260000E+02  1.260000E+02  4.023595E-08  5.501472E-08
   1.260000E+02  1.380000E+02  2.651380E-08  4.592321E-08
   1.260000E+02  1.500000E+02  5.302759E-08  6.494518E-08
   1.260000E+02  1.620000E+02  5.791181E-08  6.657758E-08
   1.260000E+02  1.740000E+02  3.535173E-08  5.302754E-08
   1.260000E+02  1.860000E+02  1.767586E-08  3.749615E-08
   1.260000E+02  1.980000E+02  3.535173E-08  5.302754E-08
   1.260000E+02  2.100000E+02  5.302759E-08  6.494518E-08
   1.260000E+02  2.220000E+02  2.651380E-08  4.592321E-08
   1.260000E+02  2.340000E+02  1.767586E-08  3.749615E-08
   1.260000E+02  2.460000E+02  8.837932E-09  2.651379E-08
   1.260000E+02  2.580000E+02  1.767586E-08  3.749615E-08
   1.260000E+02  2.700000E+02  1.767586E-08  3.749615E-08
   1.260000E+02  2.820000E+02  5.302759E-08  6.494518E-08
   1.260000E+02  2.940000E+02  1.767586E-08  3.749615E-08
   1.260000E+02  3.060000E+02  1.000000E-35  1.000000E-35
   1.260000E+02  3.180000E+02  8.837932E-09  2.651379E-08
   1.260000E+02  3.300000E+02  4.418966E-08  5.928658E-08
   1.260000E+02  3.420000E+02  2.256008E-08  4.025743E-08
   1.260000E+02  3.540000E+02  3.535173E-08  5.302754E-08
    
   1.300000E+02  6.000001E+00  2.800113E-08  4.849935E-08
   1.300000E+02  1.800000E+01  8.400340E-08  8.400322E-08
   1.300000E+02  3.000000E+01  5.687633E-08  6.863850E-08
   1.300000E+02  4.200000E+01  6.533598E-08  7.408391E-08
   1.300000E+02  5.400001E+01  5.182676E-08  6.449628E-08
   1.300000E+02  6.600001E+01  3.733484E-08  5.600221E-08
   1.300000E+02  7.800001E+01  6.116047E-08  7.031237E-08
   1.300000E+02  9.000001E+01  5.600227E-08  6.858839E-08
   1.300000E+02  1.020000E+02  2.800113E-08  4.849935E-08
   1.300000E+02  1.140000E+02  5.600227E-08  6.858839E-08
   1.300000E+02  1.260000E+02  4.754262E-08  6.266725E-08
   1.300000E+02  1.380000E+02  3.733484E-08  5.600221E-08
   1.300000E+02  1.500000E+02  5.600227E-08  6.858839E-08
   1.300000E+02  1.620000E+02  4.249305E-08  5.810086E-08
   1.300000E+02  1.740000E+02  4.666856E-08  6.261236E-08
   1.300000E+02  1.860000E+02  2.382563E-08  4.251574E-08
   1.300000E+02  1.980000E+02  4.666856E-08  6.261236E-08
   1.300000E+02  2.100000E+02  9.333711E-08  8.854715E-08
   1.300000E+02  2.220000E+02  5.182676E-08  6.449628E-08
   1.300000E+02  2.340000E+02  4.666856E-08  6.261236E-08
   1.300000E+02  2.460000E+02  1.449192E-08  3.199260E-08
   1.300000E+02  2.580000E+02  3.733484E-08  5.600221E-08
   1.300000E+02  2.700000E+02  2.382563E-08  4.251574E-08
   1.300000E+02  2.820000E+02  4.666856E-08  6.261236E-08
   1.300000E+02  2.940000E+02  5.600227E-08  6.858839E-08
   1.300000E+02  3.060000E+02  6.203454E-08  7.036124E-08
   1.300000E+02  3.180000E+02  4.249305E-08  5.810086E-08
   1.300000E+02  3.300000E+02  3.315934E-08  5.090825E-08
   1.300000E+02  3.420000E+02  8.400340E-08  8.400322E-08
   1.300000E+02  3.540000E+02  3.733484E-08  5.600221E-08
    
   1.340000E+02  6.000001E+00  4.068970E-08  5.970361E-08
   1.340000E+02  1.800000E+01  2.981917E-08  5.164828E-08
   1.340000E+02  3.000000E+01  9.939722E-08  9.429627E-08
   1.340000E+02  4.200000E+01  3.531228E-08  5.421357E-08
   1.340000E+02  5.400001E+01  2.981917E-08  5.164828E-08
   1.340000E+02  6.600001E+01  1.093369E-07  9.889873E-08
   1.340000E+02  7.800001E+01  4.969861E-08  6.667761E-08
   1.340000E+02  9.000001E+01  2.981917E-08  5.164828E-08
   1.340000E+02  1.020000E+02  8.945750E-08  8.945731E-08
   1.340000E+02  1.140000E+02  2.981917E-08  5.164828E-08
   1.340000E+02  1.260000E+02  7.507117E-08  8.059668E-08
   1.340000E+02  1.380000E+02  5.963833E-08  7.304164E-08
   1.340000E+02  1.500000E+02  4.525200E-08  6.187319E-08
   1.340000E+02  1.620000E+02  8.945750E-08  8.945731E-08
   1.340000E+02  1.740000E+02  3.975889E-08  5.963828E-08
   1.340000E+02  1.860000E+02  1.004437E-07  9.244317E-08
   1.340000E+02  1.980000E+02  2.537256E-08  4.527617E-08
   1.340000E+02  2.100000E+02  5.963833E-08  7.304164E-08
   1.340000E+02  2.220000E+02  9.939722E-09  2.981916E-08
   1.340000E+02  2.340000E+02  6.957806E-08  7.889397E-08
   1.340000E+02  2.460000E+02  9.939722E-09  2.981916E-08
   1.340000E+02  2.580000E+02  2.981917E-08  5.164828E-08
   1.340000E+02  2.700000E+02  5.963833E-08  7.304164E-08
   1.340000E+02  2.820000E+02  3.531228E-08  5.421357E-08
   1.340000E+02  2.940000E+02  7.951778E-08  8.434118E-08
   1.340000E+02  3.060000E+02  2.981917E-08  5.164828E-08
   1.340000E+02  3.180000E+02  3.531228E-08  5.421357E-08
   1.340000E+02  3.300000E+02  4.969861E-08  6.667761E-08
   1.340000E+02  3.420000E+02  1.987944E-08  4.217065E-08
   1.340000E+02  3.540000E+02  9.495062E-08  9.096249E-08
    
   1.380000E+02  6.000001E+00  1.175412E-07  1.063197E-07
   1.380000E+02  1.800000E+01  5.342782E-08  7.168086E-08
   1.380000E+02  3.000000E+01  1.068556E-07  1.013719E-07
   1.380000E+02  4.200000E+01  8.548451E-08  9.066985E-08
   1.380000E+02  5.400001E+01  7.479895E-08  8.481390E-08
   1.380000E+02  6.600001E+01  1.127609E-07  1.029083E-07
   1.380000E+02  7.800001E+01  9.617008E-08  9.616988E-08
   1.380000E+02  9.000001E+01  5.342782E-08  7.168086E-08
   1.380000E+02  1.020000E+02  4.274226E-08  6.411333E-08
   1.380000E+02  1.140000E+02  1.068556E-07  1.013719E-07
   1.380000E+02  1.260000E+02  5.342782E-08  7.168086E-08
   1.380000E+02  1.380000E+02  3.205669E-08  5.552378E-08
   1.380000E+02  1.500000E+02  5.342782E-08  7.168086E-08
   1.380000E+02  1.620000E+02  7.479895E-08  8.481390E-08
   1.380000E+02  1.740000E+02  5.342782E-08  7.168086E-08
   1.380000E+02  1.860000E+02  8.548451E-08  9.066985E-08
   1.380000E+02  1.980000E+02  3.205669E-08  5.552378E-08
   1.380000E+02  2.100000E+02  2.137113E-08  4.533499E-08
   1.380000E+02  2.220000E+02  9.617008E-08  9.616988E-08
   1.380000E+02  2.340000E+02  8.548451E-08  9.066985E-08
   1.380000E+02  2.460000E+02  9.617008E-08  9.616988E-08
   1.380000E+02  2.580000E+02  4.864756E-08  6.651593E-08
   1.380000E+02  2.700000E+02  6.511404E-08  7.857979E-08
   1.380000E+02  2.820000E+02  3.205669E-08  5.552378E-08
   1.380000E+02  2.940000E+02  5.342782E-08  7.168086E-08
   1.380000E+02  3.060000E+02  6.411339E-08  7.852243E-08
   1.380000E+02  3.180000E+02  7.479895E-08  8.481390E-08
   1.380000E+02  3.300000E+02  4.864756E-08  6.651593E-08
   1.380000E+02  3.420000E+02  5.342782E-08  7.168086E-08
   1.380000E+02  3.540000E+02  1.175412E-07  1.063197E-07
    
   1.420000E+02  6.000001E+00  1.277495E-07  1.155534E-07
   1.420000E+02  1.800000E+01  1.638130E-07  1.285371E-07
   1.420000E+02  3.000000E+01  9.290870E-08  9.854437E-08
   1.420000E+02  4.200000E+01  5.806794E-08  7.790622E-08
   1.420000E+02  5.400001E+01  8.129511E-08  9.217984E-08
   1.420000E+02  6.600001E+01  1.109405E-07  1.062807E-07
   1.420000E+02  7.800001E+01  1.045223E-07  1.045221E-07
   1.420000E+02  9.000001E+01  1.045223E-07  1.045221E-07
   1.420000E+02  1.020000E+02  4.645435E-08  6.968146E-08
   1.420000E+02  1.140000E+02  7.076909E-08  8.540431E-08
   1.420000E+02  1.260000E+02  5.915550E-08  7.797451E-08
   1.420000E+02  1.380000E+02  6.968153E-08  8.534197E-08
   1.420000E+02  1.500000E+02  1.277495E-07  1.155534E-07
   1.420000E+02  1.620000E+02  8.129511E-08  9.217984E-08
   1.420000E+02  1.740000E+02  6.968153E-08  8.534197E-08
   1.420000E+02  1.860000E+02  9.932687E-08  1.004078E-07
   1.420000E+02  1.980000E+02  1.045223E-07  1.045221E-07
   1.420000E+02  2.100000E+02  1.161359E-07  1.101759E-07
   1.420000E+02  2.220000E+02  5.806794E-08  7.790622E-08
   1.420000E+02  2.340000E+02  5.806794E-08  7.790622E-08
   1.420000E+02  2.460000E+02  9.290870E-08  9.854437E-08
   1.420000E+02  2.580000E+02  1.161359E-07  1.101759E-07
   1.420000E+02  2.700000E+02  3.484076E-08  6.034593E-08
   1.420000E+02  2.820000E+02  8.129511E-08  9.217984E-08
   1.420000E+02  2.940000E+02  5.287251E-08  7.229273E-08
   1.420000E+02  3.060000E+02  1.393631E-07  1.206916E-07
   1.420000E+02  3.180000E+02  1.700960E-07  1.318164E-07
   1.420000E+02  3.300000E+02  1.015020E-07  1.005137E-07
   1.420000E+02  3.420000E+02  6.968153E-08  8.534197E-08
   1.420000E+02  3.540000E+02  3.484076E-08  6.034593E-08
    
   1.460000E+02  6.000001E+00  1.278635E-07  1.213017E-07
   1.460000E+02  1.800000E+01  1.477162E-07  1.289763E-07
   1.460000E+02  3.000000E+01  1.022908E-07  1.084956E-07
   1.460000E+02  4.200000E+01  7.671813E-08  9.396000E-08
   1.460000E+02  5.400001E+01  1.162746E-07  1.151330E-07
   1.460000E+02  6.600001E+01  7.066286E-09  2.119885E-08
   1.460000E+02  7.800001E+01  7.671813E-08  9.396000E-08
   1.460000E+02  9.000001E+01  4.542535E-08  6.973978E-08
   1.460000E+02  1.020000E+02  5.114542E-08  7.671806E-08
   1.460000E+02  1.140000E+02  7.671813E-08  9.396000E-08
   1.460000E+02  1.260000E+02  8.950448E-08  1.014884E-07
   1.460000E+02  1.380000E+02  7.671813E-08  9.396000E-08
   1.460000E+02  1.500000E+02  1.221435E-07  1.170132E-07
   1.460000E+02  1.620000E+02  6.393177E-08  8.577338E-08
   1.460000E+02  1.740000E+02  1.278635E-07  1.213017E-07
   1.460000E+02  1.860000E+02  1.022908E-07  1.084956E-07
   1.460000E+02  1.980000E+02  1.732889E-07  1.399203E-07
   1.460000E+02  2.100000E+02  9.657077E-08  1.036787E-07
   1.460000E+02  2.220000E+02  1.278635E-07  1.213017E-07
   1.460000E+02  2.340000E+02  8.950448E-08  1.014884E-07
   1.460000E+02  2.460000E+02  8.950448E-08  1.014884E-07
   1.460000E+02  2.580000E+02  5.114542E-08  7.671806E-08
   1.460000E+02  2.700000E+02  6.512916E-08  8.584856E-08
   1.460000E+02  2.820000E+02  7.671813E-08  9.396000E-08
   1.460000E+02  2.940000E+02  7.671813E-08  9.396000E-08
   1.460000E+02  3.060000E+02  1.164234E-07  1.125614E-07
   1.460000E+02  3.180000E+02  1.022908E-07  1.084956E-07
   1.460000E+02  3.300000E+02  1.150772E-07  1.150770E-07
   1.460000E+02  3.420000E+02  3.835906E-08  6.643980E-08
   1.460000E+02  3.540000E+02  1.477162E-07  1.289763E-07
    
   1.500000E+02  6.000001E+00  7.150039E-08  9.592773E-08
   1.500000E+02  1.800000E+01  7.150039E-08  9.592773E-08
   1.500000E+02  3.000000E+01  8.580047E-08  1.050835E-07
   1.500000E+02  4.200000E+01  8.580047E-08  1.050835E-07
   1.500000E+02  5.400001E+01  2.860016E-08  6.067007E-08
   1.500000E+02  6.600001E+01  8.580047E-08  1.050835E-07
   1.500000E+02  7.800001E+01  1.287007E-07  1.287004E-07
   1.500000E+02  9.000001E+01  1.080034E-07  1.159528E-07
   1.500000E+02  1.020000E+02  8.580047E-08  1.050835E-07
   1.500000E+02  1.140000E+02  1.430008E-08  4.290023E-08
   1.500000E+02  1.260000E+02  2.860016E-08  6.067007E-08
   1.500000E+02  1.380000E+02  1.001006E-07  1.135032E-07
   1.500000E+02  1.500000E+02  8.580047E-08  1.050835E-07
   1.500000E+02  1.620000E+02  8.580047E-08  1.050835E-07
   1.500000E+02  1.740000E+02  7.283953E-08  9.601182E-08
   1.500000E+02  1.860000E+02  1.287007E-07  1.287004E-07
   1.500000E+02  1.980000E+02  1.144006E-07  1.213400E-07
   1.500000E+02  2.100000E+02  8.580047E-08  1.050835E-07
   1.500000E+02  2.220000E+02  9.504245E-08  1.077997E-07
   1.500000E+02  2.340000E+02  8.580047E-08  1.050835E-07
   1.500000E+02  2.460000E+02  1.001006E-07  1.135032E-07
   1.500000E+02  2.580000E+02  1.144006E-07  1.213400E-07
   1.500000E+02  2.700000E+02  8.580047E-08  1.050835E-07
   1.500000E+02  2.820000E+02  8.580047E-08  1.050835E-07
   1.500000E+02  2.940000E+02  7.150039E-08  9.592773E-08
   1.500000E+02  3.060000E+02  6.510315E-08  8.901571E-08
   1.500000E+02  3.180000E+02  1.287007E-07  1.287004E-07
   1.500000E+02  3.300000E+02  1.586400E-07  1.423403E-07
   1.500000E+02  3.420000E+02  1.144006E-07  1.213400E-07
   1.500000E+02  3.540000E+02  8.580047E-08  1.050835E-07
    
   1.540000E+02  6.000001E+00  6.524189E-08  9.786274E-08
   1.540000E+02  1.800000E+01  9.786283E-08  1.198568E-07
   1.540000E+02  3.000000E+01  6.524189E-08  9.786274E-08
   1.540000E+02  4.200000E+01  3.262094E-08  6.919944E-08
   1.540000E+02  5.400001E+01  1.141733E-07  1.294601E-07
   1.540000E+02  6.600001E+01  6.524189E-08  9.786274E-08
   1.540000E+02  7.800001E+01  8.307976E-08  1.095097E-07
   1.540000E+02  9.000001E+01  1.394976E-07  1.410157E-07
   1.540000E+02  1.020000E+02  1.141733E-07  1.294601E-07
   1.540000E+02  1.140000E+02  1.631047E-08  4.893140E-08
   1.540000E+02  1.260000E+02  1.084041E-07  1.229548E-07
   1.540000E+02  1.380000E+02  8.155236E-08  1.094138E-07
   1.540000E+02  1.500000E+02  9.786283E-08  1.198568E-07
   1.540000E+02  1.620000E+02  1.141733E-07  1.294601E-07
   1.540000E+02  1.740000E+02  1.631047E-07  1.547344E-07
   1.540000E+02  1.860000E+02  1.794152E-07  1.622867E-07
   1.540000E+02  1.980000E+02  8.155236E-08  1.094138E-07
   1.540000E+02  2.100000E+02  1.483216E-07  1.468654E-07
   1.540000E+02  2.220000E+02  1.157007E-07  1.295412E-07
   1.540000E+02  2.340000E+02  4.163481E-08  7.429540E-08
   1.540000E+02  2.460000E+02  9.786283E-08  1.198568E-07
   1.540000E+02  2.580000E+02  1.304838E-07  1.383987E-07
   1.540000E+02  2.700000E+02  8.155236E-08  1.094138E-07
   1.540000E+02  2.820000E+02  1.304838E-07  1.383987E-07
   1.540000E+02  2.940000E+02  1.141733E-07  1.294601E-07
   1.540000E+02  3.060000E+02  1.631047E-08  4.893140E-08
   1.540000E+02  3.180000E+02  1.304838E-07  1.383987E-07
   1.540000E+02  3.300000E+02  1.794152E-07  1.622867E-07
   1.540000E+02  3.420000E+02  9.056622E-08  1.127059E-07
   1.540000E+02  3.540000E+02  9.056622E-08  1.127059E-07
    
   1.580000E+02  6.000001E+00  1.145208E-07  1.402586E-07
   1.580000E+02  1.800000E+01  9.543400E-08  1.280380E-07
   1.580000E+02  3.000000E+01  3.817360E-08  8.097840E-08
   1.580000E+02  4.200000E+01  1.336076E-07  1.514965E-07
   1.580000E+02  5.400001E+01  7.634720E-08  1.145207E-07
   1.580000E+02  6.600001E+01  7.634720E-08  1.145207E-07
   1.580000E+02  7.800001E+01  1.145208E-07  1.402586E-07
   1.580000E+02  9.000001E+01  1.908680E-08  5.726039E-08
   1.580000E+02  1.020000E+02  1.717812E-07  1.717808E-07
   1.580000E+02  1.140000E+02  7.634720E-08  1.145207E-07
   1.580000E+02  1.260000E+02  1.059822E-07  1.318905E-07
   1.580000E+02  1.380000E+02  7.634720E-08  1.145207E-07
   1.580000E+02  1.500000E+02  1.336076E-07  1.514965E-07
   1.580000E+02  1.620000E+02  1.145208E-07  1.402586E-07
   1.580000E+02  1.740000E+02  7.634720E-08  1.145207E-07
   1.580000E+02  1.860000E+02  1.250690E-07  1.437840E-07
   1.580000E+02  1.980000E+02  1.336076E-07  1.514965E-07
   1.580000E+02  2.100000E+02  2.481284E-07  2.064547E-07
   1.580000E+02  2.220000E+02  3.817360E-08  8.097840E-08
   1.580000E+02  2.340000E+02  1.145208E-07  1.402586E-07
   1.580000E+02  2.460000E+02  9.543400E-08  1.280380E-07
   1.580000E+02  2.580000E+02  1.526944E-07  1.619566E-07
   1.580000E+02  2.700000E+02  1.717812E-07  1.717808E-07
   1.580000E+02  2.820000E+02  9.543400E-08  1.280380E-07
   1.580000E+02  2.940000E+02  3.817360E-08  8.097840E-08
   1.580000E+02  3.060000E+02  9.543400E-08  1.280380E-07
   1.580000E+02  3.180000E+02  7.634720E-08  1.145207E-07
   1.580000E+02  3.300000E+02  1.145208E-07  1.402586E-07
   1.580000E+02  3.420000E+02  5.726040E-08  9.917785E-08
   1.580000E+02  3.540000E+02  1.526944E-07  1.619566E-07
    
   1.620000E+02  6.000001E+00  1.156901E-07  1.552144E-07
   1.620000E+02  1.800000E+01  1.388281E-07  1.700288E-07
   1.620000E+02  3.000000E+01  6.941407E-08  1.202286E-07
   1.620000E+02  4.200000E+01  9.255209E-08  1.388280E-07
   1.620000E+02  5.400001E+01  1.747532E-07  1.876157E-07
   1.620000E+02  6.600001E+01  9.255209E-08  1.388280E-07
   1.620000E+02  7.800001E+01  4.627605E-08  9.816627E-08
   1.620000E+02  9.000001E+01  6.941407E-08  1.202286E-07
   1.620000E+02  1.020000E+02  9.255209E-08  1.388280E-07
   1.620000E+02  1.140000E+02  1.388281E-07  1.700288E-07
   1.620000E+02  1.260000E+02  4.627605E-08  9.816627E-08
   1.620000E+02  1.380000E+02  9.471887E-08  1.389801E-07
   1.620000E+02  1.500000E+02  1.851042E-07  1.963323E-07
   1.620000E+02  1.620000E+02  9.255209E-08  1.388280E-07
   1.620000E+02  1.740000E+02  1.284772E-07  1.598846E-07
   1.620000E+02  1.860000E+02  1.388281E-07  1.700288E-07
   1.620000E+02  1.980000E+02  9.255209E-08  1.388280E-07
   1.620000E+02  2.100000E+02  2.313802E-08  6.941405E-08
   1.620000E+02  2.220000E+02  1.000000E-35  1.000000E-35
   1.620000E+02  2.340000E+02  1.178569E-07  1.553504E-07
   1.620000E+02  2.460000E+02  4.627605E-08  9.816627E-08
   1.620000E+02  2.580000E+02  6.941407E-08  1.202286E-07
   1.620000E+02  2.700000E+02  9.255209E-08  1.388280E-07
   1.620000E+02  2.820000E+02  1.388281E-07  1.700288E-07
   1.620000E+02  2.940000E+02  4.627605E-08  9.816627E-08
   1.620000E+02  3.060000E+02  1.156901E-07  1.552144E-07
   1.620000E+02  3.180000E+02  6.941407E-08  1.202286E-07
   1.620000E+02  3.300000E+02  3.592508E-08  7.930881E-08
   1.620000E+02  3.420000E+02  9.255209E-08  1.388280E-07
   1.620000E+02  3.540000E+02  1.851042E-07  1.963323E-07
    
   1.660000E+02  6.000001E+00  8.866553E-08  1.535731E-07
   1.660000E+02  1.800000E+01  5.911035E-08  1.253919E-07
   1.660000E+02  3.000000E+01  2.068862E-07  2.345866E-07
   1.660000E+02  4.200000E+01  8.866553E-08  1.535731E-07
   1.660000E+02  5.400001E+01  2.955518E-08  8.866551E-08
   1.660000E+02  6.600001E+01  1.477759E-07  1.982619E-07
   1.660000E+02  7.800001E+01  1.182207E-07  1.773309E-07
   1.660000E+02  9.000001E+01  1.773311E-07  2.171850E-07
   1.660000E+02  1.020000E+02  2.955518E-08  8.866551E-08
   1.660000E+02  1.140000E+02  1.773311E-07  2.171850E-07
   1.660000E+02  1.260000E+02  5.911035E-08  1.253919E-07
   1.660000E+02  1.380000E+02  2.955518E-08  8.866551E-08
   1.660000E+02  1.500000E+02  8.866553E-08  1.535731E-07
   1.660000E+02  1.620000E+02  1.182207E-07  1.773309E-07
   1.660000E+02  1.740000E+02  1.910116E-08  4.969885E-08
   1.660000E+02  1.860000E+02  8.866553E-08  1.535731E-07
   1.660000E+02  1.980000E+02  2.955518E-08  8.866551E-08
   1.660000E+02  2.100000E+02  1.773311E-07  2.171850E-07
   1.660000E+02  2.220000E+02  1.182207E-07  1.773309E-07
   1.660000E+02  2.340000E+02  1.477759E-07  1.982619E-07
   1.660000E+02  2.460000E+02  8.866553E-08  1.535731E-07
   1.660000E+02  2.580000E+02  1.477759E-07  1.982619E-07
   1.660000E+02  2.700000E+02  5.911035E-08  1.253919E-07
   1.660000E+02  2.820000E+02  1.345542E-07  1.839763E-07
   1.660000E+02  2.940000E+02  1.182207E-07  1.773309E-07
   1.660000E+02  3.060000E+02  1.477759E-07  1.982619E-07
   1.660000E+02  3.180000E+02  1.477759E-07  1.982619E-07
   1.660000E+02  3.300000E+02  8.866553E-08  1.535731E-07
   1.660000E+02  3.420000E+02  8.866553E-08  1.535731E-07
   1.660000E+02  3.540000E+02  5.911035E-08  1.253919E-07
    
   1.700000E+02  6.000001E+00  1.235265E-07  2.139540E-07
   1.700000E+02  1.800000E+01  1.647019E-07  2.470527E-07
   1.700000E+02  3.000000E+01  1.235265E-07  2.139540E-07
   1.700000E+02  4.200000E+01  4.117549E-08  1.235264E-07
   1.700000E+02  5.400001E+01  2.882284E-07  3.268198E-07
   1.700000E+02  6.600001E+01  8.235097E-08  1.746927E-07
   1.700000E+02  7.800001E+01  4.117549E-08  1.235264E-07
   1.700000E+02  9.000001E+01  1.000000E-35  1.000000E-35
   1.700000E+02  1.020000E+02  2.058774E-07  2.762132E-07
   1.700000E+02  1.140000E+02  4.117549E-08  1.235264E-07
   1.700000E+02  1.260000E+02  1.647019E-07  2.470527E-07
   1.700000E+02  1.380000E+02  2.058774E-07  2.762132E-07
   1.700000E+02  1.500000E+02  2.058774E-07  2.762132E-07
   1.700000E+02  1.620000E+02  1.000000E-35  1.000000E-35
   1.700000E+02  1.740000E+02  8.235097E-08  1.746927E-07
   1.700000E+02  1.860000E+02  8.235097E-08  1.746927E-07
   1.700000E+02  1.980000E+02  8.235097E-08  1.746927E-07
   1.700000E+02  2.100000E+02  8.235097E-08  1.746927E-07
   1.700000E+02  2.220000E+02  8.235097E-08  1.746927E-07
   1.700000E+02  2.340000E+02  4.117549E-08  1.235264E-07
   1.700000E+02  2.460000E+02  1.235265E-07  2.139540E-07
   1.700000E+02  2.580000E+02  8.620688E-08  1.750753E-07
   1.700000E+02  2.700000E+02  1.235265E-07  2.139540E-07
   1.700000E+02  2.820000E+02  1.647019E-07  2.470527E-07
   1.700000E+02  2.940000E+02  8.620688E-08  1.750753E-07
   1.700000E+02  3.060000E+02  2.470529E-07  3.025764E-07
   1.700000E+02  3.180000E+02  8.235097E-08  1.746927E-07
   1.700000E+02  3.300000E+02  1.235265E-07  2.139540E-07
   1.700000E+02  3.420000E+02  8.235097E-08  1.746927E-07
   1.700000E+02  3.540000E+02  4.117549E-08  1.235264E-07
    
   1.740000E+02  6.000001E+00  1.062054E-07  2.344607E-07
   1.740000E+02  1.800000E+01  6.840297E-08  2.052088E-07
   1.740000E+02  3.000000E+01  1.368059E-07  2.902091E-07
   1.740000E+02  4.200000E+01  2.052089E-07  3.554320E-07
   1.740000E+02  5.400001E+01  6.840297E-08  2.052088E-07
   1.740000E+02  6.600001E+01  2.052089E-07  3.554320E-07
   1.740000E+02  7.800001E+01  6.840297E-08  2.052088E-07
   1.740000E+02  9.000001E+01  2.430113E-07  3.730858E-07
   1.740000E+02  1.020000E+02  6.840297E-08  2.052088E-07
   1.740000E+02  1.140000E+02  6.840297E-08  2.052088E-07
   1.740000E+02  1.260000E+02  6.840297E-08  2.052088E-07
   1.740000E+02  1.380000E+02  1.368059E-07  2.902091E-07
   1.740000E+02  1.500000E+02  2.052089E-07  3.554320E-07
   1.740000E+02  1.620000E+02  1.368059E-07  2.902091E-07
   1.740000E+02  1.740000E+02  2.052089E-07  3.554320E-07
   1.740000E+02  1.860000E+02  6.840297E-08  2.052088E-07
   1.740000E+02  1.980000E+02  1.368059E-07  2.902091E-07
   1.740000E+02  2.100000E+02  2.052089E-07  3.554320E-07
   1.740000E+02  2.220000E+02  1.368059E-07  2.902091E-07
   1.740000E+02  2.340000E+02  2.052089E-07  3.554320E-07
   1.740000E+02  2.460000E+02  1.000000E-35  1.000000E-35
   1.740000E+02  2.580000E+02  1.368059E-07  2.902091E-07
   1.740000E+02  2.700000E+02  2.052089E-07  3.554320E-07
   1.740000E+02  2.820000E+02  6.840297E-08  2.052088E-07
   1.740000E+02  2.940000E+02  2.052089E-07  3.554320E-07
   1.740000E+02  3.060000E+02  6.840297E-08  2.052088E-07
   1.740000E+02  3.180000E+02  6.840297E-08  2.052088E-07
   1.740000E+02  3.300000E+02  6.840297E-08  2.052088E-07
   1.740000E+02  3.420000E+02  6.840297E-08  2.052088E-07
   1.740000E+02  3.540000E+02  2.052089E-07  3.554320E-07
    
   1.780000E+02  6.000001E+00  1.000000E-35  1.000000E-35
   1.780000E+02  1.800000E+01  2.048769E-07  6.146305E-07
   1.780000E+02  3.000000E+01  1.000000E-35  1.000000E-35
   1.780000E+02  4.200000E+01  1.000000E-35  1.000000E-35
   1.780000E+02  5.400001E+01  1.000000E-35  1.000000E-35
   1.780000E+02  6.600001E+01  2.048769E-07  6.146305E-07
   1.780000E+02  7.800001E+01  1.000000E-35  1.000000E-35
   1.780000E+02  9.000001E+01  2.048769E-07  6.146305E-07
   1.780000E+02  1.020000E+02  1.000000E-35  1.000000E-35
   1.780000E+02  1.140000E+02  2.048769E-07  6.146305E-07
   1.780000E+02  1.260000E+02  1.000000E-35  1.000000E-35
   1.780000E+02  1.380000E+02  2.048769E-07  6.146305E-07
   1.780000E+02  1.500000E+02  2.048769E-07  6.146305E-07
   1.780000E+02  1.620000E+02  2.048769E-07  6.146305E-07
   1.780000E+02  1.740000E+02  2.048769E-07  6.146305E-07
   1.780000E+02  1.860000E+02  1.000000E-35  1.000000E-35
   1.780000E+02  1.980000E+02  1.000000E-35  1.000000E-35
   1.780000E+02  2.100000E+02  1.000000E-35  1.000000E-35
   1.780000E+02  2.220000E+02  1.000000E-35  1.000000E-35
   1.780000E+02  2.340000E+02  1.000000E-35  1.000000E-35
   1.780000E+02  2.460000E+02  1.000000E-35  1.000000E-35
   1.780000E+02  2.580000E+02  1.000000E-35  1.000000E-35
   1.780000E+02  2.700000E+02  2.048769E-07  6.146305E-07
   1.780000E+02  2.820000E+02  1.000000E-35  1.000000E-35
   1.780000E+02  2.940000E+02  2.048769E-07  6.146305E-07
   1.780000E+02  3.060000E+02  1.000000E-35  1.000000E-35
   1.780000E+02  3.180000E+02  1.000000E-35  1.000000E-35
   1.780000E+02  3.300000E+02  1.000000E-35  1.000000E-35
   1.780000E+02  3.420000E+02  1.000000E-35  1.000000E-35
   1.780000E+02  3.540000E+02  2.048769E-07  6.146305E-07
    
