 #  Results from PENEPMA.
 #  Angular distribution of emerging electrons.
 #  1st and 2nd columns: THETA and PHI (deg).
 #  3rd and 4th columns: probability density and STU (1/sr)

   2.000000E+00  6.000001E+00  4.425440E-02  1.899286E-02
   2.000000E+00  1.800000E+01  4.522477E-02  1.918998E-02
   2.000000E+00  3.000000E+01  4.330793E-02  1.879406E-02
   2.000000E+00  4.200000E+01  4.154883E-02  1.838995E-02
   2.000000E+00  5.400001E+01  5.064089E-02  2.033043E-02
   2.000000E+00  6.600001E+01  4.427615E-02  1.899290E-02
   2.000000E+00  7.800001E+01  4.875455E-02  1.995725E-02
   2.000000E+00  9.000001E+01  4.407083E-02  1.899233E-02
   2.000000E+00  1.020000E+02  4.604820E-02  1.938436E-02
   2.000000E+00  1.140000E+02  4.524494E-02  1.918986E-02
   2.000000E+00  1.260000E+02  5.616144E-02  2.141062E-02
   2.000000E+00  1.380000E+02  4.596564E-02  1.938413E-02
   2.000000E+00  1.500000E+02  4.597151E-02  1.938431E-02
   2.000000E+00  1.620000E+02  4.248296E-02  1.859351E-02
   2.000000E+00  1.740000E+02  4.595577E-02  1.938409E-02
   2.000000E+00  1.860000E+02  4.513231E-02  1.918971E-02
   2.000000E+00  1.980000E+02  5.331960E-02  2.087759E-02
   2.000000E+00  2.100000E+02  4.965563E-02  2.014459E-02
   2.000000E+00  2.220000E+02  3.409562E-02  1.667517E-02
   2.000000E+00  2.340000E+02  3.877334E-02  1.776654E-02
   2.000000E+00  2.460000E+02  4.339128E-02  1.879464E-02
   2.000000E+00  2.580000E+02  4.881336E-02  1.995741E-02
   2.000000E+00  2.700000E+02  4.146523E-02  1.838970E-02
   2.000000E+00  2.820000E+02  3.597110E-02  1.712001E-02
   2.000000E+00  2.940000E+02  4.328047E-02  1.879415E-02
   2.000000E+00  3.060000E+02  4.427203E-02  1.899324E-02
   2.000000E+00  3.180000E+02  3.866922E-02  1.776605E-02
   2.000000E+00  3.300000E+02  5.987400E-02  2.210165E-02
   2.000000E+00  3.420000E+02  6.063909E-02  2.227064E-02
   2.000000E+00  3.540000E+02  4.331674E-02  1.879460E-02
    
   6.000001E+00  6.000001E+00  4.724339E-02  1.135789E-02
   6.000001E+00  1.800000E+01  4.580846E-02  1.117222E-02
   6.000001E+00  3.000000E+01  4.455872E-02  1.102109E-02
   6.000001E+00  4.200000E+01  4.493545E-02  1.105917E-02
   6.000001E+00  5.400001E+01  4.669274E-02  1.128394E-02
   6.000001E+00  6.600001E+01  4.577911E-02  1.117205E-02
   6.000001E+00  7.800001E+01  4.122028E-02  1.059491E-02
   6.000001E+00  9.000001E+01  4.610480E-02  1.120953E-02
   6.000001E+00  1.020000E+02  3.905218E-02  1.031449E-02
   6.000001E+00  1.140000E+02  3.997349E-02  1.043556E-02
   6.000001E+00  1.260000E+02  4.699561E-02  1.132095E-02
   6.000001E+00  1.380000E+02  4.154118E-02  1.063454E-02
   6.000001E+00  1.500000E+02  4.368204E-02  1.090660E-02
   6.000001E+00  1.620000E+02  4.068808E-02  1.051586E-02
   6.000001E+00  1.740000E+02  4.187903E-02  1.067388E-02
   6.000001E+00  1.860000E+02  5.432697E-02  1.217650E-02
   6.000001E+00  1.980000E+02  4.301109E-02  1.082953E-02
   6.000001E+00  2.100000E+02  5.465318E-02  1.221085E-02
   6.000001E+00  2.220000E+02  4.280723E-02  1.079102E-02
   6.000001E+00  2.340000E+02  4.589533E-02  1.117239E-02
   6.000001E+00  2.460000E+02  4.833888E-02  1.146834E-02
   6.000001E+00  2.580000E+02  4.577704E-02  1.117211E-02
   6.000001E+00  2.700000E+02  3.636695E-02  9.942612E-03
   6.000001E+00  2.820000E+02  4.554961E-02  1.113475E-02
   6.000001E+00  2.940000E+02  4.408802E-02  1.094519E-02
   6.000001E+00  3.060000E+02  4.179356E-02  1.067364E-02
   6.000001E+00  3.180000E+02  4.367986E-02  1.090660E-02
   6.000001E+00  3.300000E+02  4.246079E-02  1.075198E-02
   6.000001E+00  3.420000E+02  4.461022E-02  1.102118E-02
   6.000001E+00  3.540000E+02  4.823710E-02  1.146811E-02
    
   1.000000E+01  6.000001E+00  4.478319E-02  8.570475E-03
   1.000000E+01  1.800000E+01  4.849316E-02  8.917617E-03
   1.000000E+01  3.000000E+01  4.500904E-02  8.588241E-03
   1.000000E+01  4.200000E+01  4.391398E-02  8.481599E-03
   1.000000E+01  5.400001E+01  4.788867E-02  8.866350E-03
   1.000000E+01  6.600001E+01  5.080350E-02  9.135966E-03
   1.000000E+01  7.800001E+01  4.457327E-02  8.552736E-03
   1.000000E+01  9.000001E+01  5.104757E-02  9.152710E-03
   1.000000E+01  1.020000E+02  4.846611E-02  8.917558E-03
   1.000000E+01  1.140000E+02  4.661540E-02  8.745729E-03
   1.000000E+01  1.260000E+02  3.964953E-02  8.059578E-03
   1.000000E+01  1.380000E+02  4.515134E-02  8.605839E-03
   1.000000E+01  1.500000E+02  4.296609E-02  8.391594E-03
   1.000000E+01  1.620000E+02  4.380945E-02  8.481878E-03
   1.000000E+01  1.740000E+02  4.340648E-02  8.427843E-03
   1.000000E+01  1.860000E+02  4.133608E-02  8.227345E-03
   1.000000E+01  1.980000E+02  4.352614E-02  8.445675E-03
   1.000000E+01  2.100000E+02  4.207480E-02  8.300821E-03
   1.000000E+01  2.220000E+02  4.368577E-02  8.463575E-03
   1.000000E+01  2.340000E+02  4.401287E-02  8.499289E-03
   1.000000E+01  2.460000E+02  4.331844E-02  8.428145E-03
   1.000000E+01  2.580000E+02  4.439426E-02  8.534967E-03
   1.000000E+01  2.700000E+02  4.494859E-02  8.588167E-03
   1.000000E+01  2.820000E+02  5.120163E-02  9.169182E-03
   1.000000E+01  2.940000E+02  4.349831E-02  8.445670E-03
   1.000000E+01  3.060000E+02  4.992678E-02  9.052625E-03
   1.000000E+01  3.180000E+02  4.495083E-02  8.588183E-03
   1.000000E+01  3.300000E+02  4.276561E-02  8.373532E-03
   1.000000E+01  3.420000E+02  4.533478E-02  8.623510E-03
   1.000000E+01  3.540000E+02  4.222930E-02  8.318952E-03
    
   1.400000E+01  6.000001E+00  4.905898E-02  7.606330E-03
   1.400000E+01  1.800000E+01  4.423943E-02  7.216183E-03
   1.400000E+01  3.000000E+01  5.084175E-02  7.738858E-03
   1.400000E+01  4.200000E+01  4.868631E-02  7.575445E-03
   1.400000E+01  5.400001E+01  4.030762E-02  6.883870E-03
   1.400000E+01  6.600001E+01  4.254624E-02  7.073995E-03
   1.400000E+01  7.800001E+01  4.026439E-02  6.883517E-03
   1.400000E+01  9.000001E+01  4.608443E-02  7.366253E-03
   1.400000E+01  1.020000E+02  4.248233E-02  7.073899E-03
   1.400000E+01  1.140000E+02  3.986786E-02  6.849335E-03
   1.400000E+01  1.260000E+02  3.962220E-02  6.826530E-03
   1.400000E+01  1.380000E+02  4.793080E-02  7.513334E-03
   1.400000E+01  1.500000E+02  4.531819E-02  7.302351E-03
   1.400000E+01  1.620000E+02  4.382681E-02  7.183560E-03
   1.400000E+01  1.740000E+02  4.157372E-02  6.996136E-03
   1.400000E+01  1.860000E+02  4.079408E-02  6.928766E-03
   1.400000E+01  1.980000E+02  4.475593E-02  7.259370E-03
   1.400000E+01  2.100000E+02  4.791019E-02  7.513313E-03
   1.400000E+01  2.220000E+02  4.308605E-02  7.118061E-03
   1.400000E+01  2.340000E+02  4.408972E-02  7.205324E-03
   1.400000E+01  2.460000E+02  4.595008E-02  7.355614E-03
   1.400000E+01  2.580000E+02  3.895663E-02  6.769015E-03
   1.400000E+01  2.700000E+02  4.894782E-02  7.596077E-03
   1.400000E+01  2.820000E+02  4.460961E-02  7.248562E-03
   1.400000E+01  2.940000E+02  4.180961E-02  7.018661E-03
   1.400000E+01  3.060000E+02  4.387857E-02  7.183676E-03
   1.400000E+01  3.180000E+02  4.605673E-02  7.366243E-03
   1.400000E+01  3.300000E+02  4.625125E-02  7.376927E-03
   1.400000E+01  3.420000E+02  4.736550E-02  7.471592E-03
   1.400000E+01  3.540000E+02  4.276904E-02  7.095989E-03
    
   1.800000E+01  6.000001E+00  4.552051E-02  6.478883E-03
   1.800000E+01  1.800000E+01  4.616316E-02  6.523158E-03
   1.800000E+01  3.000000E+01  4.154524E-02  6.183889E-03
   1.800000E+01  4.200000E+01  4.347132E-02  6.329281E-03
   1.800000E+01  5.400001E+01  4.460254E-02  6.412011E-03
   1.800000E+01  6.600001E+01  4.276494E-02  6.276136E-03
   1.800000E+01  7.800001E+01  4.140872E-02  6.176073E-03
   1.800000E+01  9.000001E+01  4.495477E-02  6.434453E-03
   1.800000E+01  1.020000E+02  4.510690E-02  6.449259E-03
   1.800000E+01  1.140000E+02  4.293945E-02  6.291348E-03
   1.800000E+01  1.260000E+02  4.648353E-02  6.545149E-03
   1.800000E+01  1.380000E+02  4.242210E-02  6.253128E-03
   1.800000E+01  1.500000E+02  4.267285E-02  6.268510E-03
   1.800000E+01  1.620000E+02  4.449725E-02  6.404563E-03
   1.800000E+01  1.740000E+02  4.309427E-02  6.299017E-03
   1.800000E+01  1.860000E+02  4.420852E-02  6.382106E-03
   1.800000E+01  1.980000E+02  4.180929E-02  6.207004E-03
   1.800000E+01  2.100000E+02  4.543619E-02  6.471527E-03
   1.800000E+01  2.220000E+02  4.368250E-02  6.344412E-03
   1.800000E+01  2.340000E+02  4.546291E-02  6.471593E-03
   1.800000E+01  2.460000E+02  4.077813E-02  6.129564E-03
   1.800000E+01  2.580000E+02  4.193001E-02  6.214784E-03
   1.800000E+01  2.700000E+02  4.398240E-02  6.367050E-03
   1.800000E+01  2.820000E+02  4.432403E-02  6.389593E-03
   1.800000E+01  2.940000E+02  4.054810E-02  6.113685E-03
   1.800000E+01  3.060000E+02  4.101561E-02  6.145026E-03
   1.800000E+01  3.180000E+02  4.224125E-02  6.237874E-03
   1.800000E+01  3.300000E+02  4.335928E-02  6.321700E-03
   1.800000E+01  3.420000E+02  4.398872E-02  6.367050E-03
   1.800000E+01  3.540000E+02  4.262409E-02  6.268432E-03
    
   2.200000E+01  6.000001E+00  4.280974E-02  5.704518E-03
   2.200000E+01  1.800000E+01  4.646528E-02  5.945097E-03
   2.200000E+01  3.000000E+01  4.016891E-02  5.524519E-03
   2.200000E+01  4.200000E+01  4.085129E-02  5.571536E-03
   2.200000E+01  5.400001E+01  4.019366E-02  5.524855E-03
   2.200000E+01  6.600001E+01  4.427870E-02  5.800822E-03
   2.200000E+01  7.800001E+01  4.190369E-02  5.641327E-03
   2.200000E+01  9.000001E+01  4.497746E-02  5.851119E-03
   2.200000E+01  1.020000E+02  4.424724E-02  5.800791E-03
   2.200000E+01  1.140000E+02  4.400493E-02  5.784076E-03
   2.200000E+01  1.260000E+02  4.013751E-02  5.524647E-03
   2.200000E+01  1.380000E+02  3.863402E-02  5.417261E-03
   2.200000E+01  1.500000E+02  4.390524E-02  5.778275E-03
   2.200000E+01  1.620000E+02  4.188940E-02  5.641480E-03
   2.200000E+01  1.740000E+02  4.109228E-02  5.589030E-03
   2.200000E+01  1.860000E+02  4.142547E-02  5.612307E-03
   2.200000E+01  1.980000E+02  4.080196E-02  5.571451E-03
   2.200000E+01  2.100000E+02  3.908550E-02  5.447306E-03
   2.200000E+01  2.220000E+02  4.286475E-02  5.710156E-03
   2.200000E+01  2.340000E+02  4.305387E-02  5.721601E-03
   2.200000E+01  2.460000E+02  4.264346E-02  5.693058E-03
   2.200000E+01  2.580000E+02  4.319429E-02  5.727346E-03
   2.200000E+01  2.700000E+02  4.356075E-02  5.755686E-03
   2.200000E+01  2.820000E+02  4.355411E-02  5.755824E-03
   2.200000E+01  2.940000E+02  3.940803E-02  5.471135E-03
   2.200000E+01  3.060000E+02  4.001186E-02  5.512709E-03
   2.200000E+01  3.180000E+02  4.152350E-02  5.618124E-03
   2.200000E+01  3.300000E+02  4.229002E-02  5.670085E-03
   2.200000E+01  3.420000E+02  4.271629E-02  5.698780E-03
   2.200000E+01  3.540000E+02  4.761895E-02  6.016002E-03
    
   2.600000E+01  6.000001E+00  4.337874E-02  5.309453E-03
   2.600000E+01  1.800000E+01  4.171674E-02  5.205343E-03
   2.600000E+01  3.000000E+01  3.996603E-02  5.094424E-03
   2.600000E+01  4.200000E+01  4.241853E-02  5.250847E-03
   2.600000E+01  5.400001E+01  4.149957E-02  5.191616E-03
   2.600000E+01  6.600001E+01  4.127100E-02  5.177949E-03
   2.600000E+01  7.800001E+01  4.067832E-02  5.140903E-03
   2.600000E+01  9.000001E+01  3.861982E-02  5.005030E-03
   2.600000E+01  1.020000E+02  4.093276E-02  5.154814E-03
   2.600000E+01  1.140000E+02  4.164616E-02  5.200782E-03
   2.600000E+01  1.260000E+02  4.018708E-02  5.108407E-03
   2.600000E+01  1.380000E+02  4.080292E-02  5.145726E-03
   2.600000E+01  1.500000E+02  4.317880E-02  5.296153E-03
   2.600000E+01  1.620000E+02  4.408982E-02  5.354090E-03
   2.600000E+01  1.740000E+02  4.431533E-02  5.367501E-03
   2.600000E+01  1.860000E+02  3.862333E-02  5.004907E-03
   2.600000E+01  1.980000E+02  3.965802E-02  5.075816E-03
   2.600000E+01  2.100000E+02  4.331534E-02  5.304976E-03
   2.600000E+01  2.220000E+02  3.951194E-02  5.066296E-03
   2.600000E+01  2.340000E+02  3.785763E-02  4.957082E-03
   2.600000E+01  2.460000E+02  4.106827E-02  5.164033E-03
   2.600000E+01  2.580000E+02  4.442202E-02  5.371865E-03
   2.600000E+01  2.700000E+02  3.874596E-02  5.014506E-03
   2.600000E+01  2.820000E+02  4.063322E-02  5.136309E-03
   2.600000E+01  2.940000E+02  4.080782E-02  5.150131E-03
   2.600000E+01  3.060000E+02  4.493399E-02  5.402906E-03
   2.600000E+01  3.180000E+02  4.119926E-02  5.173223E-03
   2.600000E+01  3.300000E+02  4.047255E-02  5.127005E-03
   2.600000E+01  3.420000E+02  4.220382E-02  5.237220E-03
   2.600000E+01  3.540000E+02  3.975775E-02  5.080400E-03
    
   3.000000E+01  6.000001E+00  3.715198E-02  4.599795E-03
   3.000000E+01  1.800000E+01  3.934917E-02  4.733116E-03
   3.000000E+01  3.000000E+01  3.987262E-02  4.763834E-03
   3.000000E+01  4.200000E+01  3.860218E-02  4.690276E-03
   3.000000E+01  5.400001E+01  3.897099E-02  4.709770E-03
   3.000000E+01  6.600001E+01  3.793943E-02  4.647175E-03
   3.000000E+01  7.800001E+01  3.805789E-02  4.655058E-03
   3.000000E+01  9.000001E+01  3.558545E-02  4.499178E-03
   3.000000E+01  1.020000E+02  3.773157E-02  4.635348E-03
   3.000000E+01  1.140000E+02  4.168847E-02  4.873901E-03
   3.000000E+01  1.260000E+02  3.779384E-02  4.639281E-03
   3.000000E+01  1.380000E+02  4.073740E-02  4.817267E-03
   3.000000E+01  1.500000E+02  3.942810E-02  4.736990E-03
   3.000000E+01  1.620000E+02  4.207243E-02  4.896377E-03
   3.000000E+01  1.740000E+02  3.867109E-02  4.694153E-03
   3.000000E+01  1.860000E+02  4.164666E-02  4.870163E-03
   3.000000E+01  1.980000E+02  3.798951E-02  4.651113E-03
   3.000000E+01  2.100000E+02  3.979476E-02  4.759981E-03
   3.000000E+01  2.220000E+02  3.876714E-02  4.698085E-03
   3.000000E+01  2.340000E+02  4.328546E-02  4.966861E-03
   3.000000E+01  2.460000E+02  4.049212E-02  4.802066E-03
   3.000000E+01  2.580000E+02  3.769466E-02  4.631423E-03
   3.000000E+01  2.700000E+02  4.080651E-02  4.821069E-03
   3.000000E+01  2.820000E+02  4.043139E-02  4.798375E-03
   3.000000E+01  2.940000E+02  3.874606E-02  4.698062E-03
   3.000000E+01  3.060000E+02  3.849008E-02  4.682454E-03
   3.000000E+01  3.180000E+02  3.921747E-02  4.725275E-03
   3.000000E+01  3.300000E+02  3.871219E-02  4.694321E-03
   3.000000E+01  3.420000E+02  3.842897E-02  4.678548E-03
   3.000000E+01  3.540000E+02  4.079985E-02  4.821074E-03
    
   3.400000E+01  6.000001E+00  3.784363E-02  4.391413E-03
   3.400000E+01  1.800000E+01  4.112254E-02  4.577329E-03
   3.400000E+01  3.000000E+01  3.856483E-02  4.431227E-03
   3.400000E+01  4.200000E+01  3.871779E-02  4.441094E-03
   3.400000E+01  5.400001E+01  3.928353E-02  4.474275E-03
   3.400000E+01  6.600001E+01  3.695130E-02  4.337822E-03
   3.400000E+01  7.800001E+01  3.685333E-02  4.331077E-03
   3.400000E+01  9.000001E+01  3.616133E-02  4.290375E-03
   3.400000E+01  1.020000E+02  3.814525E-02  4.408136E-03
   3.400000E+01  1.140000E+02  3.803713E-02  4.401412E-03
   3.400000E+01  1.260000E+02  3.783017E-02  4.388200E-03
   3.400000E+01  1.380000E+02  3.731401E-02  4.358098E-03
   3.400000E+01  1.500000E+02  3.842129E-02  4.424673E-03
   3.400000E+01  1.620000E+02  3.439483E-02  4.183347E-03
   3.400000E+01  1.740000E+02  3.974568E-02  4.500001E-03
   3.400000E+01  1.860000E+02  3.843302E-02  4.424603E-03
   3.400000E+01  1.980000E+02  4.028968E-02  4.529167E-03
   3.400000E+01  2.100000E+02  3.674483E-02  4.324316E-03
   3.400000E+01  2.220000E+02  3.719887E-02  4.351291E-03
   3.400000E+01  2.340000E+02  3.981838E-02  4.503253E-03
   3.400000E+01  2.460000E+02  3.887522E-02  4.451039E-03
   3.400000E+01  2.580000E+02  3.678972E-02  4.327691E-03
   3.400000E+01  2.700000E+02  3.714476E-02  4.351247E-03
   3.400000E+01  2.820000E+02  3.741147E-02  4.364792E-03
   3.400000E+01  2.940000E+02  3.957462E-02  4.490229E-03
   3.400000E+01  3.060000E+02  3.711719E-02  4.347900E-03
   3.400000E+01  3.180000E+02  3.827987E-02  4.414691E-03
   3.400000E+01  3.300000E+02  3.776364E-02  4.384780E-03
   3.400000E+01  3.420000E+02  3.784512E-02  4.391495E-03
   3.400000E+01  3.540000E+02  3.597403E-02  4.280088E-03
    
   3.800000E+01  6.000001E+00  3.542907E-02  4.048684E-03
   3.800000E+01  1.800000E+01  3.661797E-02  4.116652E-03
   3.800000E+01  3.000000E+01  3.605686E-02  4.084308E-03
   3.800000E+01  4.200000E+01  3.629888E-02  4.099023E-03
   3.800000E+01  5.400001E+01  3.759564E-02  4.169125E-03
   3.800000E+01  6.600001E+01  3.715969E-02  4.145891E-03
   3.800000E+01  7.800001E+01  3.584500E-02  4.072545E-03
   3.800000E+01  9.000001E+01  3.767414E-02  4.174895E-03
   3.800000E+01  1.020000E+02  3.645465E-02  4.107856E-03
   3.800000E+01  1.140000E+02  3.658863E-02  4.113745E-03
   3.800000E+01  1.260000E+02  3.668832E-02  4.119606E-03
   3.800000E+01  1.380000E+02  3.880922E-02  4.237989E-03
   3.800000E+01  1.500000E+02  3.416610E-02  3.976513E-03
   3.800000E+01  1.620000E+02  3.473175E-02  4.006869E-03
   3.800000E+01  1.740000E+02  3.688923E-02  4.131307E-03
   3.800000E+01  1.860000E+02  3.624190E-02  4.096246E-03
   3.800000E+01  1.980000E+02  3.592824E-02  4.078443E-03
   3.800000E+01  2.100000E+02  3.570422E-02  4.063574E-03
   3.800000E+01  2.220000E+02  3.653294E-02  4.110820E-03
   3.800000E+01  2.340000E+02  3.750533E-02  4.166199E-03
   3.800000E+01  2.460000E+02  3.659919E-02  4.113762E-03
   3.800000E+01  2.580000E+02  3.577325E-02  4.066562E-03
   3.800000E+01  2.700000E+02  3.373517E-02  3.949224E-03
   3.800000E+01  2.820000E+02  3.528909E-02  4.039755E-03
   3.800000E+01  2.940000E+02  3.667100E-02  4.119597E-03
   3.800000E+01  3.060000E+02  3.590583E-02  4.075432E-03
   3.800000E+01  3.180000E+02  3.637901E-02  4.101997E-03
   3.800000E+01  3.300000E+02  3.508288E-02  4.027786E-03
   3.800000E+01  3.420000E+02  3.532894E-02  4.042727E-03
   3.800000E+01  3.540000E+02  3.576324E-02  4.066560E-03
    
   4.200000E+01  6.000001E+00  3.595269E-02  3.912475E-03
   4.200000E+01  1.800000E+01  3.450039E-02  3.833334E-03
   4.200000E+01  3.000000E+01  3.419861E-02  3.814602E-03
   4.200000E+01  4.200000E+01  3.337106E-02  3.768791E-03
   4.200000E+01  5.400001E+01  3.333926E-02  3.768839E-03
   4.200000E+01  6.600001E+01  3.214541E-02  3.697806E-03
   4.200000E+01  7.800001E+01  3.378922E-02  3.793103E-03
   4.200000E+01  9.000001E+01  3.390063E-02  3.798492E-03
   4.200000E+01  1.020000E+02  3.372034E-02  3.787730E-03
   4.200000E+01  1.140000E+02  3.281609E-02  3.736148E-03
   4.200000E+01  1.260000E+02  3.498104E-02  3.859904E-03
   4.200000E+01  1.380000E+02  3.407105E-02  3.809227E-03
   4.200000E+01  1.500000E+02  3.416937E-02  3.811938E-03
   4.200000E+01  1.620000E+02  3.517669E-02  3.870400E-03
   4.200000E+01  1.740000E+02  3.403773E-02  3.806688E-03
   4.200000E+01  1.860000E+02  3.559739E-02  3.894069E-03
   4.200000E+01  1.980000E+02  3.290226E-02  3.741596E-03
   4.200000E+01  2.100000E+02  2.934568E-02  3.533771E-03
   4.200000E+01  2.220000E+02  3.209656E-02  3.694905E-03
   4.200000E+01  2.340000E+02  3.661542E-02  3.953953E-03
   4.200000E+01  2.460000E+02  3.299367E-02  3.747127E-03
   4.200000E+01  2.580000E+02  3.344141E-02  3.771521E-03
   4.200000E+01  2.700000E+02  3.383898E-02  3.795780E-03
   4.200000E+01  2.820000E+02  3.413965E-02  3.811987E-03
   4.200000E+01  2.940000E+02  3.339723E-02  3.768831E-03
   4.200000E+01  3.060000E+02  3.694714E-02  3.966848E-03
   4.200000E+01  3.180000E+02  3.208537E-02  3.694896E-03
   4.200000E+01  3.300000E+02  3.348143E-02  3.774222E-03
   4.200000E+01  3.420000E+02  3.404699E-02  3.806557E-03
   4.200000E+01  3.540000E+02  3.267129E-02  3.736103E-03
    
   4.600000E+01  6.000001E+00  2.843851E-02  3.353705E-03
   4.600000E+01  1.800000E+01  3.090530E-02  3.498155E-03
   4.600000E+01  3.000000E+01  3.148696E-02  3.530860E-03
   4.600000E+01  4.200000E+01  2.965868E-02  3.426683E-03
   4.600000E+01  5.400001E+01  3.047212E-02  3.472811E-03
   4.600000E+01  6.600001E+01  3.076544E-02  3.490703E-03
   4.600000E+01  7.800001E+01  2.997324E-02  3.444695E-03
   4.600000E+01  9.000001E+01  3.102187E-02  3.505719E-03
   4.600000E+01  1.020000E+02  3.040635E-02  3.470238E-03
   4.600000E+01  1.140000E+02  3.113531E-02  3.510838E-03
   4.600000E+01  1.260000E+02  3.186249E-02  3.550843E-03
   4.600000E+01  1.380000E+02  3.193153E-02  3.555800E-03
   4.600000E+01  1.500000E+02  2.820150E-02  3.340620E-03
   4.600000E+01  1.620000E+02  3.351625E-02  3.649146E-03
   4.600000E+01  1.740000E+02  2.912152E-02  3.395646E-03
   4.600000E+01  1.860000E+02  3.020253E-02  3.457505E-03
   4.600000E+01  1.980000E+02  3.075301E-02  3.488061E-03
   4.600000E+01  2.100000E+02  3.012609E-02  3.452394E-03
   4.600000E+01  2.220000E+02  3.095164E-02  3.500695E-03
   4.600000E+01  2.340000E+02  3.143777E-02  3.528421E-03
   4.600000E+01  2.460000E+02  3.174547E-02  3.545836E-03
   4.600000E+01  2.580000E+02  3.359887E-02  3.649000E-03
   4.600000E+01  2.700000E+02  3.094946E-02  3.500687E-03
   4.600000E+01  2.820000E+02  3.036386E-02  3.467693E-03
   4.600000E+01  2.940000E+02  3.040373E-02  3.467745E-03
   4.600000E+01  3.060000E+02  3.043525E-02  3.470271E-03
   4.600000E+01  3.180000E+02  2.948367E-02  3.416351E-03
   4.600000E+01  3.300000E+02  3.068451E-02  3.485572E-03
   4.600000E+01  3.420000E+02  3.072751E-02  3.488038E-03
   4.600000E+01  3.540000E+02  3.428442E-02  3.685179E-03
    
   5.000001E+01  6.000001E+00  2.805919E-02  3.229854E-03
   5.000001E+01  1.800000E+01  2.792863E-02  3.222591E-03
   5.000001E+01  3.000000E+01  2.875546E-02  3.270601E-03
   5.000001E+01  4.200000E+01  2.831916E-02  3.244424E-03
   5.000001E+01  5.400001E+01  2.853941E-02  3.258665E-03
   5.000001E+01  6.600001E+01  2.853480E-02  3.256289E-03
   5.000001E+01  7.800001E+01  2.826365E-02  3.241896E-03
   5.000001E+01  9.000001E+01  2.538896E-02  3.071528E-03
   5.000001E+01  1.020000E+02  2.787027E-02  3.220229E-03
   5.000001E+01  1.140000E+02  2.895371E-02  3.282550E-03
   5.000001E+01  1.260000E+02  2.876238E-02  3.270610E-03
   5.000001E+01  1.380000E+02  2.888844E-02  3.277751E-03
   5.000001E+01  1.500000E+02  2.935876E-02  3.303814E-03
   5.000001E+01  1.620000E+02  2.994750E-02  3.336680E-03
   5.000001E+01  1.740000E+02  2.918210E-02  3.294346E-03
   5.000001E+01  1.860000E+02  2.846510E-02  3.253943E-03
   5.000001E+01  1.980000E+02  2.910455E-02  3.289681E-03
   5.000001E+01  2.100000E+02  2.880714E-02  3.272990E-03
   5.000001E+01  2.220000E+02  2.862944E-02  3.263437E-03
   5.000001E+01  2.340000E+02  2.742586E-02  3.193438E-03
   5.000001E+01  2.460000E+02  2.844256E-02  3.251506E-03
   5.000001E+01  2.580000E+02  2.993488E-02  3.336663E-03
   5.000001E+01  2.700000E+02  2.781847E-02  3.215353E-03
   5.000001E+01  2.820000E+02  2.958562E-02  3.317909E-03
   5.000001E+01  2.940000E+02  2.792377E-02  3.222592E-03
   5.000001E+01  3.060000E+02  2.797870E-02  3.225086E-03
   5.000001E+01  3.180000E+02  2.785382E-02  3.217761E-03
   5.000001E+01  3.300000E+02  2.765566E-02  3.205657E-03
   5.000001E+01  3.420000E+02  2.865890E-02  3.263592E-03
   5.000001E+01  3.540000E+02  2.743815E-02  3.193452E-03
    
   5.400001E+01  6.000001E+00  2.426646E-02  2.922748E-03
   5.400001E+01  1.800000E+01  2.581260E-02  3.014562E-03
   5.400001E+01  3.000000E+01  2.562307E-02  3.002960E-03
   5.400001E+01  4.200000E+01  2.585261E-02  3.016938E-03
   5.400001E+01  5.400001E+01  2.648962E-02  3.053779E-03
   5.400001E+01  6.600001E+01  2.794264E-02  3.137289E-03
   5.400001E+01  7.800001E+01  2.454796E-02  2.939449E-03
   5.400001E+01  9.000001E+01  2.396111E-02  2.903572E-03
   5.400001E+01  1.020000E+02  2.549140E-02  2.995954E-03
   5.400001E+01  1.140000E+02  2.794374E-02  3.137237E-03
   5.400001E+01  1.260000E+02  2.678872E-02  3.071953E-03
   5.400001E+01  1.380000E+02  2.506078E-02  2.970249E-03
   5.400001E+01  1.500000E+02  2.425710E-02  2.922745E-03
   5.400001E+01  1.620000E+02  2.546350E-02  2.993632E-03
   5.400001E+01  1.740000E+02  2.573216E-02  3.009976E-03
   5.400001E+01  1.860000E+02  2.462422E-02  2.944189E-03
   5.400001E+01  1.980000E+02  2.510534E-02  2.972545E-03
   5.400001E+01  2.100000E+02  2.636348E-02  3.051547E-03
   5.400001E+01  2.220000E+02  2.651189E-02  3.056050E-03
   5.400001E+01  2.340000E+02  2.528947E-02  2.984261E-03
   5.400001E+01  2.460000E+02  2.474067E-02  2.951301E-03
   5.400001E+01  2.580000E+02  2.582973E-02  3.014583E-03
   5.400001E+01  2.700000E+02  2.570486E-02  3.007680E-03
   5.400001E+01  2.820000E+02  2.482396E-02  2.956107E-03
   5.400001E+01  2.940000E+02  2.430812E-02  2.925148E-03
   5.400001E+01  3.060000E+02  2.499941E-02  2.967815E-03
   5.400001E+01  3.180000E+02  2.645223E-02  3.051488E-03
   5.400001E+01  3.300000E+02  2.583723E-02  3.016866E-03
   5.400001E+01  3.420000E+02  2.592039E-02  3.021491E-03
   5.400001E+01  3.540000E+02  2.500886E-02  2.967820E-03
    
   5.800001E+01  6.000001E+00  2.247072E-02  2.746870E-03
   5.800001E+01  1.800000E+01  2.246656E-02  2.746868E-03
   5.800001E+01  3.000000E+01  2.159813E-02  2.693158E-03
   5.800001E+01  4.200000E+01  2.154655E-02  2.688380E-03
   5.800001E+01  5.400001E+01  2.226987E-02  2.735255E-03
   5.800001E+01  6.600001E+01  2.236243E-02  2.739923E-03
   5.800001E+01  7.800001E+01  2.263433E-02  2.758396E-03
   5.800001E+01  9.000001E+01  2.171351E-02  2.700162E-03
   5.800001E+01  1.020000E+02  2.176794E-02  2.704844E-03
   5.800001E+01  1.140000E+02  2.251012E-02  2.749194E-03
   5.800001E+01  1.260000E+02  2.369821E-02  2.822221E-03
   5.800001E+01  1.380000E+02  2.327205E-02  2.795146E-03
   5.800001E+01  1.500000E+02  2.338152E-02  2.804129E-03
   5.800001E+01  1.620000E+02  2.270489E-02  2.760733E-03
   5.800001E+01  1.740000E+02  2.207698E-02  2.723730E-03
   5.800001E+01  1.860000E+02  2.183700E-02  2.707244E-03
   5.800001E+01  1.980000E+02  2.377871E-02  2.826783E-03
   5.800001E+01  2.100000E+02  2.363147E-02  2.817729E-03
   5.800001E+01  2.220000E+02  2.231788E-02  2.737592E-03
   5.800001E+01  2.340000E+02  2.327293E-02  2.797318E-03
   5.800001E+01  2.460000E+02  2.261824E-02  2.756123E-03
   5.800001E+01  2.580000E+02  2.321346E-02  2.792785E-03
   5.800001E+01  2.700000E+02  2.305755E-02  2.783654E-03
   5.800001E+01  2.820000E+02  2.104544E-02  2.657437E-03
   5.800001E+01  2.940000E+02  2.509051E-02  2.904396E-03
   5.800001E+01  3.060000E+02  2.178218E-02  2.709574E-03
   5.800001E+01  3.180000E+02  2.367584E-02  2.819982E-03
   5.800001E+01  3.300000E+02  2.183298E-02  2.707229E-03
   5.800001E+01  3.420000E+02  2.294171E-02  2.776782E-03
   5.800001E+01  3.540000E+02  2.259036E-02  2.753815E-03
    
   6.200001E+01  6.000001E+00  1.939484E-02  2.501297E-03
   6.200001E+01  1.800000E+01  1.934062E-02  2.501320E-03
   6.200001E+01  3.000000E+01  1.751740E-02  2.376203E-03
   6.200001E+01  4.200000E+01  1.942209E-02  2.503632E-03
   6.200001E+01  5.400001E+01  1.770211E-02  2.388572E-03
   6.200001E+01  6.600001E+01  1.905902E-02  2.480085E-03
   6.200001E+01  7.800001E+01  2.004077E-02  2.543165E-03
   6.200001E+01  9.000001E+01  1.884272E-02  2.465859E-03
   6.200001E+01  1.020000E+02  1.860913E-02  2.449169E-03
   6.200001E+01  1.140000E+02  1.891115E-02  2.470665E-03
   6.200001E+01  1.260000E+02  1.975360E-02  2.524638E-03
   6.200001E+01  1.380000E+02  1.822690E-02  2.425064E-03
   6.200001E+01  1.500000E+02  1.882440E-02  2.463485E-03
   6.200001E+01  1.620000E+02  1.939480E-02  2.501291E-03
   6.200001E+01  1.740000E+02  2.040671E-02  2.566198E-03
   6.200001E+01  1.860000E+02  1.871990E-02  2.456347E-03
   6.200001E+01  1.980000E+02  1.903429E-02  2.477734E-03
   6.200001E+01  2.100000E+02  1.831524E-02  2.429979E-03
   6.200001E+01  2.220000E+02  1.982566E-02  2.529285E-03
   6.200001E+01  2.340000E+02  1.859285E-02  2.449145E-03
   6.200001E+01  2.460000E+02  1.954748E-02  2.510733E-03
   6.200001E+01  2.580000E+02  2.002803E-02  2.540936E-03
   6.200001E+01  2.700000E+02  1.972541E-02  2.522325E-03
   6.200001E+01  2.820000E+02  1.992809E-02  2.536232E-03
   6.200001E+01  2.940000E+02  1.863435E-02  2.451542E-03
   6.200001E+01  3.060000E+02  1.911119E-02  2.482471E-03
   6.200001E+01  3.180000E+02  1.877405E-02  2.461091E-03
   6.200001E+01  3.300000E+02  1.726548E-02  2.358849E-03
   6.200001E+01  3.420000E+02  1.806199E-02  2.412950E-03
   6.200001E+01  3.540000E+02  1.954368E-02  2.510726E-03
    
   6.600001E+01  6.000001E+00  1.611278E-02  2.241028E-03
   6.600001E+01  1.800000E+01  1.499964E-02  2.161355E-03
   6.600001E+01  3.000000E+01  1.684710E-02  2.291874E-03
   6.600001E+01  4.200000E+01  1.575807E-02  2.216436E-03
   6.600001E+01  5.400001E+01  1.477742E-02  2.146063E-03
   6.600001E+01  6.600001E+01  1.429292E-02  2.110014E-03
   6.600001E+01  7.800001E+01  1.411982E-02  2.096988E-03
   6.600001E+01  9.000001E+01  1.553196E-02  2.201600E-03
   6.600001E+01  1.020000E+02  1.669440E-02  2.282283E-03
   6.600001E+01  1.140000E+02  1.726130E-02  2.320394E-03
   6.600001E+01  1.260000E+02  1.701507E-02  2.303732E-03
   6.600001E+01  1.380000E+02  1.618375E-02  2.246044E-03
   6.600001E+01  1.500000E+02  1.569468E-02  2.211497E-03
   6.600001E+01  1.620000E+02  1.607097E-02  2.238573E-03
   6.600001E+01  1.740000E+02  1.530615E-02  2.184051E-03
   6.600001E+01  1.860000E+02  1.697364E-02  2.301347E-03
   6.600001E+01  1.980000E+02  1.698893E-02  2.301367E-03
   6.600001E+01  2.100000E+02  1.581323E-02  2.221353E-03
   6.600001E+01  2.220000E+02  1.563810E-02  2.208983E-03
   6.600001E+01  2.340000E+02  1.550434E-02  2.199041E-03
   6.600001E+01  2.460000E+02  1.701244E-02  2.303736E-03
   6.600001E+01  2.580000E+02  1.622295E-02  2.248423E-03
   6.600001E+01  2.700000E+02  1.655519E-02  2.272591E-03
   6.600001E+01  2.820000E+02  1.651938E-02  2.270304E-03
   6.600001E+01  2.940000E+02  1.571823E-02  2.213951E-03
   6.600001E+01  3.060000E+02  1.628086E-02  2.253218E-03
   6.600001E+01  3.180000E+02  1.667057E-02  2.279825E-03
   6.600001E+01  3.300000E+02  1.621698E-02  2.248355E-03
   6.600001E+01  3.420000E+02  1.556064E-02  2.201558E-03
   6.600001E+01  3.540000E+02  1.723119E-02  2.317969E-03
    
   7.000001E+01  6.000001E+00  1.247778E-02  1.950298E-03
   7.000001E+01  1.800000E+01  1.133552E-02  1.852206E-03
   7.000001E+01  3.000000E+01  1.113708E-02  1.835355E-03
   7.000001E+01  4.200000E+01  1.303306E-02  1.987151E-03
   7.000001E+01  5.400001E+01  1.248019E-02  1.944977E-03
   7.000001E+01  6.600001E+01  1.339918E-02  2.015611E-03
   7.000001E+01  7.800001E+01  1.265323E-02  1.958252E-03
   7.000001E+01  9.000001E+01  1.240088E-02  1.939630E-03
   7.000001E+01  1.020000E+02  1.460043E-02  2.103669E-03
   7.000001E+01  1.140000E+02  1.183607E-02  1.893697E-03
   7.000001E+01  1.260000E+02  1.289996E-02  1.976698E-03
   7.000001E+01  1.380000E+02  1.256211E-02  1.950315E-03
   7.000001E+01  1.500000E+02  1.245088E-02  1.942313E-03
   7.000001E+01  1.620000E+02  1.342733E-02  2.018178E-03
   7.000001E+01  1.740000E+02  1.241961E-02  1.939642E-03
   7.000001E+01  1.860000E+02  1.180612E-02  1.890954E-03
   7.000001E+01  1.980000E+02  1.405935E-02  2.063886E-03
   7.000001E+01  2.100000E+02  1.256091E-02  1.950309E-03
   7.000001E+01  2.220000E+02  1.204107E-02  1.910108E-03
   7.000001E+01  2.340000E+02  1.183955E-02  1.893695E-03
   7.000001E+01  2.460000E+02  1.194025E-02  1.901962E-03
   7.000001E+01  2.580000E+02  1.207638E-02  1.912754E-03
   7.000001E+01  2.700000E+02  1.275623E-02  1.966174E-03
   7.000001E+01  2.820000E+02  1.401307E-02  2.061424E-03
   7.000001E+01  2.940000E+02  1.233139E-02  1.934273E-03
   7.000001E+01  3.060000E+02  1.211203E-02  1.915455E-03
   7.000001E+01  3.180000E+02  1.223807E-02  1.926232E-03
   7.000001E+01  3.300000E+02  1.213381E-02  1.918152E-03
   7.000001E+01  3.420000E+02  1.285294E-02  1.974060E-03
   7.000001E+01  3.540000E+02  1.262391E-02  1.955616E-03
    
   7.400001E+01  6.000001E+00  9.761148E-03  1.700637E-03
   7.400001E+01  1.800000E+01  8.959777E-03  1.629255E-03
   7.400001E+01  3.000000E+01  9.827072E-03  1.706444E-03
   7.400001E+01  4.200000E+01  9.428847E-03  1.671262E-03
   7.400001E+01  5.400001E+01  9.731946E-03  1.697727E-03
   7.400001E+01  6.600001E+01  8.673197E-03  1.601686E-03
   7.400001E+01  7.800001E+01  8.421432E-03  1.579880E-03
   7.400001E+01  9.000001E+01  9.954191E-03  1.718010E-03
   7.400001E+01  1.020000E+02  9.394144E-03  1.668312E-03
   7.400001E+01  1.140000E+02  8.843750E-03  1.617079E-03
   7.400001E+01  1.260000E+02  9.732795E-03  1.697729E-03
   7.400001E+01  1.380000E+02  9.326442E-03  1.662352E-03
   7.400001E+01  1.500000E+02  9.532666E-03  1.680139E-03
   7.400001E+01  1.620000E+02  8.483100E-03  1.583048E-03
   7.400001E+01  1.740000E+02  1.012294E-02  1.732362E-03
   7.400001E+01  1.860000E+02  9.991328E-03  1.720971E-03
   7.400001E+01  1.980000E+02  9.757377E-03  1.700704E-03
   7.400001E+01  2.100000E+02  9.219926E-03  1.653380E-03
   7.400001E+01  2.220000E+02  1.012655E-02  1.732369E-03
   7.400001E+01  2.340000E+02  8.896234E-03  1.623174E-03
   7.400001E+01  2.460000E+02  9.646169E-03  1.691858E-03
   7.400001E+01  2.580000E+02  9.792433E-03  1.703539E-03
   7.400001E+01  2.700000E+02  9.523904E-03  1.680203E-03
   7.400001E+01  2.820000E+02  9.499660E-03  1.677187E-03
   7.400001E+01  2.940000E+02  9.093342E-03  1.641449E-03
   7.400001E+01  3.060000E+02  9.089237E-03  1.641360E-03
   7.400001E+01  3.180000E+02  1.009518E-02  1.729503E-03
   7.400001E+01  3.300000E+02  9.395931E-03  1.668305E-03
   7.400001E+01  3.420000E+02  9.634105E-03  1.689032E-03
   7.400001E+01  3.540000E+02  9.433912E-03  1.671277E-03
    
   7.800001E+01  6.000001E+00  5.843611E-03  1.304894E-03
   7.800001E+01  1.800000E+01  6.347860E-03  1.358782E-03
   7.800001E+01  3.000000E+01  6.439066E-03  1.369293E-03
   7.800001E+01  4.200000E+01  6.177636E-03  1.341056E-03
   7.800001E+01  5.400001E+01  6.003639E-03  1.323090E-03
   7.800001E+01  6.600001E+01  5.984233E-03  1.319490E-03
   7.800001E+01  7.800001E+01  7.618948E-03  1.489729E-03
   7.800001E+01  9.000001E+01  6.053327E-03  1.326727E-03
   7.800001E+01  1.020000E+02  5.921921E-03  1.312223E-03
   7.800001E+01  1.140000E+02  6.868329E-03  1.413972E-03
   7.800001E+01  1.260000E+02  6.345460E-03  1.358781E-03
   7.800001E+01  1.380000E+02  6.539269E-03  1.379821E-03
   7.800001E+01  1.500000E+02  6.636405E-03  1.390089E-03
   7.800001E+01  1.620000E+02  7.649778E-03  1.492933E-03
   7.800001E+01  1.740000E+02  5.593800E-03  1.275265E-03
   7.800001E+01  1.860000E+02  6.379387E-03  1.362298E-03
   7.800001E+01  1.980000E+02  6.834253E-03  1.410575E-03
   7.800001E+01  2.100000E+02  5.657982E-03  1.282732E-03
   7.800001E+01  2.220000E+02  6.406541E-03  1.365796E-03
   7.800001E+01  2.340000E+02  5.660079E-03  1.282738E-03
   7.800001E+01  2.460000E+02  6.999477E-03  1.427434E-03
   7.800001E+01  2.580000E+02  6.214156E-03  1.344623E-03
   7.800001E+01  2.700000E+02  5.957110E-03  1.315875E-03
   7.800001E+01  2.820000E+02  6.236296E-03  1.348157E-03
   7.800001E+01  2.940000E+02  6.157561E-03  1.337503E-03
   7.800001E+01  3.060000E+02  6.150075E-03  1.337492E-03
   7.800001E+01  3.180000E+02  5.669908E-03  1.282756E-03
   7.800001E+01  3.300000E+02  6.374156E-03  1.362291E-03
   7.800001E+01  3.420000E+02  6.376511E-03  1.362288E-03
   7.800001E+01  3.540000E+02  6.406003E-03  1.365787E-03
    
   8.200001E+01  6.000001E+00  3.086191E-03  9.416607E-04
   8.200001E+01  1.800000E+01  2.836745E-03  9.011594E-04
   8.200001E+01  3.000000E+01  3.672067E-03  1.027004E-03
   8.200001E+01  4.200000E+01  3.575799E-03  1.013275E-03
   8.200001E+01  5.400001E+01  3.282432E-03  9.709429E-04
   8.200001E+01  6.600001E+01  3.766415E-03  1.040534E-03
   8.200001E+01  7.800001E+01  2.865581E-03  9.063157E-04
   8.200001E+01  9.000001E+01  3.511293E-03  1.004026E-03
   8.200001E+01  1.020000E+02  3.510714E-03  1.004026E-03
   8.200001E+01  1.140000E+02  3.768977E-03  1.040549E-03
   8.200001E+01  1.260000E+02  3.703831E-03  1.031537E-03
   8.200001E+01  1.380000E+02  3.827691E-03  1.049462E-03
   8.200001E+01  1.500000E+02  4.379978E-03  1.122509E-03
   8.200001E+01  1.620000E+02  3.025257E-03  9.317003E-04
   8.200001E+01  1.740000E+02  3.119311E-03  9.466047E-04
   8.200001E+01  1.860000E+02  3.764191E-03  1.040530E-03
   8.200001E+01  1.980000E+02  3.833308E-03  1.049472E-03
   8.200001E+01  2.100000E+02  3.676438E-03  1.027008E-03
   8.200001E+01  2.220000E+02  4.250675E-03  1.105756E-03
   8.200001E+01  2.340000E+02  3.442634E-03  9.946801E-04
   8.200001E+01  2.460000E+02  3.930426E-03  1.062727E-03
   8.200001E+01  2.580000E+02  3.085190E-03  9.416544E-04
   8.200001E+01  2.700000E+02  3.249080E-03  9.661189E-04
   8.200001E+01  2.820000E+02  3.994390E-03  1.071468E-03
   8.200001E+01  2.940000E+02  3.349593E-03  9.805167E-04
   8.200001E+01  3.060000E+02  3.606412E-03  1.017874E-03
   8.200001E+01  3.180000E+02  3.600358E-03  1.017856E-03
   8.200001E+01  3.300000E+02  3.861270E-03  1.053898E-03
   8.200001E+01  3.420000E+02  3.505083E-03  1.004011E-03
   8.200001E+01  3.540000E+02  3.643102E-03  1.022460E-03
    
   8.600001E+01  6.000001E+00  1.196665E-03  5.835942E-04
   8.600001E+01  1.800000E+01  1.454719E-03  6.433764E-04
   8.600001E+01  3.000000E+01  1.259315E-03  5.989476E-04
   8.600001E+01  4.200000E+01  1.516258E-03  6.575030E-04
   8.600001E+01  5.400001E+01  1.288883E-03  6.065629E-04
   8.600001E+01  6.600001E+01  1.324948E-03  6.141099E-04
   8.600001E+01  7.800001E+01  1.351062E-03  6.215351E-04
   8.600001E+01  9.000001E+01  1.164249E-03  5.754570E-04
   8.600001E+01  1.020000E+02  1.422096E-03  6.361809E-04
   8.600001E+01  1.140000E+02  1.389480E-03  6.289089E-04
   8.600001E+01  1.260000E+02  1.195403E-03  5.833843E-04
   8.600001E+01  1.380000E+02  1.674423E-03  6.915836E-04
   8.600001E+01  1.500000E+02  1.453655E-03  6.433672E-04
   8.600001E+01  1.620000E+02  1.388464E-03  6.289063E-04
   8.600001E+01  1.740000E+02  1.261848E-03  5.989494E-04
   8.600001E+01  1.860000E+02  1.325253E-03  6.141170E-04
   8.600001E+01  1.980000E+02  1.670743E-03  6.915734E-04
   8.600001E+01  2.100000E+02  1.482595E-03  6.504725E-04
   8.600001E+01  2.220000E+02  1.355321E-03  6.215478E-04
   8.600001E+01  2.340000E+02  1.515496E-03  6.575007E-04
   8.600001E+01  2.460000E+02  1.680656E-03  6.916057E-04
   8.600001E+01  2.580000E+02  1.771890E-03  7.112605E-04
   8.600001E+01  2.700000E+02  1.065763E-03  5.509543E-04
   8.600001E+01  2.820000E+02  1.511321E-03  6.574888E-04
   8.600001E+01  2.940000E+02  1.423174E-03  6.361902E-04
   8.600001E+01  3.060000E+02  1.546215E-03  6.644541E-04
   8.600001E+01  3.180000E+02  1.609962E-03  6.781529E-04
   8.600001E+01  3.300000E+02  1.581018E-03  6.713471E-04
   8.600001E+01  3.420000E+02  1.099165E-03  5.592362E-04
   8.600001E+01  3.540000E+02  9.718685E-04  5.253262E-04
    
   9.000001E+01  6.000001E+00  1.279749E-04  1.913407E-04
   9.000001E+01  1.800000E+01  9.650207E-05  1.657118E-04
   9.000001E+01  3.000000E+01  1.293022E-04  1.913531E-04
   9.000001E+01  4.200000E+01  1.296412E-04  1.913570E-04
   9.000001E+01  5.400001E+01  3.355697E-05  9.570098E-05
   9.000001E+01  6.600001E+01  9.900183E-05  1.657401E-04
   9.000001E+01  7.800001E+01  9.733478E-05  1.657212E-04
   9.000001E+01  9.000001E+01  2.564437E-04  2.705993E-04
   9.000001E+01  1.020000E+02  1.921713E-04  2.343451E-04
   9.000001E+01  1.140000E+02  2.236426E-04  2.531174E-04
   9.000001E+01  1.260000E+02  6.461164E-05  1.353070E-04
   9.000001E+01  1.380000E+02  6.544617E-05  1.353185E-04
   9.000001E+01  1.500000E+02  6.502963E-05  1.353128E-04
   9.000001E+01  1.620000E+02  3.272293E-05  9.568468E-05
   9.000001E+01  1.740000E+02  1.602815E-04  2.139281E-04
   9.000001E+01  1.860000E+02  1.611132E-04  2.139354E-04
   9.000001E+01  1.980000E+02  9.650207E-05  1.657118E-04
   9.000001E+01  2.100000E+02  6.659302E-05  1.353622E-04
   9.000001E+01  2.220000E+02  9.816700E-05  1.657306E-04
   9.000001E+01  2.340000E+02  6.552359E-05  1.353187E-04
   9.000001E+01  2.460000E+02  6.461261E-05  1.353070E-04
   9.000001E+01  2.580000E+02  6.419644E-05  1.353012E-04
   9.000001E+01  2.700000E+02  9.816998E-05  1.657306E-04
   9.000001E+01  2.820000E+02  3.397363E-05  9.570913E-05
   9.000001E+01  2.940000E+02  1.594478E-04  2.139208E-04
   9.000001E+01  3.060000E+02  2.914474E-06  3.304697E-06
   9.000001E+01  3.180000E+02  1.615319E-04  2.139390E-04
   9.000001E+01  3.300000E+02  6.420372E-05  1.353012E-04
   9.000001E+01  3.420000E+02  6.544625E-05  1.353185E-04
   9.000001E+01  3.540000E+02  6.419625E-05  1.353012E-04
    
   9.400001E+01  6.000001E+00  1.000000E-35  1.000000E-35
   9.400001E+01  1.800000E+01  1.000000E-35  1.000000E-35
   9.400001E+01  3.000000E+01  1.000000E-35  1.000000E-35
   9.400001E+01  4.200000E+01  1.000000E-35  1.000000E-35
   9.400001E+01  5.400001E+01  1.000000E-35  1.000000E-35
   9.400001E+01  6.600001E+01  1.000000E-35  1.000000E-35
   9.400001E+01  7.800001E+01  1.000000E-35  1.000000E-35
   9.400001E+01  9.000001E+01  1.000000E-35  1.000000E-35
   9.400001E+01  1.020000E+02  1.000000E-35  1.000000E-35
   9.400001E+01  1.140000E+02  1.000000E-35  1.000000E-35
   9.400001E+01  1.260000E+02  1.000000E-35  1.000000E-35
   9.400001E+01  1.380000E+02  1.000000E-35  1.000000E-35
   9.400001E+01  1.500000E+02  1.000000E-35  1.000000E-35
   9.400001E+01  1.620000E+02  1.000000E-35  1.000000E-35
   9.400001E+01  1.740000E+02  1.000000E-35  1.000000E-35
   9.400001E+01  1.860000E+02  1.000000E-35  1.000000E-35
   9.400001E+01  1.980000E+02  1.000000E-35  1.000000E-35
   9.400001E+01  2.100000E+02  1.000000E-35  1.000000E-35
   9.400001E+01  2.220000E+02  1.000000E-35  1.000000E-35
   9.400001E+01  2.340000E+02  1.000000E-35  1.000000E-35
   9.400001E+01  2.460000E+02  1.000000E-35  1.000000E-35
   9.400001E+01  2.580000E+02  1.000000E-35  1.000000E-35
   9.400001E+01  2.700000E+02  1.000000E-35  1.000000E-35
   9.400001E+01  2.820000E+02  1.000000E-35  1.000000E-35
   9.400001E+01  2.940000E+02  1.000000E-35  1.000000E-35
   9.400001E+01  3.060000E+02  1.000000E-35  1.000000E-35
   9.400001E+01  3.180000E+02  1.000000E-35  1.000000E-35
   9.400001E+01  3.300000E+02  1.000000E-35  1.000000E-35
   9.400001E+01  3.420000E+02  1.000000E-35  1.000000E-35
   9.400001E+01  3.540000E+02  1.000000E-35  1.000000E-35
    
   9.800001E+01  6.000001E+00  1.000000E-35  1.000000E-35
   9.800001E+01  1.800000E+01  1.000000E-35  1.000000E-35
   9.800001E+01  3.000000E+01  1.000000E-35  1.000000E-35
   9.800001E+01  4.200000E+01  1.000000E-35  1.000000E-35
   9.800001E+01  5.400001E+01  1.000000E-35  1.000000E-35
   9.800001E+01  6.600001E+01  1.000000E-35  1.000000E-35
   9.800001E+01  7.800001E+01  1.000000E-35  1.000000E-35
   9.800001E+01  9.000001E+01  1.000000E-35  1.000000E-35
   9.800001E+01  1.020000E+02  1.000000E-35  1.000000E-35
   9.800001E+01  1.140000E+02  1.000000E-35  1.000000E-35
   9.800001E+01  1.260000E+02  1.000000E-35  1.000000E-35
   9.800001E+01  1.380000E+02  1.000000E-35  1.000000E-35
   9.800001E+01  1.500000E+02  1.000000E-35  1.000000E-35
   9.800001E+01  1.620000E+02  1.000000E-35  1.000000E-35
   9.800001E+01  1.740000E+02  1.000000E-35  1.000000E-35
   9.800001E+01  1.860000E+02  1.000000E-35  1.000000E-35
   9.800001E+01  1.980000E+02  1.000000E-35  1.000000E-35
   9.800001E+01  2.100000E+02  1.000000E-35  1.000000E-35
   9.800001E+01  2.220000E+02  1.000000E-35  1.000000E-35
   9.800001E+01  2.340000E+02  1.000000E-35  1.000000E-35
   9.800001E+01  2.460000E+02  1.000000E-35  1.000000E-35
   9.800001E+01  2.580000E+02  1.000000E-35  1.000000E-35
   9.800001E+01  2.700000E+02  1.000000E-35  1.000000E-35
   9.800001E+01  2.820000E+02  6.761495E-10  2.028448E-09
   9.800001E+01  2.940000E+02  1.000000E-35  1.000000E-35
   9.800001E+01  3.060000E+02  1.000000E-35  1.000000E-35
   9.800001E+01  3.180000E+02  1.000000E-35  1.000000E-35
   9.800001E+01  3.300000E+02  1.000000E-35  1.000000E-35
   9.800001E+01  3.420000E+02  1.000000E-35  1.000000E-35
   9.800001E+01  3.540000E+02  1.000000E-35  1.000000E-35
    
   1.020000E+02  6.000001E+00  1.000000E-35  1.000000E-35
   1.020000E+02  1.800000E+01  1.000000E-35  1.000000E-35
   1.020000E+02  3.000000E+01  1.000000E-35  1.000000E-35
   1.020000E+02  4.200000E+01  1.000000E-35  1.000000E-35
   1.020000E+02  5.400001E+01  1.000000E-35  1.000000E-35
   1.020000E+02  6.600001E+01  1.000000E-35  1.000000E-35
   1.020000E+02  7.800001E+01  6.845279E-10  2.053583E-09
   1.020000E+02  9.000001E+01  1.000000E-35  1.000000E-35
   1.020000E+02  1.020000E+02  1.000000E-35  1.000000E-35
   1.020000E+02  1.140000E+02  1.000000E-35  1.000000E-35
   1.020000E+02  1.260000E+02  1.000000E-35  1.000000E-35
   1.020000E+02  1.380000E+02  1.000000E-35  1.000000E-35
   1.020000E+02  1.500000E+02  1.000000E-35  1.000000E-35
   1.020000E+02  1.620000E+02  1.000000E-35  1.000000E-35
   1.020000E+02  1.740000E+02  1.000000E-35  1.000000E-35
   1.020000E+02  1.860000E+02  1.000000E-35  1.000000E-35
   1.020000E+02  1.980000E+02  1.000000E-35  1.000000E-35
   1.020000E+02  2.100000E+02  1.000000E-35  1.000000E-35
   1.020000E+02  2.220000E+02  1.000000E-35  1.000000E-35
   1.020000E+02  2.340000E+02  1.000000E-35  1.000000E-35
   1.020000E+02  2.460000E+02  1.000000E-35  1.000000E-35
   1.020000E+02  2.580000E+02  1.000000E-35  1.000000E-35
   1.020000E+02  2.700000E+02  1.000000E-35  1.000000E-35
   1.020000E+02  2.820000E+02  1.000000E-35  1.000000E-35
   1.020000E+02  2.940000E+02  1.000000E-35  1.000000E-35
   1.020000E+02  3.060000E+02  1.000000E-35  1.000000E-35
   1.020000E+02  3.180000E+02  1.000000E-35  1.000000E-35
   1.020000E+02  3.300000E+02  1.000000E-35  1.000000E-35
   1.020000E+02  3.420000E+02  1.000000E-35  1.000000E-35
   1.020000E+02  3.540000E+02  1.000000E-35  1.000000E-35
    
   1.060000E+02  6.000001E+00  1.000000E-35  1.000000E-35
   1.060000E+02  1.800000E+01  1.000000E-35  1.000000E-35
   1.060000E+02  3.000000E+01  1.000000E-35  1.000000E-35
   1.060000E+02  4.200000E+01  1.000000E-35  1.000000E-35
   1.060000E+02  5.400001E+01  1.000000E-35  1.000000E-35
   1.060000E+02  6.600001E+01  1.000000E-35  1.000000E-35
   1.060000E+02  7.800001E+01  1.000000E-35  1.000000E-35
   1.060000E+02  9.000001E+01  1.000000E-35  1.000000E-35
   1.060000E+02  1.020000E+02  1.000000E-35  1.000000E-35
   1.060000E+02  1.140000E+02  1.000000E-35  1.000000E-35
   1.060000E+02  1.260000E+02  1.000000E-35  1.000000E-35
   1.060000E+02  1.380000E+02  1.000000E-35  1.000000E-35
   1.060000E+02  1.500000E+02  1.000000E-35  1.000000E-35
   1.060000E+02  1.620000E+02  1.000000E-35  1.000000E-35
   1.060000E+02  1.740000E+02  1.000000E-35  1.000000E-35
   1.060000E+02  1.860000E+02  1.000000E-35  1.000000E-35
   1.060000E+02  1.980000E+02  1.000000E-35  1.000000E-35
   1.060000E+02  2.100000E+02  1.000000E-35  1.000000E-35
   1.060000E+02  2.220000E+02  1.000000E-35  1.000000E-35
   1.060000E+02  2.340000E+02  6.965526E-10  2.089657E-09
   1.060000E+02  2.460000E+02  1.000000E-35  1.000000E-35
   1.060000E+02  2.580000E+02  1.000000E-35  1.000000E-35
   1.060000E+02  2.700000E+02  1.000000E-35  1.000000E-35
   1.060000E+02  2.820000E+02  1.000000E-35  1.000000E-35
   1.060000E+02  2.940000E+02  1.000000E-35  1.000000E-35
   1.060000E+02  3.060000E+02  1.000000E-35  1.000000E-35
   1.060000E+02  3.180000E+02  1.000000E-35  1.000000E-35
   1.060000E+02  3.300000E+02  1.000000E-35  1.000000E-35
   1.060000E+02  3.420000E+02  1.000000E-35  1.000000E-35
   1.060000E+02  3.540000E+02  1.000000E-35  1.000000E-35
    
   1.100000E+02  6.000001E+00  1.000000E-35  1.000000E-35
   1.100000E+02  1.800000E+01  1.000000E-35  1.000000E-35
   1.100000E+02  3.000000E+01  1.000000E-35  1.000000E-35
   1.100000E+02  4.200000E+01  1.000000E-35  1.000000E-35
   1.100000E+02  5.400001E+01  1.000000E-35  1.000000E-35
   1.100000E+02  6.600001E+01  1.000000E-35  1.000000E-35
   1.100000E+02  7.800001E+01  1.000000E-35  1.000000E-35
   1.100000E+02  9.000001E+01  1.000000E-35  1.000000E-35
   1.100000E+02  1.020000E+02  1.000000E-35  1.000000E-35
   1.100000E+02  1.140000E+02  1.000000E-35  1.000000E-35
   1.100000E+02  1.260000E+02  7.125408E-10  2.137622E-09
   1.100000E+02  1.380000E+02  1.000000E-35  1.000000E-35
   1.100000E+02  1.500000E+02  1.000000E-35  1.000000E-35
   1.100000E+02  1.620000E+02  1.000000E-35  1.000000E-35
   1.100000E+02  1.740000E+02  1.000000E-35  1.000000E-35
   1.100000E+02  1.860000E+02  1.000000E-35  1.000000E-35
   1.100000E+02  1.980000E+02  1.000000E-35  1.000000E-35
   1.100000E+02  2.100000E+02  1.000000E-35  1.000000E-35
   1.100000E+02  2.220000E+02  1.000000E-35  1.000000E-35
   1.100000E+02  2.340000E+02  1.000000E-35  1.000000E-35
   1.100000E+02  2.460000E+02  1.000000E-35  1.000000E-35
   1.100000E+02  2.580000E+02  1.000000E-35  1.000000E-35
   1.100000E+02  2.700000E+02  1.000000E-35  1.000000E-35
   1.100000E+02  2.820000E+02  1.000000E-35  1.000000E-35
   1.100000E+02  2.940000E+02  1.000000E-35  1.000000E-35
   1.100000E+02  3.060000E+02  1.000000E-35  1.000000E-35
   1.100000E+02  3.180000E+02  1.000000E-35  1.000000E-35
   1.100000E+02  3.300000E+02  1.000000E-35  1.000000E-35
   1.100000E+02  3.420000E+02  1.000000E-35  1.000000E-35
   1.100000E+02  3.540000E+02  1.000000E-35  1.000000E-35
    
   1.140000E+02  6.000001E+00  1.000000E-35  1.000000E-35
   1.140000E+02  1.800000E+01  7.329349E-10  2.198804E-09
   1.140000E+02  3.000000E+01  1.000000E-35  1.000000E-35
   1.140000E+02  4.200000E+01  1.000000E-35  1.000000E-35
   1.140000E+02  5.400001E+01  1.000000E-35  1.000000E-35
   1.140000E+02  6.600001E+01  1.000000E-35  1.000000E-35
   1.140000E+02  7.800001E+01  1.000000E-35  1.000000E-35
   1.140000E+02  9.000001E+01  1.000000E-35  1.000000E-35
   1.140000E+02  1.020000E+02  1.000000E-35  1.000000E-35
   1.140000E+02  1.140000E+02  1.000000E-35  1.000000E-35
   1.140000E+02  1.260000E+02  1.000000E-35  1.000000E-35
   1.140000E+02  1.380000E+02  1.000000E-35  1.000000E-35
   1.140000E+02  1.500000E+02  1.000000E-35  1.000000E-35
   1.140000E+02  1.620000E+02  1.000000E-35  1.000000E-35
   1.140000E+02  1.740000E+02  1.000000E-35  1.000000E-35
   1.140000E+02  1.860000E+02  1.000000E-35  1.000000E-35
   1.140000E+02  1.980000E+02  1.000000E-35  1.000000E-35
   1.140000E+02  2.100000E+02  1.000000E-35  1.000000E-35
   1.140000E+02  2.220000E+02  1.000000E-35  1.000000E-35
   1.140000E+02  2.340000E+02  4.050511E-10  1.215153E-09
   1.140000E+02  2.460000E+02  1.000000E-35  1.000000E-35
   1.140000E+02  2.580000E+02  1.000000E-35  1.000000E-35
   1.140000E+02  2.700000E+02  1.000000E-35  1.000000E-35
   1.140000E+02  2.820000E+02  1.000000E-35  1.000000E-35
   1.140000E+02  2.940000E+02  1.000000E-35  1.000000E-35
   1.140000E+02  3.060000E+02  4.050511E-10  1.215153E-09
   1.140000E+02  3.180000E+02  1.000000E-35  1.000000E-35
   1.140000E+02  3.300000E+02  1.000000E-35  1.000000E-35
   1.140000E+02  3.420000E+02  1.000000E-35  1.000000E-35
   1.140000E+02  3.540000E+02  1.000000E-35  1.000000E-35
    
   1.180000E+02  6.000001E+00  1.000000E-35  1.000000E-35
   1.180000E+02  1.800000E+01  1.000000E-35  1.000000E-35
   1.180000E+02  3.000000E+01  1.000000E-35  1.000000E-35
   1.180000E+02  4.200000E+01  1.000000E-35  1.000000E-35
   1.180000E+02  5.400001E+01  1.000000E-35  1.000000E-35
   1.180000E+02  6.600001E+01  1.000000E-35  1.000000E-35
   1.180000E+02  7.800001E+01  1.000000E-35  1.000000E-35
   1.180000E+02  9.000001E+01  1.000000E-35  1.000000E-35
   1.180000E+02  1.020000E+02  1.000000E-35  1.000000E-35
   1.180000E+02  1.140000E+02  1.000000E-35  1.000000E-35
   1.180000E+02  1.260000E+02  1.000000E-35  1.000000E-35
   1.180000E+02  1.380000E+02  1.000000E-35  1.000000E-35
   1.180000E+02  1.500000E+02  1.000000E-35  1.000000E-35
   1.180000E+02  1.620000E+02  1.000000E-35  1.000000E-35
   1.180000E+02  1.740000E+02  1.000000E-35  1.000000E-35
   1.180000E+02  1.860000E+02  1.000000E-35  1.000000E-35
   1.180000E+02  1.980000E+02  1.000000E-35  1.000000E-35
   1.180000E+02  2.100000E+02  1.000000E-35  1.000000E-35
   1.180000E+02  2.220000E+02  7.583342E-10  2.275002E-09
   1.180000E+02  2.340000E+02  1.000000E-35  1.000000E-35
   1.180000E+02  2.460000E+02  1.000000E-35  1.000000E-35
   1.180000E+02  2.580000E+02  1.000000E-35  1.000000E-35
   1.180000E+02  2.700000E+02  1.000000E-35  1.000000E-35
   1.180000E+02  2.820000E+02  1.000000E-35  1.000000E-35
   1.180000E+02  2.940000E+02  1.000000E-35  1.000000E-35
   1.180000E+02  3.060000E+02  1.000000E-35  1.000000E-35
   1.180000E+02  3.180000E+02  1.000000E-35  1.000000E-35
   1.180000E+02  3.300000E+02  1.000000E-35  1.000000E-35
   1.180000E+02  3.420000E+02  1.000000E-35  1.000000E-35
   1.180000E+02  3.540000E+02  1.000000E-35  1.000000E-35
    
   1.220000E+02  6.000001E+00  1.000000E-35  1.000000E-35
   1.220000E+02  1.800000E+01  1.000000E-35  1.000000E-35
   1.220000E+02  3.000000E+01  1.000000E-35  1.000000E-35
   1.220000E+02  4.200000E+01  1.000000E-35  1.000000E-35
   1.220000E+02  5.400001E+01  7.895417E-10  2.368625E-09
   1.220000E+02  6.600001E+01  1.000000E-35  1.000000E-35
   1.220000E+02  7.800001E+01  1.000000E-35  1.000000E-35
   1.220000E+02  9.000001E+01  1.000000E-35  1.000000E-35
   1.220000E+02  1.020000E+02  1.000000E-35  1.000000E-35
   1.220000E+02  1.140000E+02  1.000000E-35  1.000000E-35
   1.220000E+02  1.260000E+02  1.000000E-35  1.000000E-35
   1.220000E+02  1.380000E+02  1.000000E-35  1.000000E-35
   1.220000E+02  1.500000E+02  4.363345E-10  1.309003E-09
   1.220000E+02  1.620000E+02  1.000000E-35  1.000000E-35
   1.220000E+02  1.740000E+02  1.000000E-35  1.000000E-35
   1.220000E+02  1.860000E+02  1.000000E-35  1.000000E-35
   1.220000E+02  1.980000E+02  1.000000E-35  1.000000E-35
   1.220000E+02  2.100000E+02  1.000000E-35  1.000000E-35
   1.220000E+02  2.220000E+02  1.000000E-35  1.000000E-35
   1.220000E+02  2.340000E+02  1.000000E-35  1.000000E-35
   1.220000E+02  2.460000E+02  1.000000E-35  1.000000E-35
   1.220000E+02  2.580000E+02  1.000000E-35  1.000000E-35
   1.220000E+02  2.700000E+02  1.000000E-35  1.000000E-35
   1.220000E+02  2.820000E+02  1.000000E-35  1.000000E-35
   1.220000E+02  2.940000E+02  1.000000E-35  1.000000E-35
   1.220000E+02  3.060000E+02  1.000000E-35  1.000000E-35
   1.220000E+02  3.180000E+02  1.000000E-35  1.000000E-35
   1.220000E+02  3.300000E+02  1.000000E-35  1.000000E-35
   1.220000E+02  3.420000E+02  1.000000E-35  1.000000E-35
   1.220000E+02  3.540000E+02  1.000000E-35  1.000000E-35
    
   1.260000E+02  6.000001E+00  1.000000E-35  1.000000E-35
   1.260000E+02  1.800000E+01  1.000000E-35  1.000000E-35
   1.260000E+02  3.000000E+01  1.000000E-35  1.000000E-35
   1.260000E+02  4.200000E+01  1.000000E-35  1.000000E-35
   1.260000E+02  5.400001E+01  1.000000E-35  1.000000E-35
   1.260000E+02  6.600001E+01  1.000000E-35  1.000000E-35
   1.260000E+02  7.800001E+01  1.000000E-35  1.000000E-35
   1.260000E+02  9.000001E+01  1.000000E-35  1.000000E-35
   1.260000E+02  1.020000E+02  1.000000E-35  1.000000E-35
   1.260000E+02  1.140000E+02  1.000000E-35  1.000000E-35
   1.260000E+02  1.260000E+02  1.000000E-35  1.000000E-35
   1.260000E+02  1.380000E+02  1.000000E-35  1.000000E-35
   1.260000E+02  1.500000E+02  1.000000E-35  1.000000E-35
   1.260000E+02  1.620000E+02  1.000000E-35  1.000000E-35
   1.260000E+02  1.740000E+02  1.000000E-35  1.000000E-35
   1.260000E+02  1.860000E+02  1.000000E-35  1.000000E-35
   1.260000E+02  1.980000E+02  1.000000E-35  1.000000E-35
   1.260000E+02  2.100000E+02  1.000000E-35  1.000000E-35
   1.260000E+02  2.220000E+02  1.000000E-35  1.000000E-35
   1.260000E+02  2.340000E+02  1.000000E-35  1.000000E-35
   1.260000E+02  2.460000E+02  1.000000E-35  1.000000E-35
   1.260000E+02  2.580000E+02  1.000000E-35  1.000000E-35
   1.260000E+02  2.700000E+02  1.000000E-35  1.000000E-35
   1.260000E+02  2.820000E+02  1.000000E-35  1.000000E-35
   1.260000E+02  2.940000E+02  1.000000E-35  1.000000E-35
   1.260000E+02  3.060000E+02  1.000000E-35  1.000000E-35
   1.260000E+02  3.180000E+02  1.000000E-35  1.000000E-35
   1.260000E+02  3.300000E+02  1.000000E-35  1.000000E-35
   1.260000E+02  3.420000E+02  1.000000E-35  1.000000E-35
   1.260000E+02  3.540000E+02  1.000000E-35  1.000000E-35
    
   1.300000E+02  6.000001E+00  1.000000E-35  1.000000E-35
   1.300000E+02  1.800000E+01  1.000000E-35  1.000000E-35
   1.300000E+02  3.000000E+01  1.000000E-35  1.000000E-35
   1.300000E+02  4.200000E+01  1.000000E-35  1.000000E-35
   1.300000E+02  5.400001E+01  1.000000E-35  1.000000E-35
   1.300000E+02  6.600001E+01  1.000000E-35  1.000000E-35
   1.300000E+02  7.800001E+01  1.000000E-35  1.000000E-35
   1.300000E+02  9.000001E+01  1.000000E-35  1.000000E-35
   1.300000E+02  1.020000E+02  1.000000E-35  1.000000E-35
   1.300000E+02  1.140000E+02  1.000000E-35  1.000000E-35
   1.300000E+02  1.260000E+02  1.000000E-35  1.000000E-35
   1.300000E+02  1.380000E+02  1.000000E-35  1.000000E-35
   1.300000E+02  1.500000E+02  1.000000E-35  1.000000E-35
   1.300000E+02  1.620000E+02  8.740608E-10  2.622182E-09
   1.300000E+02  1.740000E+02  1.000000E-35  1.000000E-35
   1.300000E+02  1.860000E+02  1.000000E-35  1.000000E-35
   1.300000E+02  1.980000E+02  1.000000E-35  1.000000E-35
   1.300000E+02  2.100000E+02  1.000000E-35  1.000000E-35
   1.300000E+02  2.220000E+02  1.000000E-35  1.000000E-35
   1.300000E+02  2.340000E+02  1.000000E-35  1.000000E-35
   1.300000E+02  2.460000E+02  1.000000E-35  1.000000E-35
   1.300000E+02  2.580000E+02  1.000000E-35  1.000000E-35
   1.300000E+02  2.700000E+02  1.000000E-35  1.000000E-35
   1.300000E+02  2.820000E+02  1.000000E-35  1.000000E-35
   1.300000E+02  2.940000E+02  1.000000E-35  1.000000E-35
   1.300000E+02  3.060000E+02  1.000000E-35  1.000000E-35
   1.300000E+02  3.180000E+02  1.000000E-35  1.000000E-35
   1.300000E+02  3.300000E+02  1.000000E-35  1.000000E-35
   1.300000E+02  3.420000E+02  1.000000E-35  1.000000E-35
   1.300000E+02  3.540000E+02  1.000000E-35  1.000000E-35
    
   1.340000E+02  6.000001E+00  1.000000E-35  1.000000E-35
   1.340000E+02  1.800000E+01  1.000000E-35  1.000000E-35
   1.340000E+02  3.000000E+01  1.000000E-35  1.000000E-35
   1.340000E+02  4.200000E+01  1.000000E-35  1.000000E-35
   1.340000E+02  5.400001E+01  1.000000E-35  1.000000E-35
   1.340000E+02  6.600001E+01  1.000000E-35  1.000000E-35
   1.340000E+02  7.800001E+01  1.000000E-35  1.000000E-35
   1.340000E+02  9.000001E+01  1.000000E-35  1.000000E-35
   1.340000E+02  1.020000E+02  1.000000E-35  1.000000E-35
   1.340000E+02  1.140000E+02  1.000000E-35  1.000000E-35
   1.340000E+02  1.260000E+02  1.000000E-35  1.000000E-35
   1.340000E+02  1.380000E+02  1.000000E-35  1.000000E-35
   1.340000E+02  1.500000E+02  1.000000E-35  1.000000E-35
   1.340000E+02  1.620000E+02  1.000000E-35  1.000000E-35
   1.340000E+02  1.740000E+02  1.000000E-35  1.000000E-35
   1.340000E+02  1.860000E+02  1.000000E-35  1.000000E-35
   1.340000E+02  1.980000E+02  1.000000E-35  1.000000E-35
   1.340000E+02  2.100000E+02  1.000000E-35  1.000000E-35
   1.340000E+02  2.220000E+02  1.000000E-35  1.000000E-35
   1.340000E+02  2.340000E+02  1.000000E-35  1.000000E-35
   1.340000E+02  2.460000E+02  1.000000E-35  1.000000E-35
   1.340000E+02  2.580000E+02  1.000000E-35  1.000000E-35
   1.340000E+02  2.700000E+02  1.000000E-35  1.000000E-35
   1.340000E+02  2.820000E+02  1.000000E-35  1.000000E-35
   1.340000E+02  2.940000E+02  1.000000E-35  1.000000E-35
   1.340000E+02  3.060000E+02  1.000000E-35  1.000000E-35
   1.340000E+02  3.180000E+02  1.000000E-35  1.000000E-35
   1.340000E+02  3.300000E+02  1.000000E-35  1.000000E-35
   1.340000E+02  3.420000E+02  1.000000E-35  1.000000E-35
   1.340000E+02  3.540000E+02  1.000000E-35  1.000000E-35
    
   1.380000E+02  6.000001E+00  1.000000E-35  1.000000E-35
   1.380000E+02  1.800000E+01  1.000000E-35  1.000000E-35
   1.380000E+02  3.000000E+01  1.000000E-35  1.000000E-35
   1.380000E+02  4.200000E+01  1.000656E-09  3.001967E-09
   1.380000E+02  5.400001E+01  1.000000E-35  1.000000E-35
   1.380000E+02  6.600001E+01  1.000000E-35  1.000000E-35
   1.380000E+02  7.800001E+01  1.000000E-35  1.000000E-35
   1.380000E+02  9.000001E+01  1.000000E-35  1.000000E-35
   1.380000E+02  1.020000E+02  1.000000E-35  1.000000E-35
   1.380000E+02  1.140000E+02  1.000000E-35  1.000000E-35
   1.380000E+02  1.260000E+02  1.000000E-35  1.000000E-35
   1.380000E+02  1.380000E+02  1.000000E-35  1.000000E-35
   1.380000E+02  1.500000E+02  1.000000E-35  1.000000E-35
   1.380000E+02  1.620000E+02  1.000000E-35  1.000000E-35
   1.380000E+02  1.740000E+02  1.000000E-35  1.000000E-35
   1.380000E+02  1.860000E+02  1.000000E-35  1.000000E-35
   1.380000E+02  1.980000E+02  1.000000E-35  1.000000E-35
   1.380000E+02  2.100000E+02  1.000000E-35  1.000000E-35
   1.380000E+02  2.220000E+02  1.000000E-35  1.000000E-35
   1.380000E+02  2.340000E+02  1.000000E-35  1.000000E-35
   1.380000E+02  2.460000E+02  1.000656E-09  3.001967E-09
   1.380000E+02  2.580000E+02  1.000000E-35  1.000000E-35
   1.380000E+02  2.700000E+02  1.000000E-35  1.000000E-35
   1.380000E+02  2.820000E+02  1.000000E-35  1.000000E-35
   1.380000E+02  2.940000E+02  1.000000E-35  1.000000E-35
   1.380000E+02  3.060000E+02  1.000000E-35  1.000000E-35
   1.380000E+02  3.180000E+02  1.000000E-35  1.000000E-35
   1.380000E+02  3.300000E+02  1.000000E-35  1.000000E-35
   1.380000E+02  3.420000E+02  1.000000E-35  1.000000E-35
   1.380000E+02  3.540000E+02  1.000000E-35  1.000000E-35
    
   1.420000E+02  6.000001E+00  1.000000E-35  1.000000E-35
   1.420000E+02  1.800000E+01  1.000000E-35  1.000000E-35
   1.420000E+02  3.000000E+01  1.000000E-35  1.000000E-35
   1.420000E+02  4.200000E+01  1.000000E-35  1.000000E-35
   1.420000E+02  5.400001E+01  1.000000E-35  1.000000E-35
   1.420000E+02  6.600001E+01  1.000000E-35  1.000000E-35
   1.420000E+02  7.800001E+01  1.000000E-35  1.000000E-35
   1.420000E+02  9.000001E+01  1.000000E-35  1.000000E-35
   1.420000E+02  1.020000E+02  1.000000E-35  1.000000E-35
   1.420000E+02  1.140000E+02  1.000000E-35  1.000000E-35
   1.420000E+02  1.260000E+02  1.000000E-35  1.000000E-35
   1.420000E+02  1.380000E+02  1.000000E-35  1.000000E-35
   1.420000E+02  1.500000E+02  1.000000E-35  1.000000E-35
   1.420000E+02  1.620000E+02  1.000000E-35  1.000000E-35
   1.420000E+02  1.740000E+02  1.000000E-35  1.000000E-35
   1.420000E+02  1.860000E+02  1.000000E-35  1.000000E-35
   1.420000E+02  1.980000E+02  1.000000E-35  1.000000E-35
   1.420000E+02  2.100000E+02  1.000000E-35  1.000000E-35
   1.420000E+02  2.220000E+02  1.000000E-35  1.000000E-35
   1.420000E+02  2.340000E+02  1.000000E-35  1.000000E-35
   1.420000E+02  2.460000E+02  1.000000E-35  1.000000E-35
   1.420000E+02  2.580000E+02  1.087561E-09  3.262683E-09
   1.420000E+02  2.700000E+02  1.000000E-35  1.000000E-35
   1.420000E+02  2.820000E+02  1.000000E-35  1.000000E-35
   1.420000E+02  2.940000E+02  1.000000E-35  1.000000E-35
   1.420000E+02  3.060000E+02  1.000000E-35  1.000000E-35
   1.420000E+02  3.180000E+02  1.000000E-35  1.000000E-35
   1.420000E+02  3.300000E+02  1.000000E-35  1.000000E-35
   1.420000E+02  3.420000E+02  1.087561E-09  3.262683E-09
   1.420000E+02  3.540000E+02  1.000000E-35  1.000000E-35
    
   1.460000E+02  6.000001E+00  1.000000E-35  1.000000E-35
   1.460000E+02  1.800000E+01  1.000000E-35  1.000000E-35
   1.460000E+02  3.000000E+01  1.000000E-35  1.000000E-35
   1.460000E+02  4.200000E+01  1.000000E-35  1.000000E-35
   1.460000E+02  5.400001E+01  1.000000E-35  1.000000E-35
   1.460000E+02  6.600001E+01  1.000000E-35  1.000000E-35
   1.460000E+02  7.800001E+01  1.000000E-35  1.000000E-35
   1.460000E+02  9.000001E+01  1.000000E-35  1.000000E-35
   1.460000E+02  1.020000E+02  1.000000E-35  1.000000E-35
   1.460000E+02  1.140000E+02  1.000000E-35  1.000000E-35
   1.460000E+02  1.260000E+02  1.000000E-35  1.000000E-35
   1.460000E+02  1.380000E+02  1.000000E-35  1.000000E-35
   1.460000E+02  1.500000E+02  1.000000E-35  1.000000E-35
   1.460000E+02  1.620000E+02  1.000000E-35  1.000000E-35
   1.460000E+02  1.740000E+02  1.000000E-35  1.000000E-35
   1.460000E+02  1.860000E+02  1.000000E-35  1.000000E-35
   1.460000E+02  1.980000E+02  1.000000E-35  1.000000E-35
   1.460000E+02  2.100000E+02  1.000000E-35  1.000000E-35
   1.460000E+02  2.220000E+02  1.000000E-35  1.000000E-35
   1.460000E+02  2.340000E+02  1.000000E-35  1.000000E-35
   1.460000E+02  2.460000E+02  1.000000E-35  1.000000E-35
   1.460000E+02  2.580000E+02  1.000000E-35  1.000000E-35
   1.460000E+02  2.700000E+02  1.000000E-35  1.000000E-35
   1.460000E+02  2.820000E+02  1.000000E-35  1.000000E-35
   1.460000E+02  2.940000E+02  1.000000E-35  1.000000E-35
   1.460000E+02  3.060000E+02  1.000000E-35  1.000000E-35
   1.460000E+02  3.180000E+02  1.000000E-35  1.000000E-35
   1.460000E+02  3.300000E+02  1.000000E-35  1.000000E-35
   1.460000E+02  3.420000E+02  1.000000E-35  1.000000E-35
   1.460000E+02  3.540000E+02  1.000000E-35  1.000000E-35
    
   1.500000E+02  6.000001E+00  1.000000E-35  1.000000E-35
   1.500000E+02  1.800000E+01  1.000000E-35  1.000000E-35
   1.500000E+02  3.000000E+01  1.000000E-35  1.000000E-35
   1.500000E+02  4.200000E+01  1.000000E-35  1.000000E-35
   1.500000E+02  5.400001E+01  1.000000E-35  1.000000E-35
   1.500000E+02  6.600001E+01  1.000000E-35  1.000000E-35
   1.500000E+02  7.800001E+01  1.339139E-09  4.017416E-09
   1.500000E+02  9.000001E+01  1.000000E-35  1.000000E-35
   1.500000E+02  1.020000E+02  1.339139E-09  4.017416E-09
   1.500000E+02  1.140000E+02  1.000000E-35  1.000000E-35
   1.500000E+02  1.260000E+02  1.339139E-09  4.017416E-09
   1.500000E+02  1.380000E+02  1.000000E-35  1.000000E-35
   1.500000E+02  1.500000E+02  1.000000E-35  1.000000E-35
   1.500000E+02  1.620000E+02  1.000000E-35  1.000000E-35
   1.500000E+02  1.740000E+02  1.000000E-35  1.000000E-35
   1.500000E+02  1.860000E+02  1.000000E-35  1.000000E-35
   1.500000E+02  1.980000E+02  1.000000E-35  1.000000E-35
   1.500000E+02  2.100000E+02  1.000000E-35  1.000000E-35
   1.500000E+02  2.220000E+02  1.000000E-35  1.000000E-35
   1.500000E+02  2.340000E+02  1.000000E-35  1.000000E-35
   1.500000E+02  2.460000E+02  1.000000E-35  1.000000E-35
   1.500000E+02  2.580000E+02  1.000000E-35  1.000000E-35
   1.500000E+02  2.700000E+02  1.000000E-35  1.000000E-35
   1.500000E+02  2.820000E+02  1.000000E-35  1.000000E-35
   1.500000E+02  2.940000E+02  1.000000E-35  1.000000E-35
   1.500000E+02  3.060000E+02  1.000000E-35  1.000000E-35
   1.500000E+02  3.180000E+02  1.000000E-35  1.000000E-35
   1.500000E+02  3.300000E+02  1.000000E-35  1.000000E-35
   1.500000E+02  3.420000E+02  1.000000E-35  1.000000E-35
   1.500000E+02  3.540000E+02  1.339139E-09  4.017416E-09
    
   1.540000E+02  6.000001E+00  1.000000E-35  1.000000E-35
   1.540000E+02  1.800000E+01  1.000000E-35  1.000000E-35
   1.540000E+02  3.000000E+01  1.000000E-35  1.000000E-35
   1.540000E+02  4.200000E+01  1.000000E-35  1.000000E-35
   1.540000E+02  5.400001E+01  1.000000E-35  1.000000E-35
   1.540000E+02  6.600001E+01  1.000000E-35  1.000000E-35
   1.540000E+02  7.800001E+01  1.000000E-35  1.000000E-35
   1.540000E+02  9.000001E+01  1.000000E-35  1.000000E-35
   1.540000E+02  1.020000E+02  1.000000E-35  1.000000E-35
   1.540000E+02  1.140000E+02  1.000000E-35  1.000000E-35
   1.540000E+02  1.260000E+02  1.000000E-35  1.000000E-35
   1.540000E+02  1.380000E+02  1.000000E-35  1.000000E-35
   1.540000E+02  1.500000E+02  1.000000E-35  1.000000E-35
   1.540000E+02  1.620000E+02  1.000000E-35  1.000000E-35
   1.540000E+02  1.740000E+02  1.000000E-35  1.000000E-35
   1.540000E+02  1.860000E+02  1.527404E-09  4.582209E-09
   1.540000E+02  1.980000E+02  1.000000E-35  1.000000E-35
   1.540000E+02  2.100000E+02  1.000000E-35  1.000000E-35
   1.540000E+02  2.220000E+02  1.000000E-35  1.000000E-35
   1.540000E+02  2.340000E+02  1.000000E-35  1.000000E-35
   1.540000E+02  2.460000E+02  1.000000E-35  1.000000E-35
   1.540000E+02  2.580000E+02  1.000000E-35  1.000000E-35
   1.540000E+02  2.700000E+02  1.000000E-35  1.000000E-35
   1.540000E+02  2.820000E+02  1.000000E-35  1.000000E-35
   1.540000E+02  2.940000E+02  1.000000E-35  1.000000E-35
   1.540000E+02  3.060000E+02  1.000000E-35  1.000000E-35
   1.540000E+02  3.180000E+02  1.000000E-35  1.000000E-35
   1.540000E+02  3.300000E+02  1.000000E-35  1.000000E-35
   1.540000E+02  3.420000E+02  1.000000E-35  1.000000E-35
   1.540000E+02  3.540000E+02  1.000000E-35  1.000000E-35
    
   1.580000E+02  6.000001E+00  1.000000E-35  1.000000E-35
   1.580000E+02  1.800000E+01  1.000000E-35  1.000000E-35
   1.580000E+02  3.000000E+01  1.000000E-35  1.000000E-35
   1.580000E+02  4.200000E+01  1.000000E-35  1.000000E-35
   1.580000E+02  5.400001E+01  1.000000E-35  1.000000E-35
   1.580000E+02  6.600001E+01  1.000000E-35  1.000000E-35
   1.580000E+02  7.800001E+01  1.000000E-35  1.000000E-35
   1.580000E+02  9.000001E+01  1.000000E-35  1.000000E-35
   1.580000E+02  1.020000E+02  1.000000E-35  1.000000E-35
   1.580000E+02  1.140000E+02  1.000000E-35  1.000000E-35
   1.580000E+02  1.260000E+02  1.000000E-35  1.000000E-35
   1.580000E+02  1.380000E+02  1.000000E-35  1.000000E-35
   1.580000E+02  1.500000E+02  1.000000E-35  1.000000E-35
   1.580000E+02  1.620000E+02  1.000000E-35  1.000000E-35
   1.580000E+02  1.740000E+02  1.000000E-35  1.000000E-35
   1.580000E+02  1.860000E+02  1.000000E-35  1.000000E-35
   1.580000E+02  1.980000E+02  1.000000E-35  1.000000E-35
   1.580000E+02  2.100000E+02  1.000000E-35  1.000000E-35
   1.580000E+02  2.220000E+02  1.000000E-35  1.000000E-35
   1.580000E+02  2.340000E+02  1.787394E-09  5.362182E-09
   1.580000E+02  2.460000E+02  1.000000E-35  1.000000E-35
   1.580000E+02  2.580000E+02  1.000000E-35  1.000000E-35
   1.580000E+02  2.700000E+02  1.000000E-35  1.000000E-35
   1.580000E+02  2.820000E+02  1.000000E-35  1.000000E-35
   1.580000E+02  2.940000E+02  1.000000E-35  1.000000E-35
   1.580000E+02  3.060000E+02  1.000000E-35  1.000000E-35
   1.580000E+02  3.180000E+02  1.000000E-35  1.000000E-35
   1.580000E+02  3.300000E+02  1.000000E-35  1.000000E-35
   1.580000E+02  3.420000E+02  1.000000E-35  1.000000E-35
   1.580000E+02  3.540000E+02  1.000000E-35  1.000000E-35
    
   1.620000E+02  6.000001E+00  1.000000E-35  1.000000E-35
   1.620000E+02  1.800000E+01  1.000000E-35  1.000000E-35
   1.620000E+02  3.000000E+01  1.000000E-35  1.000000E-35
   1.620000E+02  4.200000E+01  1.000000E-35  1.000000E-35
   1.620000E+02  5.400001E+01  1.000000E-35  1.000000E-35
   1.620000E+02  6.600001E+01  1.000000E-35  1.000000E-35
   1.620000E+02  7.800001E+01  1.000000E-35  1.000000E-35
   1.620000E+02  9.000001E+01  2.166774E-09  6.500319E-09
   1.620000E+02  1.020000E+02  1.000000E-35  1.000000E-35
   1.620000E+02  1.140000E+02  1.000000E-35  1.000000E-35
   1.620000E+02  1.260000E+02  1.000000E-35  1.000000E-35
   1.620000E+02  1.380000E+02  1.000000E-35  1.000000E-35
   1.620000E+02  1.500000E+02  1.000000E-35  1.000000E-35
   1.620000E+02  1.620000E+02  1.000000E-35  1.000000E-35
   1.620000E+02  1.740000E+02  1.000000E-35  1.000000E-35
   1.620000E+02  1.860000E+02  1.000000E-35  1.000000E-35
   1.620000E+02  1.980000E+02  1.000000E-35  1.000000E-35
   1.620000E+02  2.100000E+02  1.000000E-35  1.000000E-35
   1.620000E+02  2.220000E+02  1.000000E-35  1.000000E-35
   1.620000E+02  2.340000E+02  1.000000E-35  1.000000E-35
   1.620000E+02  2.460000E+02  1.000000E-35  1.000000E-35
   1.620000E+02  2.580000E+02  1.000000E-35  1.000000E-35
   1.620000E+02  2.700000E+02  1.000000E-35  1.000000E-35
   1.620000E+02  2.820000E+02  1.000000E-35  1.000000E-35
   1.620000E+02  2.940000E+02  1.000000E-35  1.000000E-35
   1.620000E+02  3.060000E+02  1.000000E-35  1.000000E-35
   1.620000E+02  3.180000E+02  1.000000E-35  1.000000E-35
   1.620000E+02  3.300000E+02  1.000000E-35  1.000000E-35
   1.620000E+02  3.420000E+02  1.000000E-35  1.000000E-35
   1.620000E+02  3.540000E+02  1.000000E-35  1.000000E-35
    
   1.660000E+02  6.000001E+00  1.000000E-35  1.000000E-35
   1.660000E+02  1.800000E+01  1.000000E-35  1.000000E-35
   1.660000E+02  3.000000E+01  1.000000E-35  1.000000E-35
   1.660000E+02  4.200000E+01  1.000000E-35  1.000000E-35
   1.660000E+02  5.400001E+01  1.000000E-35  1.000000E-35
   1.660000E+02  6.600001E+01  1.000000E-35  1.000000E-35
   1.660000E+02  7.800001E+01  1.000000E-35  1.000000E-35
   1.660000E+02  9.000001E+01  1.000000E-35  1.000000E-35
   1.660000E+02  1.020000E+02  1.000000E-35  1.000000E-35
   1.660000E+02  1.140000E+02  1.000000E-35  1.000000E-35
   1.660000E+02  1.260000E+02  1.000000E-35  1.000000E-35
   1.660000E+02  1.380000E+02  1.000000E-35  1.000000E-35
   1.660000E+02  1.500000E+02  2.767712E-09  8.303133E-09
   1.660000E+02  1.620000E+02  1.000000E-35  1.000000E-35
   1.660000E+02  1.740000E+02  1.000000E-35  1.000000E-35
   1.660000E+02  1.860000E+02  1.000000E-35  1.000000E-35
   1.660000E+02  1.980000E+02  1.000000E-35  1.000000E-35
   1.660000E+02  2.100000E+02  1.000000E-35  1.000000E-35
   1.660000E+02  2.220000E+02  1.000000E-35  1.000000E-35
   1.660000E+02  2.340000E+02  1.000000E-35  1.000000E-35
   1.660000E+02  2.460000E+02  1.000000E-35  1.000000E-35
   1.660000E+02  2.580000E+02  1.000000E-35  1.000000E-35
   1.660000E+02  2.700000E+02  1.000000E-35  1.000000E-35
   1.660000E+02  2.820000E+02  1.000000E-35  1.000000E-35
   1.660000E+02  2.940000E+02  1.000000E-35  1.000000E-35
   1.660000E+02  3.060000E+02  1.000000E-35  1.000000E-35
   1.660000E+02  3.180000E+02  1.000000E-35  1.000000E-35
   1.660000E+02  3.300000E+02  1.000000E-35  1.000000E-35
   1.660000E+02  3.420000E+02  1.000000E-35  1.000000E-35
   1.660000E+02  3.540000E+02  1.000000E-35  1.000000E-35
    
   1.700000E+02  6.000001E+00  1.000000E-35  1.000000E-35
   1.700000E+02  1.800000E+01  1.000000E-35  1.000000E-35
   1.700000E+02  3.000000E+01  1.000000E-35  1.000000E-35
   1.700000E+02  4.200000E+01  1.000000E-35  1.000000E-35
   1.700000E+02  5.400001E+01  1.000000E-35  1.000000E-35
   1.700000E+02  6.600001E+01  1.000000E-35  1.000000E-35
   1.700000E+02  7.800001E+01  1.000000E-35  1.000000E-35
   1.700000E+02  9.000001E+01  1.000000E-35  1.000000E-35
   1.700000E+02  1.020000E+02  1.000000E-35  1.000000E-35
   1.700000E+02  1.140000E+02  1.000000E-35  1.000000E-35
   1.700000E+02  1.260000E+02  1.000000E-35  1.000000E-35
   1.700000E+02  1.380000E+02  1.000000E-35  1.000000E-35
   1.700000E+02  1.500000E+02  1.000000E-35  1.000000E-35
   1.700000E+02  1.620000E+02  1.000000E-35  1.000000E-35
   1.700000E+02  1.740000E+02  1.000000E-35  1.000000E-35
   1.700000E+02  1.860000E+02  1.000000E-35  1.000000E-35
   1.700000E+02  1.980000E+02  1.000000E-35  1.000000E-35
   1.700000E+02  2.100000E+02  1.000000E-35  1.000000E-35
   1.700000E+02  2.220000E+02  1.000000E-35  1.000000E-35
   1.700000E+02  2.340000E+02  1.000000E-35  1.000000E-35
   1.700000E+02  2.460000E+02  1.000000E-35  1.000000E-35
   1.700000E+02  2.580000E+02  1.000000E-35  1.000000E-35
   1.700000E+02  2.700000E+02  1.000000E-35  1.000000E-35
   1.700000E+02  2.820000E+02  1.000000E-35  1.000000E-35
   1.700000E+02  2.940000E+02  1.000000E-35  1.000000E-35
   1.700000E+02  3.060000E+02  1.000000E-35  1.000000E-35
   1.700000E+02  3.180000E+02  1.000000E-35  1.000000E-35
   1.700000E+02  3.300000E+02  1.000000E-35  1.000000E-35
   1.700000E+02  3.420000E+02  1.000000E-35  1.000000E-35
   1.700000E+02  3.540000E+02  1.000000E-35  1.000000E-35
    
   1.740000E+02  6.000001E+00  1.000000E-35  1.000000E-35
   1.740000E+02  1.800000E+01  1.000000E-35  1.000000E-35
   1.740000E+02  3.000000E+01  1.000000E-35  1.000000E-35
   1.740000E+02  4.200000E+01  1.000000E-35  1.000000E-35
   1.740000E+02  5.400001E+01  1.000000E-35  1.000000E-35
   1.740000E+02  6.600001E+01  1.000000E-35  1.000000E-35
   1.740000E+02  7.800001E+01  1.000000E-35  1.000000E-35
   1.740000E+02  9.000001E+01  1.000000E-35  1.000000E-35
   1.740000E+02  1.020000E+02  1.000000E-35  1.000000E-35
   1.740000E+02  1.140000E+02  1.000000E-35  1.000000E-35
   1.740000E+02  1.260000E+02  1.000000E-35  1.000000E-35
   1.740000E+02  1.380000E+02  1.000000E-35  1.000000E-35
   1.740000E+02  1.500000E+02  1.000000E-35  1.000000E-35
   1.740000E+02  1.620000E+02  1.000000E-35  1.000000E-35
   1.740000E+02  1.740000E+02  1.000000E-35  1.000000E-35
   1.740000E+02  1.860000E+02  1.000000E-35  1.000000E-35
   1.740000E+02  1.980000E+02  1.000000E-35  1.000000E-35
   1.740000E+02  2.100000E+02  1.000000E-35  1.000000E-35
   1.740000E+02  2.220000E+02  1.000000E-35  1.000000E-35
   1.740000E+02  2.340000E+02  1.000000E-35  1.000000E-35
   1.740000E+02  2.460000E+02  1.000000E-35  1.000000E-35
   1.740000E+02  2.580000E+02  1.000000E-35  1.000000E-35
   1.740000E+02  2.700000E+02  1.000000E-35  1.000000E-35
   1.740000E+02  2.820000E+02  1.000000E-35  1.000000E-35
   1.740000E+02  2.940000E+02  1.000000E-35  1.000000E-35
   1.740000E+02  3.060000E+02  1.000000E-35  1.000000E-35
   1.740000E+02  3.180000E+02  1.000000E-35  1.000000E-35
   1.740000E+02  3.300000E+02  1.000000E-35  1.000000E-35
   1.740000E+02  3.420000E+02  1.000000E-35  1.000000E-35
   1.740000E+02  3.540000E+02  1.000000E-35  1.000000E-35
    
   1.780000E+02  6.000001E+00  1.000000E-35  1.000000E-35
   1.780000E+02  1.800000E+01  1.000000E-35  1.000000E-35
   1.780000E+02  3.000000E+01  1.000000E-35  1.000000E-35
   1.780000E+02  4.200000E+01  1.000000E-35  1.000000E-35
   1.780000E+02  5.400001E+01  1.000000E-35  1.000000E-35
   1.780000E+02  6.600001E+01  1.000000E-35  1.000000E-35
   1.780000E+02  7.800001E+01  1.000000E-35  1.000000E-35
   1.780000E+02  9.000001E+01  1.000000E-35  1.000000E-35
   1.780000E+02  1.020000E+02  1.000000E-35  1.000000E-35
   1.780000E+02  1.140000E+02  1.000000E-35  1.000000E-35
   1.780000E+02  1.260000E+02  1.000000E-35  1.000000E-35
   1.780000E+02  1.380000E+02  1.000000E-35  1.000000E-35
   1.780000E+02  1.500000E+02  1.000000E-35  1.000000E-35
   1.780000E+02  1.620000E+02  1.000000E-35  1.000000E-35
   1.780000E+02  1.740000E+02  1.918581E-08  5.755743E-08
   1.780000E+02  1.860000E+02  1.000000E-35  1.000000E-35
   1.780000E+02  1.980000E+02  1.000000E-35  1.000000E-35
   1.780000E+02  2.100000E+02  1.000000E-35  1.000000E-35
   1.780000E+02  2.220000E+02  1.000000E-35  1.000000E-35
   1.780000E+02  2.340000E+02  1.000000E-35  1.000000E-35
   1.780000E+02  2.460000E+02  1.000000E-35  1.000000E-35
   1.780000E+02  2.580000E+02  1.000000E-35  1.000000E-35
   1.780000E+02  2.700000E+02  1.000000E-35  1.000000E-35
   1.780000E+02  2.820000E+02  1.000000E-35  1.000000E-35
   1.780000E+02  2.940000E+02  1.000000E-35  1.000000E-35
   1.780000E+02  3.060000E+02  1.000000E-35  1.000000E-35
   1.780000E+02  3.180000E+02  1.000000E-35  1.000000E-35
   1.780000E+02  3.300000E+02  1.000000E-35  1.000000E-35
   1.780000E+02  3.420000E+02  1.000000E-35  1.000000E-35
   1.780000E+02  3.540000E+02  1.000000E-35  1.000000E-35
    
