 #  Results from PENEPMA.
 #  Energy distribution of upbound electrons.
 #  1st column: E (eV).
 #  2nd and 3rd columns: probability density and STU (1/(eV*particle)).

   3.000000E+01  3.437208E-06  4.572343E-07
   9.000001E+01  1.126487E-05  7.892301E-07
   1.500000E+02  9.457311E-06  6.479378E-07
   2.100000E+02  1.020500E-05  5.912528E-07
   2.700000E+02  8.318061E-06  5.600662E-07
   3.300000E+02  4.365103E-06  5.510748E-07
   3.900000E+02  4.131575E-06  5.351103E-07
   4.500000E+02  3.628226E-06  5.010472E-07
   5.100001E+02  3.580447E-06  4.977808E-07
   5.700001E+02  3.525597E-06  4.939872E-07
   6.300001E+02  3.740409E-06  5.080714E-07
   6.900001E+02  3.190425E-06  4.680348E-07
   7.500001E+02  3.255623E-06  4.743627E-07
   8.100001E+02  3.159777E-06  4.651464E-07
   8.700001E+02  2.903637E-06  4.466830E-07
   9.300001E+02  2.791712E-06  4.374372E-07
   9.900001E+02  2.927353E-06  4.467044E-07
   1.050000E+03  2.742837E-06  4.324800E-07
   1.110000E+03  2.719100E-06  4.311989E-07
   1.170000E+03  3.036541E-06  4.574726E-07
   1.230000E+03  2.578689E-06  4.203311E-07
   1.290000E+03  2.944901E-06  4.520416E-07
   1.350000E+03  2.897346E-06  4.477922E-07
   1.410000E+03  2.743469E-06  4.360983E-07
   1.470000E+03  2.775153E-06  4.397798E-07
   1.530000E+03  2.872197E-06  4.477274E-07
   1.590000E+03  3.235846E-06  4.754175E-07
   1.650000E+03  3.010664E-06  4.585113E-07
   1.710000E+03  3.056189E-06  4.620481E-07
   1.770000E+03  3.181413E-06  4.713608E-07
   1.830000E+03  3.111255E-06  4.661462E-07
   1.890000E+03  2.980481E-06  4.561391E-07
   1.950000E+03  3.437789E-06  4.900033E-07
   2.010000E+03  3.328231E-06  4.844286E-07
   2.070000E+03  3.447238E-06  4.905614E-07
   2.130000E+03  3.547367E-06  4.977032E-07
   2.190000E+03  3.315150E-06  4.810591E-07
   2.250000E+03  3.880627E-06  5.206327E-07
   2.310000E+03  3.595488E-06  5.020529E-07
   2.370000E+03  3.908950E-06  5.242836E-07
   2.430000E+03  3.766376E-06  5.127553E-07
   2.490000E+03  3.983064E-06  5.273724E-07
   2.550000E+03  3.632628E-06  5.036682E-07
   2.610000E+03  3.850953E-06  5.185457E-07
   2.670000E+03  4.123480E-06  5.375728E-07
   2.730000E+03  4.131546E-06  5.370676E-07
   2.790000E+03  4.208068E-06  5.430984E-07
   2.850000E+03  4.277425E-06  5.465850E-07
   2.910000E+03  4.417259E-06  5.554545E-07
   2.970000E+03  4.045166E-06  5.314753E-07
   3.030000E+03  4.481641E-06  5.593563E-07
   3.090000E+03  4.448095E-06  5.574057E-07
   3.150000E+03  4.733300E-06  5.751410E-07
   3.210000E+03  4.748856E-06  5.760843E-07
   3.270000E+03  5.129055E-06  5.987306E-07
   3.330000E+03  4.958391E-06  5.895931E-07
   3.390000E+03  5.112960E-06  5.978219E-07
   3.450000E+03  5.082638E-06  5.960043E-07
   3.510000E+03  5.385401E-06  6.135115E-07
   3.570000E+03  5.276325E-06  6.072842E-07
   3.630000E+03  5.291823E-06  6.081777E-07
   3.690000E+03  5.509101E-06  6.205500E-07
   3.750000E+03  5.742186E-06  6.335382E-07
   3.810000E+03  5.842910E-06  6.390838E-07
   3.870000E+03  5.578736E-06  6.253437E-07
   3.930000E+03  5.687517E-06  6.305311E-07
   3.990000E+03  5.811824E-06  6.373825E-07
   4.050000E+03  6.200309E-06  6.583331E-07
   4.110000E+03  6.138143E-06  6.550261E-07
   4.170000E+03  6.821873E-06  6.905314E-07
   4.230000E+03  6.751943E-06  6.869846E-07
   4.290000E+03  6.379021E-06  6.677494E-07
   4.350000E+03  6.728635E-06  6.857982E-07
   4.410000E+03  6.635669E-06  6.818298E-07
   4.470000E+03  7.031647E-06  7.010641E-07
   4.530000E+03  7.062730E-06  7.026110E-07
   4.590000E+03  7.117114E-06  7.053100E-07
   4.650000E+03  7.334663E-06  7.160040E-07
   4.710000E+03  7.373521E-06  7.178969E-07
   4.770000E+03  7.715376E-06  7.343433E-07
   4.830000E+03  7.598825E-06  7.287783E-07
   4.890000E+03  7.761995E-06  7.365575E-07
   4.950000E+03  7.365733E-06  7.175187E-07
   5.010001E+03  7.948458E-06  7.453483E-07
   5.070001E+03  8.290320E-06  7.612008E-07
   5.130001E+03  8.127157E-06  7.536765E-07
   5.190001E+03  8.150465E-06  7.547560E-07
   5.250001E+03  8.290319E-06  7.612008E-07
   5.310001E+03  8.647723E-06  7.774276E-07
   5.370001E+03  8.686568E-06  7.798679E-07
   5.430001E+03  8.243699E-06  7.590586E-07
   5.490001E+03  8.935198E-06  7.902373E-07
   5.550001E+03  8.562250E-06  7.742803E-07
   5.610001E+03  9.385840E-06  8.099090E-07
   5.670001E+03  8.632181E-06  7.774283E-07
   5.730001E+03  8.989586E-06  7.926375E-07
   5.790001E+03  9.036195E-06  7.946889E-07
   5.850001E+03  9.043971E-06  7.950303E-07
   5.910001E+03  9.385827E-06  8.099089E-07
   5.970001E+03  9.339210E-06  8.078962E-07
   6.030001E+03  9.463528E-06  8.132524E-07
   6.090001E+03  1.031819E-05  8.491602E-07
   6.150001E+03  9.743235E-06  8.251765E-07
   6.210001E+03  9.852007E-06  8.297672E-07
   6.270001E+03  1.002295E-05  8.369303E-07
   6.330001E+03  1.027157E-05  8.472409E-07
   6.390001E+03  1.057459E-05  8.596394E-07
   6.450001E+03  1.077660E-05  8.678064E-07
   6.510001E+03  1.109516E-05  8.805308E-07
   6.570001E+03  1.045027E-05  8.545746E-07
   6.630001E+03  1.072998E-05  8.659285E-07
   6.690001E+03  1.090091E-05  8.727941E-07
   6.750001E+03  1.062897E-05  8.618458E-07
   6.810001E+03  1.114177E-05  8.823775E-07
   6.870001E+03  1.081544E-05  8.693681E-07
   6.930001E+03  1.142925E-05  8.936808E-07
   6.990001E+03  1.046581E-05  8.552094E-07
   7.050001E+03  1.112623E-05  8.817623E-07
   7.110001E+03  1.168564E-05  9.036425E-07
   7.170001E+03  1.177888E-05  9.072378E-07
   7.230001E+03  1.080767E-05  8.690560E-07
   7.290001E+03  1.114953E-05  8.826849E-07
   7.350001E+03  1.146032E-05  8.948942E-07
   7.410001E+03  1.210521E-05  9.197102E-07
   7.470001E+03  1.248592E-05  9.340503E-07
   7.530001E+03  1.191096E-05  9.123067E-07
   7.590001E+03  1.187211E-05  9.108188E-07
   7.650001E+03  1.228391E-05  9.264690E-07
   7.710001E+03  1.196535E-05  9.143858E-07
   7.770001E+03  1.226837E-05  9.258832E-07
   7.830001E+03  1.316965E-05  9.592642E-07
   7.890001E+03  1.241599E-05  9.314330E-07
   7.950001E+03  1.253253E-05  9.357911E-07
   8.010001E+03  1.254807E-05  9.363706E-07
   8.070001E+03  1.319296E-05  9.601121E-07
   8.130001E+03  1.268015E-05  9.412822E-07
   8.190001E+03  1.315410E-05  9.586986E-07
   8.250001E+03  1.306864E-05  9.555814E-07
   8.310001E+03  1.309971E-05  9.567161E-07
   8.370001E+03  1.239268E-05  9.305589E-07
   8.430001E+03  1.302979E-05  9.541612E-07
   8.490001E+03  1.326288E-05  9.626512E-07
   8.550001E+03  1.311525E-05  9.572830E-07
   8.610001E+03  1.254807E-05  9.363706E-07
   8.670001E+03  1.265684E-05  9.404173E-07
   8.730001E+03  1.280447E-05  9.458816E-07
   8.790001E+03  1.332503E-05  9.649025E-07
   8.850001E+03  1.350374E-05  9.713459E-07
   8.910001E+03  1.270346E-05  9.421463E-07
   8.970001E+03  1.254806E-05  9.363706E-07
   9.030001E+03  1.374460E-05  9.799633E-07
   9.090001E+03  1.387668E-05  9.846569E-07
   9.150001E+03  1.350373E-05  9.713459E-07
   9.210001E+03  1.340273E-05  9.677093E-07
   9.270001E+03  1.330949E-05  9.643402E-07
   9.330001E+03  1.348819E-05  9.707873E-07
   9.390001E+03  1.351927E-05  9.719042E-07
   9.450001E+03  1.344935E-05  9.693894E-07
   9.510001E+03  1.257137E-05  9.372392E-07
   9.570001E+03  1.355812E-05  9.732985E-07
   9.630001E+03  1.344935E-05  9.693894E-07
   9.690001E+03  1.380675E-05  9.821748E-07
   9.750001E+03  1.347266E-05  9.702284E-07
   9.810001E+03  1.375237E-05  9.802400E-07
   9.870001E+03  1.346488E-05  9.699488E-07
   9.930001E+03  1.323956E-05  9.618056E-07
   9.990001E+03  1.349596E-05  9.710667E-07
   1.005000E+04  1.315410E-05  9.586986E-07
   1.011000E+04  1.357366E-05  9.738556E-07
   1.017000E+04  1.372905E-05  9.794096E-07
   1.023000E+04  1.368243E-05  9.777468E-07
   1.029000E+04  1.331726E-05  9.646214E-07
   1.035000E+04  1.337164E-05  9.665876E-07
   1.041000E+04  1.372128E-05  9.791327E-07
   1.047000E+04  1.328618E-05  9.634960E-07
   1.053000E+04  1.335610E-05  9.660262E-07
   1.059000E+04  1.306086E-05  9.552976E-07
   1.065000E+04  1.299870E-05  9.530235E-07
   1.071000E+04  1.313855E-05  9.581326E-07
   1.077000E+04  1.330949E-05  9.643402E-07
   1.083000E+04  1.300647E-05  9.533080E-07
   1.089000E+04  1.330948E-05  9.643402E-07
   1.095000E+04  1.243151E-05  9.320152E-07
   1.101000E+04  1.266460E-05  9.407057E-07
   1.107000E+04  1.280446E-05  9.458816E-07
   1.113000E+04  1.284331E-05  9.473143E-07
   1.119000E+04  1.292100E-05  9.501732E-07
   1.125000E+04  1.254805E-05  9.363706E-07
   1.131000E+04  1.254806E-05  9.363706E-07
   1.137000E+04  1.266460E-05  9.407057E-07
   1.143000E+04  1.249367E-05  9.343406E-07
   1.149000E+04  1.241597E-05  9.314330E-07
   1.155000E+04  1.238489E-05  9.302674E-07
   1.161000E+04  1.254029E-05  9.360809E-07
   1.167000E+04  1.178662E-05  9.075367E-07
   1.173000E+04  1.208964E-05  9.191201E-07
   1.179000E+04  1.247813E-05  9.337598E-07
   1.185000E+04  1.191094E-05  9.123067E-07
   1.191000E+04  1.218288E-05  9.226549E-07
   1.197000E+04  1.139037E-05  8.921617E-07
   1.203000E+04  1.131267E-05  8.891157E-07
   1.209000E+04  1.167785E-05  9.033423E-07
   1.215000E+04  1.102519E-05  8.777535E-07
   1.221000E+04  1.224504E-05  9.250039E-07
   1.227000E+04  1.110289E-05  8.808388E-07
   1.233000E+04  1.095527E-05  8.749673E-07
   1.239000E+04  1.047355E-05  8.555266E-07
   1.245000E+04  1.117282E-05  8.836064E-07
   1.251000E+04  1.070664E-05  8.649881E-07
   1.257000E+04  1.080764E-05  8.690560E-07
   1.263000E+04  1.020938E-05  8.446751E-07
   1.269000E+04  1.065225E-05  8.627897E-07
   1.275000E+04  1.026376E-05  8.469206E-07
   1.281000E+04  1.008506E-05  8.395198E-07
   1.287000E+04  1.042693E-05  8.536216E-07
   1.293000E+04  9.797582E-06  8.274750E-07
   1.299000E+04  1.004621E-05  8.379023E-07
   1.305000E+04  9.572261E-06  8.179103E-07
   1.311000E+04  9.245934E-06  8.038556E-07
   1.317000E+04  9.611109E-06  8.195673E-07
   1.323000E+04  9.292551E-06  8.058784E-07
   1.329000E+04  9.346939E-06  8.082320E-07
   1.335000E+04  9.238164E-06  8.035179E-07
   1.341000E+04  9.580030E-06  8.182419E-07
   1.347000E+04  9.036152E-06  7.946889E-07
   1.353000E+04  8.927376E-06  7.898938E-07
   1.359000E+04  8.709825E-06  7.802151E-07
   1.365000E+04  8.872988E-06  7.874853E-07
   1.371000E+04  8.189256E-06  7.565517E-07
   1.377000E+04  8.189255E-06  7.565517E-07
   1.383000E+04  8.445655E-06  7.682981E-07
   1.389000E+04  7.886237E-06  7.424296E-07
   1.395000E+04  8.212564E-06  7.576271E-07
   1.401000E+04  7.684225E-06  7.328634E-07
   1.407000E+04  8.018322E-06  7.486182E-07
   1.413000E+04  7.645377E-06  7.310094E-07
   1.419000E+04  7.319050E-06  7.152455E-07
   1.425000E+04  7.723074E-06  7.347128E-07
   1.431000E+04  7.233583E-06  7.110590E-07
   1.437000E+04  7.155886E-06  7.072315E-07
   1.443000E+04  7.249123E-06  7.118220E-07
   1.449000E+04  6.946105E-06  6.967922E-07
   1.455000E+04  6.953874E-06  6.971817E-07
   1.461000E+04  6.526541E-06  6.754289E-07
   1.467000E+04  7.054880E-06  7.022246E-07
   1.473000E+04  6.744093E-06  6.865893E-07
   1.479000E+04  6.472153E-06  6.726098E-07
   1.485000E+04  6.433305E-06  6.705889E-07
   1.491000E+04  5.912736E-06  6.428954E-07
   1.497000E+04  6.324529E-06  6.648977E-07
