 #  Results from PENEPMA.
 #  Energy distribution of upbound photons.
 #  1st column: E (eV).
 #  2nd and 3rd columns: probability density and STU (1/(eV*particle)).

   3.000000E+01  1.023077E-08  1.738134E-09
   9.000001E+01  1.122327E-07  1.158326E-08
   1.500000E+02  4.539603E-08  3.164499E-09
   2.100000E+02  4.839426E-08  1.901211E-09
   2.700000E+02  4.778116E-07  1.966728E-08
   3.300000E+02  1.335890E-07  1.349083E-08
   3.900000E+02  8.985838E-08  6.414460E-09
   4.500000E+02  9.268633E-08  2.372440E-09
   5.100001E+02  8.027287E-06  1.412710E-07
   5.700001E+02  3.716913E-08  7.580101E-10
   6.300001E+02  4.738580E-08  3.241139E-09
   6.900001E+02  5.146751E-08  2.073568E-09
   7.500001E+02  5.692258E-08  1.919837E-09
   8.100001E+02  6.260479E-08  1.752394E-09
   8.700001E+02  6.878321E-08  1.571996E-09
   9.300001E+02  7.242594E-08  1.354577E-09
   9.900001E+02  7.598501E-08  1.090031E-09
   1.050000E+03  8.019556E-08  1.120296E-09
   1.110000E+03  8.375874E-08  2.026579E-09
   1.170000E+03  8.547073E-08  1.426730E-09
   1.230000E+03  2.884561E-07  2.241788E-08
   1.290000E+03  9.214069E-08  3.741920E-09
   1.350000E+03  8.693356E-08  1.166675E-09
   1.410000E+03  8.746898E-08  1.661791E-09
   1.470000E+03  2.647900E-06  7.961360E-08
   1.530000E+03  1.021763E-07  6.432921E-09
   1.590000E+03  8.868907E-08  5.662505E-09
   1.650000E+03  8.131256E-08  3.989615E-09
   1.710000E+03  8.340843E-06  1.439910E-07
   1.770000E+03  7.400162E-08  1.076919E-09
   1.830000E+03  2.812911E-07  2.307901E-08
   1.890000E+03  8.038201E-08  8.172509E-09
   1.950000E+03  5.542520E-08  2.396966E-09
   2.010000E+03  5.315723E-08  9.116182E-10
   2.070000E+03  5.410968E-08  1.714506E-09
   2.130000E+03  5.375891E-08  1.905086E-09
   2.190000E+03  5.260718E-08  1.233336E-09
   2.250000E+03  5.238517E-08  9.058008E-10
   2.310000E+03  5.135745E-08  8.963966E-10
   2.370000E+03  5.117109E-08  8.952882E-10
   2.430000E+03  5.045437E-08  8.893040E-10
   2.490000E+03  5.028297E-08  1.218328E-09
   2.550000E+03  4.943116E-08  8.794372E-10
   2.610000E+03  4.830961E-08  8.695480E-10
   2.670000E+03  4.819681E-08  8.681923E-10
   2.730000E+03  4.728885E-08  8.599129E-10
   2.790000E+03  4.670097E-08  8.546087E-10
   2.850000E+03  4.584002E-08  8.472044E-10
   2.910000E+03  4.527862E-08  8.414086E-10
   2.970000E+03  4.435101E-08  8.332837E-10
   3.030000E+03  4.571691E-08  2.213033E-09
   3.090000E+03  4.342258E-08  8.241804E-10
   3.150000E+03  4.225685E-08  8.132271E-10
   3.210000E+03  4.200430E-08  8.111535E-10
   3.270000E+03  4.130348E-08  1.158986E-09
   3.330000E+03  4.053155E-08  7.961550E-10
   3.390000E+03  3.953231E-08  7.868274E-10
   3.450000E+03  4.366409E-08  3.337476E-09
   3.510000E+03  3.866829E-08  7.778286E-10
   3.570000E+03  3.742687E-08  7.645839E-10
   3.630000E+03  3.939341E-08  2.624818E-09
   3.690000E+03  6.667693E-07  3.957508E-08
   3.750000E+03  3.579402E-08  7.491480E-10
   3.810000E+03  3.556053E-08  7.464006E-10
   3.870000E+03  3.642137E-08  2.334181E-09
   3.930000E+03  3.410984E-08  1.388621E-09
   3.990000E+03  9.552214E-08  1.244420E-08
   4.050000E+03  3.233831E-08  7.114498E-10
   4.110000E+03  3.166291E-08  1.092099E-09
   4.170000E+03  3.084610E-08  6.952447E-10
   4.230000E+03  3.066247E-08  6.934045E-10
   4.290000E+03  2.973466E-08  6.826569E-10
   4.350000E+03  2.960307E-08  1.077346E-09
   4.410000E+03  2.899453E-08  6.733349E-10
   4.470000E+03  3.276855E-08  3.515927E-09
   4.530000E+03  2.906593E-08  1.985038E-09
   4.590000E+03  2.684874E-08  6.488038E-10
   4.650000E+03  2.686249E-08  6.477984E-10
   4.710000E+03  2.663426E-08  6.457573E-10
   4.770000E+03  2.574225E-08  6.347825E-10
   4.830000E+03  2.728767E-08  2.146798E-09
   4.890000E+03  2.443905E-08  6.189374E-10
   4.950000E+03  2.508584E-08  1.336509E-09
   5.010001E+03  2.403077E-08  6.138317E-10
   5.070001E+03  2.383459E-08  6.106483E-10
   5.130001E+03  2.426237E-08  1.779956E-09
   5.190001E+03  2.310676E-08  6.013882E-10
   5.250001E+03  2.240216E-08  5.922734E-10
   5.310001E+03  2.228959E-08  5.905731E-10
   5.370001E+03  2.102257E-08  5.733832E-10
   5.430001E+03  2.124574E-08  5.770137E-10
   5.490001E+03  2.087329E-08  5.716882E-10
   5.550001E+03  2.114465E-08  1.313484E-09
   5.610001E+03  2.000320E-08  5.593060E-10
   5.670001E+03  1.977860E-08  5.564684E-10
   5.730001E+03  1.940908E-08  5.510095E-10
   5.790001E+03  1.916759E-08  5.476848E-10
   5.850001E+03  1.871328E-08  5.413450E-10
   5.910001E+03  1.871274E-08  5.410125E-10
   5.970001E+03  1.829625E-08  5.352036E-10
   6.030001E+03  1.795138E-08  5.298868E-10
   6.090001E+03  1.716284E-08  5.185793E-10
   6.150001E+03  1.714331E-08  5.182600E-10
   6.210001E+03  1.687804E-08  5.139751E-10
   6.270001E+03  1.656096E-08  5.085521E-10
   6.330001E+03  1.611559E-08  5.020473E-10
   6.390001E+03  1.777259E-08  2.111760E-09
   6.450001E+03  1.569208E-08  4.954058E-10
   6.510001E+03  1.522910E-08  4.879529E-10
   6.570001E+03  1.534275E-08  4.901294E-10
   6.630001E+03  1.482655E-08  4.817988E-10
   6.690001E+03  1.441469E-08  4.749877E-10
   6.750001E+03  1.432213E-08  4.731310E-10
   6.810001E+03  1.424427E-08  4.723386E-10
   6.870001E+03  1.407920E-08  4.690541E-10
   6.930001E+03  1.329261E-08  4.558646E-10
   6.990001E+03  1.357517E-08  4.607914E-10
   7.050001E+03  1.365950E-08  9.542888E-10
   7.110001E+03  1.293544E-08  4.501695E-10
   7.170001E+03  1.286218E-08  4.486252E-10
   7.230001E+03  1.263313E-08  4.448759E-10
   7.290001E+03  1.209985E-08  4.349064E-10
   7.350001E+03  1.197735E-08  4.326558E-10
   7.410001E+03  1.192463E-08  4.315329E-10
   7.470001E+03  1.185275E-08  4.308657E-10
   7.530001E+03  1.138276E-08  4.217971E-10
   7.590001E+03  1.139981E-08  4.222734E-10
   7.650001E+03  1.126675E-08  4.196038E-10
   7.710001E+03  1.078317E-08  4.112751E-10
   7.770001E+03  1.078518E-08  4.104381E-10
   7.830001E+03  1.053281E-08  4.057728E-10
   7.890001E+03  1.033105E-08  4.019047E-10
   7.950001E+03  1.018889E-08  3.994518E-10
   8.010001E+03  1.015983E-08  3.984222E-10
   8.070001E+03  9.892740E-09  3.936286E-10
   8.130001E+03  9.504809E-09  3.856405E-10
   8.190001E+03  9.542722E-09  3.866455E-10
   8.250001E+03  9.395680E-09  3.834367E-10
   8.310001E+03  9.088501E-09  3.772389E-10
   8.370001E+03  8.915074E-09  3.737172E-10
   8.430001E+03  8.656606E-09  3.678003E-10
   8.490001E+03  8.669168E-09  3.682526E-10
   8.550001E+03  8.341134E-09  3.613144E-10
   8.610001E+03  8.374850E-09  3.616770E-10
   8.670001E+03  8.303654E-09  3.606578E-10
   8.730001E+03  8.167340E-09  3.575114E-10
   8.790001E+03  7.935482E-09  3.522612E-10
   8.850001E+03  7.873959E-09  3.513418E-10
   8.910001E+03  7.794145E-09  3.496728E-10
   8.970001E+03  7.561121E-09  3.439243E-10
   9.030001E+03  7.518879E-09  3.427718E-10
   9.090001E+03  7.376095E-09  3.396212E-10
   9.150001E+03  7.331902E-09  3.386813E-10
   9.210001E+03  6.978308E-09  3.303543E-10
   9.270001E+03  6.695955E-09  3.237245E-10
   9.330001E+03  6.682202E-09  3.236248E-10
   9.390001E+03  6.789431E-09  3.261086E-10
   9.450001E+03  6.526517E-09  3.192907E-10
   9.510001E+03  6.248198E-09  3.128100E-10
   9.570001E+03  6.262318E-09  3.132282E-10
   9.630001E+03  6.080226E-09  3.083192E-10
   9.690001E+03  5.968138E-09  3.054321E-10
   9.750001E+03  5.929996E-09  3.045222E-10
   9.810001E+03  5.719573E-09  2.990283E-10
   9.870001E+03  5.725441E-09  2.993170E-10
   9.930001E+03  5.482881E-09  2.928572E-10
   9.990001E+03  5.230877E-09  2.862780E-10
   1.005000E+04  5.428831E-09  2.913067E-10
   1.011000E+04  5.166237E-09  2.842961E-10
   1.017000E+04  5.204930E-09  2.852578E-10
   1.023000E+04  4.952126E-09  2.783855E-10
   1.029000E+04  4.971355E-09  2.789160E-10
   1.035000E+04  4.857341E-09  2.757882E-10
   1.041000E+04  4.735580E-09  2.719883E-10
   1.047000E+04  4.771155E-09  2.731102E-10
   1.053000E+04  5.083144E-09  8.810158E-10
   1.059000E+04  4.459921E-09  2.640867E-10
   1.065000E+04  4.351362E-09  2.609296E-10
   1.071000E+04  4.284935E-09  2.589451E-10
   1.077000E+04  4.167437E-09  2.553581E-10
   1.083000E+04  3.980623E-09  2.492833E-10
   1.089000E+04  4.035636E-09  2.511112E-10
   1.095000E+04  3.926665E-09  2.477069E-10
   1.101000E+04  3.874770E-09  2.458966E-10
   1.107000E+04  3.754842E-09  2.423868E-10
   1.113000E+04  3.778406E-09  2.430073E-10
   1.119000E+04  3.523881E-09  2.345818E-10
   1.125000E+04  3.506598E-09  2.339626E-10
   1.131000E+04  3.606700E-09  2.374525E-10
   1.137000E+04  3.354533E-09  2.290415E-10
   1.143000E+04  3.260416E-09  2.255473E-10
   1.149000E+04  3.204532E-09  2.240099E-10
   1.155000E+04  3.140809E-09  2.215275E-10
   1.161000E+04  3.063425E-09  2.187751E-10
   1.167000E+04  2.962797E-09  2.156039E-10
   1.173000E+04  2.844187E-09  2.103769E-10
   1.179000E+04  2.679987E-09  2.047636E-10
   1.185000E+04  2.797235E-09  2.091277E-10
   1.191000E+04  2.735229E-09  2.063567E-10
   1.197000E+04  2.443845E-09  1.954046E-10
   1.203000E+04  2.483867E-09  1.968473E-10
   1.209000E+04  2.439719E-09  1.950316E-10
   1.215000E+04  2.446504E-09  1.953384E-10
   1.221000E+04  2.264550E-09  1.880313E-10
   1.227000E+04  2.343126E-09  1.910970E-10
   1.233000E+04  2.338542E-09  1.912641E-10
   1.239000E+04  2.205915E-09  1.856282E-10
   1.245000E+04  2.081679E-09  1.804237E-10
   1.251000E+04  1.943230E-09  1.739604E-10
   1.257000E+04  1.903392E-09  1.722949E-10
   1.263000E+04  1.872814E-09  1.709191E-10
   1.269000E+04  1.892756E-09  1.718500E-10
   1.275000E+04  1.698836E-09  1.630647E-10
   1.281000E+04  1.781080E-09  1.667236E-10
   1.287000E+04  1.630712E-09  1.596304E-10
   1.293000E+04  1.640890E-09  1.597912E-10
   1.299000E+04  1.639560E-09  1.598317E-10
   1.305000E+04  1.527151E-09  1.544434E-10
   1.311000E+04  1.430741E-09  1.494060E-10
   1.317000E+04  1.504825E-09  1.530204E-10
   1.323000E+04  1.324659E-09  1.436894E-10
   1.329000E+04  1.262540E-09  1.403340E-10
   1.335000E+04  1.287892E-09  1.417184E-10
   1.341000E+04  1.235630E-09  1.387993E-10
   1.347000E+04  1.182772E-09  1.357085E-10
   1.353000E+04  1.104196E-09  1.311453E-10
   1.359000E+04  1.093927E-09  1.304786E-10
   1.365000E+04  1.034330E-09  1.271709E-10
   1.371000E+04  9.657930E-10  1.225707E-10
   1.377000E+04  9.084882E-10  1.187942E-10
   1.383000E+04  8.746553E-10  1.167728E-10
   1.389000E+04  7.786125E-10  1.099248E-10
   1.395000E+04  7.681601E-10  1.091772E-10
   1.401000E+04  6.942140E-10  1.037014E-10
   1.407000E+04  7.176402E-10  1.054888E-10
   1.413000E+04  6.325080E-10  9.920123E-11
   1.419000E+04  5.885438E-10  9.548848E-11
   1.425000E+04  5.893232E-10  9.558774E-11
   1.431000E+04  4.695330E-10  8.540006E-11
   1.437000E+04  4.698999E-10  8.527549E-11
   1.443000E+04  4.248352E-10  8.131910E-11
   1.449000E+04  4.006297E-10  7.886613E-11
   1.455000E+04  3.853179E-10  7.715465E-11
   1.461000E+04  2.784559E-10  6.524901E-11
   1.467000E+04  2.347209E-10  5.987760E-11
   1.473000E+04  2.455858E-10  6.155822E-11
   1.479000E+04  1.470216E-10  4.679966E-11
   1.485000E+04  1.071375E-10  3.938805E-11
   1.491000E+04  6.748244E-11  3.103989E-11
   1.497000E+04  2.842331E-11  2.012756E-11
