 #  Results from PENEPMA.
 #  Probability of emission of bremmstrahlung photons.
 #  1st column: E (eV).
 #  2nd and 3rd columns: probability density and STU (1/(eV*sr*electron)).

   9.000001E+01  7.038168E-07  2.673654E-09
   1.500000E+02  3.640647E-07  1.474399E-09
   2.100000E+02  2.456628E-07  1.162130E-09
   2.700000E+02  1.840930E-07  9.694799E-10
   3.300000E+02  1.462751E-07  8.064966E-10
   3.900000E+02  1.205949E-07  6.161003E-10
   4.500000E+02  1.024445E-07  5.256110E-10
   5.100001E+02  8.886395E-08  4.586784E-10
   5.700001E+02  7.848102E-08  4.014562E-10
   6.300001E+02  7.019346E-08  3.940001E-10
   6.900001E+02  6.303654E-08  3.327038E-10
   7.500001E+02  5.722660E-08  3.074197E-10
   8.100001E+02  5.242404E-08  3.041029E-10
   8.700001E+02  4.866641E-08  3.444665E-10
   9.300001E+02  4.491311E-08  2.643233E-10
   9.900001E+02  4.166292E-08  2.645944E-10
   1.050000E+03  3.895366E-08  2.309415E-10
   1.110000E+03  3.646067E-08  2.238721E-10
   1.170000E+03  3.437895E-08  2.279152E-10
   1.230000E+03  3.241138E-08  2.414743E-10
   1.290000E+03  3.053821E-08  1.955953E-10
   1.350000E+03  2.909950E-08  2.022542E-10
   1.410000E+03  2.749748E-08  1.972517E-10
   1.470000E+03  2.605028E-08  1.805571E-10
   1.530000E+03  2.476614E-08  1.882753E-10
   1.590000E+03  2.365653E-08  1.721325E-10
   1.650000E+03  2.273068E-08  1.686978E-10
   1.710000E+03  2.167727E-08  1.646004E-10
   1.770000E+03  2.081713E-08  1.614183E-10
   1.830000E+03  1.995159E-08  1.581004E-10
   1.890000E+03  1.913166E-08  1.547077E-10
   1.950000E+03  1.834811E-08  1.514576E-10
   2.010000E+03  1.772334E-08  1.630491E-10
   2.070000E+03  1.698072E-08  1.456643E-10
   2.130000E+03  1.641795E-08  1.431963E-10
   2.190000E+03  1.581400E-08  1.406631E-10
   2.250000E+03  1.520582E-08  1.378773E-10
   2.310000E+03  1.476656E-08  1.359500E-10
   2.370000E+03  1.425162E-08  1.335842E-10
   2.430000E+03  1.372902E-08  1.309112E-10
   2.490000E+03  1.333912E-08  1.291983E-10
   2.550000E+03  1.291727E-08  1.269614E-10
   2.610000E+03  1.252432E-08  1.250767E-10
   2.670000E+03  1.206844E-08  1.228078E-10
   2.730000E+03  1.179910E-08  1.214653E-10
   2.790000E+03  1.136559E-08  1.191330E-10
   2.850000E+03  1.107789E-08  1.178089E-10
   2.910000E+03  1.075999E-08  1.158528E-10
   2.970000E+03  1.048354E-08  1.144046E-10
   3.030000E+03  1.017894E-08  1.127702E-10
   3.090000E+03  9.908091E-09  1.112694E-10
   3.150000E+03  9.584350E-09  1.094136E-10
   3.210000E+03  9.360931E-09  1.081454E-10
   3.270000E+03  9.111704E-09  1.066562E-10
   3.330000E+03  8.898525E-09  1.053709E-10
   3.390000E+03  8.638716E-09  1.038506E-10
   3.450000E+03  8.404264E-09  1.024629E-10
   3.510000E+03  8.266054E-09  1.016469E-10
   3.570000E+03  7.997279E-09  9.982426E-11
   3.630000E+03  7.818090E-09  9.870804E-11
   3.690000E+03  7.633336E-09  9.762519E-11
   3.750000E+03  7.452811E-09  9.641774E-11
   3.810000E+03  7.340969E-09  9.572848E-11
   3.870000E+03  7.169158E-09  9.445033E-11
   3.930000E+03  6.893724E-09  9.270204E-11
   3.990000E+03  6.748972E-09  9.172463E-11
   4.050000E+03  6.670065E-09  9.121814E-11
   4.110000E+03  6.508618E-09  9.007045E-11
   4.170000E+03  6.320639E-09  8.883903E-11
   4.230000E+03  6.217119E-09  8.805606E-11
   4.290000E+03  6.060134E-09  8.696176E-11
   4.350000E+03  5.936678E-09  8.606924E-11
   4.410000E+03  5.833005E-09  8.531290E-11
   4.470000E+03  5.625912E-09  8.374518E-11
   4.530000E+03  5.550170E-09  8.317818E-11
   4.590000E+03  5.383156E-09  8.196769E-11
   4.650000E+03  5.337895E-09  8.155832E-11
   4.710000E+03  5.226217E-09  8.065692E-11
   4.770000E+03  5.097093E-09  7.974609E-11
   4.830000E+03  4.995896E-09  7.896389E-11
   4.890000E+03  4.899739E-09  7.813574E-11
   4.950000E+03  4.781593E-09  7.717080E-11
   5.010001E+03  4.703482E-09  7.662281E-11
   5.070001E+03  4.599142E-09  7.570667E-11
   5.130001E+03  4.511252E-09  7.493768E-11
   5.190001E+03  4.462913E-09  7.455626E-11
   5.250001E+03  4.359641E-09  7.368345E-11
   5.310001E+03  4.293842E-09  7.313209E-11
   5.370001E+03  4.105966E-09  7.151921E-11
   5.430001E+03  4.113108E-09  7.160514E-11
   5.490001E+03  4.003273E-09  7.058015E-11
   5.550001E+03  3.946376E-09  7.014418E-11
   5.610001E+03  3.821701E-09  6.898720E-11
   5.670001E+03  3.790105E-09  6.874902E-11
   5.730001E+03  3.728776E-09  6.812730E-11
   5.790001E+03  3.642379E-09  6.745123E-11
   5.850001E+03  3.573123E-09  6.671598E-11
   5.910001E+03  3.541253E-09  6.642383E-11
   5.970001E+03  3.467116E-09  6.572907E-11
   6.030001E+03  3.418143E-09  6.522136E-11
   6.090001E+03  3.314929E-09  6.425407E-11
   6.150001E+03  3.255653E-09  6.375031E-11
   6.210001E+03  3.203554E-09  6.314542E-11
   6.270001E+03  3.135298E-09  6.249874E-11
   6.330001E+03  3.068806E-09  6.178610E-11
   6.390001E+03  3.046496E-09  6.164396E-11
   6.450001E+03  2.958519E-09  6.075869E-11
   6.510001E+03  2.923871E-09  6.035589E-11
   6.570001E+03  2.862026E-09  5.972374E-11
   6.630001E+03  2.810262E-09  5.915095E-11
   6.690001E+03  2.732836E-09  5.833365E-11
   6.750001E+03  2.717091E-09  5.813135E-11
   6.810001E+03  2.668365E-09  5.766489E-11
   6.870001E+03  2.650072E-09  5.742281E-11
   6.930001E+03  2.556739E-09  5.638312E-11
   6.990001E+03  2.516255E-09  5.596102E-11
   7.050001E+03  2.475276E-09  5.552772E-11
   7.110001E+03  2.442482E-09  5.516238E-11
   7.170001E+03  2.392085E-09  5.455419E-11
   7.230001E+03  2.374469E-09  5.438180E-11
   7.290001E+03  2.303762E-09  5.350895E-11
   7.350001E+03  2.290160E-09  5.341417E-11
   7.410001E+03  2.236955E-09  5.278363E-11
   7.470001E+03  2.195828E-09  5.228525E-11
   7.530001E+03  2.153788E-09  5.177400E-11
   7.590001E+03  2.129924E-09  5.149467E-11
   7.650001E+03  2.097640E-09  5.105521E-11
   7.710001E+03  2.033975E-09  5.038077E-11
   7.770001E+03  2.027678E-09  5.020192E-11
   7.830001E+03  1.972560E-09  4.958542E-11
   7.890001E+03  1.949925E-09  4.925965E-11
   7.950001E+03  1.924459E-09  4.895159E-11
   8.010001E+03  1.882438E-09  4.840380E-11
   8.070001E+03  1.850645E-09  4.804818E-11
   8.130001E+03  1.793009E-09  4.725029E-11
   8.190001E+03  1.788478E-09  4.721042E-11
   8.250001E+03  1.742082E-09  4.658092E-11
   8.310001E+03  1.699343E-09  4.598118E-11
   8.370001E+03  1.683853E-09  4.577477E-11
   8.430001E+03  1.652673E-09  4.535774E-11
   8.490001E+03  1.632250E-09  4.507373E-11
   8.550001E+03  1.579413E-09  4.435802E-11
   8.610001E+03  1.574391E-09  4.423449E-11
   8.670001E+03  1.559393E-09  4.407205E-11
   8.730001E+03  1.515833E-09  4.344263E-11
   8.790001E+03  1.483284E-09  4.295089E-11
   8.850001E+03  1.461259E-09  4.264948E-11
   8.910001E+03  1.456085E-09  4.254693E-11
   8.970001E+03  1.434288E-09  4.223901E-11
   9.030001E+03  1.409065E-09  4.183187E-11
   9.090001E+03  1.386742E-09  4.153021E-11
   9.150001E+03  1.362681E-09  4.121769E-11
   9.210001E+03  1.314512E-09  4.044224E-11
   9.270001E+03  1.282989E-09  3.996835E-11
   9.330001E+03  1.259458E-09  3.959264E-11
   9.390001E+03  1.266298E-09  3.969163E-11
   9.450001E+03  1.221510E-09  3.897760E-11
   9.510001E+03  1.185846E-09  3.841160E-11
   9.570001E+03  1.193896E-09  3.857626E-11
   9.630001E+03  1.158011E-09  3.798553E-11
   9.690001E+03  1.136932E-09  3.759344E-11
   9.750001E+03  1.121489E-09  3.737114E-11
   9.810001E+03  1.101753E-09  3.703578E-11
   9.870001E+03  1.091210E-09  3.685437E-11
   9.930001E+03  1.052371E-09  3.617694E-11
   9.990001E+03  1.026528E-09  3.576765E-11
   1.005000E+04  1.020147E-09  3.562027E-11
   1.011000E+04  1.021072E-09  3.567490E-11
   1.017000E+04  9.982768E-10  3.526264E-11
   1.023000E+04  9.453715E-10  3.429745E-11
   1.029000E+04  9.479017E-10  3.434282E-11
   1.035000E+04  9.346971E-10  3.408141E-11
   1.041000E+04  8.967929E-10  3.338184E-11
   1.047000E+04  9.034580E-10  3.350872E-11
   1.053000E+04  8.978034E-10  3.343759E-11
   1.059000E+04  8.518332E-10  3.255044E-11
   1.065000E+04  8.386124E-10  3.230324E-11
   1.071000E+04  8.314985E-10  3.218348E-11
   1.077000E+04  8.114739E-10  3.178358E-11
   1.083000E+04  7.879981E-10  3.129779E-11
   1.089000E+04  7.895558E-10  3.134064E-11
   1.095000E+04  7.630667E-10  3.084986E-11
   1.101000E+04  7.351037E-10  3.024285E-11
   1.107000E+04  7.315431E-10  3.018662E-11
   1.113000E+04  7.267896E-10  3.009536E-11
   1.119000E+04  6.954156E-10  2.942187E-11
   1.125000E+04  6.783423E-10  2.904486E-11
   1.131000E+04  6.843091E-10  2.918328E-11
   1.137000E+04  6.566906E-10  2.861812E-11
   1.143000E+04  6.519262E-10  2.845967E-11
   1.149000E+04  6.198006E-10  2.775419E-11
   1.155000E+04  6.222485E-10  2.781628E-11
   1.161000E+04  6.025996E-10  2.741292E-11
   1.167000E+04  5.906739E-10  2.711505E-11
   1.173000E+04  5.720647E-10  2.667469E-11
   1.179000E+04  5.415116E-10  2.596041E-11
   1.185000E+04  5.531090E-10  2.623415E-11
   1.191000E+04  5.305635E-10  2.565258E-11
   1.197000E+04  4.969897E-10  2.483680E-11
   1.203000E+04  5.051506E-10  2.504118E-11
   1.209000E+04  4.941587E-10  2.479367E-11
   1.215000E+04  4.737474E-10  2.426484E-11
   1.221000E+04  4.667503E-10  2.407598E-11
   1.227000E+04  4.741049E-10  2.427392E-11
   1.233000E+04  4.605010E-10  2.393107E-11
   1.239000E+04  4.509319E-10  2.364372E-11
   1.245000E+04  4.252016E-10  2.297640E-11
   1.251000E+04  4.127943E-10  2.262004E-11
   1.257000E+04  4.014960E-10  2.231759E-11
   1.263000E+04  3.854880E-10  2.186489E-11
   1.269000E+04  3.690531E-10  2.139306E-11
   1.275000E+04  3.535303E-10  2.097058E-11
   1.281000E+04  3.558724E-10  2.102556E-11
   1.287000E+04  3.352312E-10  2.039104E-11
   1.293000E+04  3.400322E-10  2.052834E-11
   1.299000E+04  3.379527E-10  2.047364E-11
   1.305000E+04  3.091069E-10  1.957133E-11
   1.311000E+04  2.998953E-10  1.929292E-11
   1.317000E+04  3.075783E-10  1.953051E-11
   1.323000E+04  2.863097E-10  1.883103E-11
   1.329000E+04  2.732493E-10  1.840816E-11
   1.335000E+04  2.695537E-10  1.829569E-11
   1.341000E+04  2.616847E-10  1.802220E-11
   1.347000E+04  2.435717E-10  1.738872E-11
   1.353000E+04  2.381287E-10  1.717073E-11
   1.359000E+04  2.320108E-10  1.694310E-11
   1.365000E+04  2.077506E-10  1.602638E-11
   1.371000E+04  2.029023E-10  1.585985E-11
   1.377000E+04  1.885614E-10  1.527341E-11
   1.383000E+04  1.851467E-10  1.513900E-11
   1.389000E+04  1.761760E-10  1.474344E-11
   1.395000E+04  1.688469E-10  1.444073E-11
   1.401000E+04  1.545170E-10  1.378993E-11
   1.407000E+04  1.447144E-10  1.337638E-11
   1.413000E+04  1.348973E-10  1.288933E-11
   1.419000E+04  1.297717E-10  1.265426E-11
   1.425000E+04  1.186339E-10  1.208790E-11
   1.431000E+04  1.100535E-10  1.163334E-11
   1.437000E+04  9.964168E-11  1.106521E-11
   1.443000E+04  9.308232E-11  1.070126E-11
   1.449000E+04  8.468795E-11  1.020258E-11
   1.455000E+04  7.427252E-11  9.529178E-12
   1.461000E+04  6.528718E-11  8.890664E-12
   1.467000E+04  5.251136E-11  8.003190E-12
   1.473000E+04  5.010361E-11  7.780417E-12
   1.479000E+04  3.688641E-11  6.627277E-12
   1.485000E+04  2.821114E-11  5.723397E-12
   1.491000E+04  1.694202E-11  4.397813E-12
   1.497000E+04  8.201050E-12  3.048134E-12
