 #  Results from PENEPMA. Output from photon detector #  1
 #
 #  Angular intervals : theta_1 = 5.000000E+01,  theta_2 = 6.000000E+01
 #                        phi_1 = 0.000000E+00,    phi_2 = 3.600000E+02
 #
 #  Intensities of characteristic lines. All in 1/(sr*electron).
 #    P = primary photons (from electron interactions);
 #    C = flourescence from characteristic x rays;
 #    B = flourescence from bremsstrahlung quanta;
 #   TF = C+B, total fluorescence;
 #  unc = statistical uncertainty (3 sigma).
 #
 # IZ S0 S1  E (eV)      P            unc       C            unc       B            unc       TF           unc       T            unc
   13 L3 M1  7.0570E+01  1.867144E-08 5.60E-08  0.000000E+00 0.00E+00  0.000000E+00 0.00E+00  0.000000E+00 0.00E+00  1.867144E-08 5.60E-08
   13 L2 M1  7.1040E+01  1.867144E-08 5.60E-08  0.000000E+00 0.00E+00  0.000000E+00 0.00E+00  0.000000E+00 0.00E+00  1.867144E-08 5.60E-08
   20 L1 L2  7.5070E+01  0.000000E+00 0.00E+00  0.000000E+00 0.00E+00  1.091021E-11 3.27E-11  1.091021E-11 3.27E-11  1.091021E-11 3.27E-11
   20 L1 L3  7.8910E+01  0.000000E+00 0.00E+00  0.000000E+00 0.00E+00  2.182041E-11 4.63E-11  2.182041E-11 4.63E-11  2.182041E-11 4.63E-11
   14 L3 M1  9.4350E+01  3.547574E-07 2.44E-07  0.000000E+00 0.00E+00  1.091021E-11 3.27E-11  1.091021E-11 3.27E-11  3.547683E-07 2.44E-07
   14 L2 M1  9.5040E+01  1.493824E-07 1.58E-07  0.000000E+00 0.00E+00  0.000000E+00 0.00E+00  0.000000E+00 0.00E+00  1.493824E-07 1.58E-07
   14 L1 M3  1.4503E+02  1.867144E-08 5.60E-08  0.000000E+00 0.00E+00  0.000000E+00 0.00E+00  0.000000E+00 0.00E+00  1.867144E-08 5.60E-08
    6  K L2  2.8202E+02  1.390764E-06 2.93E-07  1.267500E-09 3.80E-09  2.741058E-10 1.38E-10  1.541605E-09 3.94E-09  1.392306E-06 2.93E-07
    6  K L3  2.8203E+02  2.489818E-06 3.90E-07  5.069998E-09 7.60E-09  5.411355E-10 1.93E-10  5.611134E-09 7.80E-09  2.495429E-06 3.90E-07
   20 L3 M1  3.0269E+02  4.481364E-07 2.74E-07  0.000000E+00 0.00E+00  1.527429E-10 1.22E-10  1.527429E-10 1.22E-10  4.482891E-07 2.74E-07
   20 L2 M1  3.0643E+02  2.800934E-07 2.17E-07  0.000000E+00 0.00E+00  6.546124E-11 8.02E-11  6.546124E-11 8.02E-11  2.801589E-07 2.17E-07
   20 L3 N1  3.4975E+02  0.000000E+00 0.00E+00  0.000000E+00 0.00E+00  1.091021E-11 3.27E-11  1.091021E-11 3.27E-11  1.091021E-11 3.27E-11
   20 L2 N1  3.5359E+02  1.867144E-08 5.60E-08  0.000000E+00 0.00E+00  0.000000E+00 0.00E+00  0.000000E+00 0.00E+00  1.867144E-08 5.60E-08
   22 L3 M1  3.9535E+02  1.867144E-08 5.60E-08  0.000000E+00 0.00E+00  0.000000E+00 0.00E+00  0.000000E+00 0.00E+00  1.867144E-08 5.60E-08
   50 M4 N2  3.9993E+02  0.000000E+00 0.00E+00  0.000000E+00 0.00E+00  3.273062E-11 5.67E-11  3.273062E-11 5.67E-11  3.273062E-11 5.67E-11
   20 L1 M2  4.1543E+02  3.734288E-08 7.92E-08  0.000000E+00 0.00E+00  3.273062E-11 5.67E-11  3.273062E-11 5.67E-11  3.737561E-08 7.92E-08
   20 L1 M3  4.1580E+02  7.469667E-08 1.12E-07  1.748498E-09 5.25E-09  5.455103E-11 7.32E-11  1.803049E-09 5.32E-09  7.649972E-08 1.12E-07
   51 M5 N3  4.2973E+02  1.867144E-08 5.60E-08  0.000000E+00 0.00E+00  0.000000E+00 0.00E+00  0.000000E+00 0.00E+00  1.867144E-08 5.60E-08
    8  K L2  5.2309E+02  3.039912E-05 2.26E-06  1.748498E-08 1.66E-08  1.295731E-08 1.13E-09  3.044229E-08 1.77E-08  3.042956E-05 2.26E-06
    8  K L3  5.2313E+02  6.002913E-05 3.18E-06  4.720944E-08 2.73E-08  2.574895E-08 1.59E-09  7.295839E-08 2.88E-08  6.010209E-05 3.18E-06
   56 M4 N2  6.0243E+02  5.601432E-08 9.70E-08  0.000000E+00 0.00E+00  1.091021E-11 3.27E-11  1.091021E-11 3.27E-11  5.602523E-08 9.70E-08
   26 L3 M1  6.1530E+02  1.867144E-08 5.60E-08  0.000000E+00 0.00E+00  0.000000E+00 0.00E+00  0.000000E+00 0.00E+00  1.867144E-08 5.60E-08
   56 M4 N3  6.1829E+02  0.000000E+00 0.00E+00  0.000000E+00 0.00E+00  1.091021E-11 3.27E-11  1.091021E-11 3.27E-11  1.091021E-11 3.27E-11
   26 L2 M1  6.2780E+02  1.867144E-08 5.60E-08  0.000000E+00 0.00E+00  2.182041E-11 4.63E-11  2.182041E-11 4.63E-11  1.869326E-08 5.60E-08
   26 L3 M5  7.0480E+02  1.867144E-08 5.60E-08  0.000000E+00 0.00E+00  0.000000E+00 0.00E+00  0.000000E+00 0.00E+00  1.867144E-08 5.60E-08
   56 M4 O2  7.8234E+02  0.000000E+00 0.00E+00  0.000000E+00 0.00E+00  1.091021E-11 3.27E-11  1.091021E-11 3.27E-11  1.091021E-11 3.27E-11
   56 M3 N1  8.0065E+02  0.000000E+00 0.00E+00  0.000000E+00 0.00E+00  1.091021E-11 3.27E-11  1.091021E-11 3.27E-11  1.091021E-11 3.27E-11
   56 M2 N1  8.7585E+02  0.000000E+00 0.00E+00  0.000000E+00 0.00E+00  1.091021E-11 3.27E-11  1.091021E-11 3.27E-11  1.091021E-11 3.27E-11
   56 M3 N5  9.5754E+02  0.000000E+00 0.00E+00  0.000000E+00 0.00E+00  2.182041E-11 4.63E-11  2.182041E-11 4.63E-11  2.182041E-11 4.63E-11
   33 L3 M1  1.1198E+03  0.000000E+00 0.00E+00  0.000000E+00 0.00E+00  1.091021E-11 3.27E-11  1.091021E-11 3.27E-11  1.091021E-11 3.27E-11
   33 L2 M1  1.1550E+03  0.000000E+00 0.00E+00  0.000000E+00 0.00E+00  1.091021E-11 3.27E-11  1.091021E-11 3.27E-11  1.091021E-11 3.27E-11
   12  K L2  1.2534E+03  9.149006E-07 3.92E-07  1.748498E-09 5.25E-09  1.461968E-09 3.79E-10  3.210465E-09 5.62E-09  9.181110E-07 3.92E-07
   12  K L3  1.2537E+03  1.493715E-06 5.01E-07  2.114571E-08 1.82E-08  2.449916E-09 4.90E-10  2.359563E-08 1.87E-08  1.517311E-06 5.01E-07
   33 L3 M4  1.2820E+03  1.867144E-08 5.60E-08  0.000000E+00 0.00E+00  0.000000E+00 0.00E+00  0.000000E+00 0.00E+00  1.867144E-08 5.60E-08
   33 L3 M5  1.2820E+03  0.000000E+00 0.00E+00  0.000000E+00 0.00E+00  7.637145E-11 8.66E-11  7.637145E-11 8.66E-11  7.637145E-11 8.66E-11
   33 L2 M4  1.3170E+03  1.867144E-08 5.60E-08  0.000000E+00 0.00E+00  2.182041E-11 4.63E-11  2.182041E-11 4.63E-11  1.869326E-08 5.60E-08
   13  K L2  1.4863E+03  9.671872E-06 1.27E-06  1.313011E-07 4.54E-08  2.097143E-08 1.43E-09  1.522725E-07 4.69E-08  9.824144E-06 1.28E-06
   13  K L3  1.4867E+03  1.784996E-05 1.73E-06  3.009054E-07 6.88E-08  4.188343E-08 2.03E-09  3.427888E-07 7.08E-08  1.819275E-05 1.73E-06
   13  K M3  1.5576E+03  3.734288E-08 7.92E-08  0.000000E+00 0.00E+00  1.963837E-10 1.39E-10  1.963837E-10 1.39E-10  3.753926E-08 7.92E-08
   13  K M2  1.5576E+03  1.867144E-08 5.60E-08  0.000000E+00 0.00E+00  1.418327E-10 1.18E-10  1.418327E-10 1.18E-10  1.881327E-08 5.60E-08
   38 L3 M1  1.5822E+03  1.120286E-07 1.37E-07  0.000000E+00 0.00E+00  2.133234E-10 1.44E-10  2.133234E-10 1.44E-10  1.122420E-07 1.37E-07
   38 L2 M1  1.6493E+03  7.468576E-08 1.12E-07  0.000000E+00 0.00E+00  1.200123E-10 1.09E-10  1.200123E-10 1.09E-10  7.480577E-08 1.12E-07
   14  K L2  1.7394E+03  3.105071E-05 2.28E-06  1.923348E-08 1.74E-08  7.843894E-08 2.78E-09  9.767241E-08 2.02E-08  3.114838E-05 2.28E-06
   14  K L3  1.7400E+03  6.185883E-05 3.23E-06  3.322146E-08 2.29E-08  1.562626E-07 3.93E-09  1.894841E-07 2.68E-08  6.204831E-05 3.23E-06
   40 L3 M1  1.7921E+03  0.000000E+00 0.00E+00  0.000000E+00 0.00E+00  2.182041E-11 4.63E-11  2.182041E-11 4.63E-11  2.182041E-11 4.63E-11
   38 L3 M4  1.8048E+03  1.120286E-07 1.37E-07  0.000000E+00 0.00E+00  2.291143E-10 1.50E-10  2.291143E-10 1.50E-10  1.122578E-07 1.37E-07
   38 L3 M5  1.8066E+03  9.522435E-07 4.00E-07  0.000000E+00 0.00E+00  2.024418E-09 4.46E-10  2.024418E-09 4.46E-10  9.542679E-07 4.00E-07
   14  K M3  1.8360E+03  1.026929E-06 4.15E-07  0.000000E+00 0.00E+00  2.704297E-09 5.13E-10  2.704297E-09 5.13E-10  1.029634E-06 4.15E-07
   14  K M2  1.8360E+03  5.041289E-07 2.91E-07  0.000000E+00 0.00E+00  1.615859E-09 3.98E-10  1.615859E-09 3.98E-10  5.057447E-07 2.91E-07
   38 L2 M4  1.8717E+03  2.427287E-07 2.02E-07  0.000000E+00 0.00E+00  5.673307E-10 2.36E-10  5.673307E-10 2.36E-10  2.432961E-07 2.02E-07
   38 L1 M2  1.9364E+03  0.000000E+00 0.00E+00  0.000000E+00 0.00E+00  2.182041E-11 4.63E-11  2.182041E-11 4.63E-11  2.182041E-11 4.63E-11
   38 L1 M3  1.9472E+03  1.867144E-08 5.60E-08  0.000000E+00 0.00E+00  5.455103E-11 7.32E-11  5.455103E-11 7.32E-11  1.872599E-08 5.60E-08
   40 L3 M5  2.0425E+03  0.000000E+00 0.00E+00  0.000000E+00 0.00E+00  2.182041E-11 4.63E-11  2.182041E-11 4.63E-11  2.182041E-11 4.63E-11
   40 L2 M4  2.1244E+03  1.867144E-08 5.60E-08  0.000000E+00 0.00E+00  3.273062E-11 5.67E-11  3.273062E-11 5.67E-11  1.870417E-08 5.60E-08
   38 L1 N2  2.1716E+03  0.000000E+00 0.00E+00  0.000000E+00 0.00E+00  1.091021E-11 3.27E-11  1.091021E-11 3.27E-11  1.091021E-11 3.27E-11
   38 L1 N3  2.1729E+03  0.000000E+00 0.00E+00  0.000000E+00 0.00E+00  3.273062E-11 5.67E-11  3.273062E-11 5.67E-11  3.273062E-11 5.67E-11
   40 L1 N2  2.4760E+03  0.000000E+00 0.00E+00  0.000000E+00 0.00E+00  1.091021E-11 3.27E-11  1.091021E-11 3.27E-11  1.091021E-11 3.27E-11
   50 L3 M1  3.0450E+03  3.734288E-08 7.92E-08  0.000000E+00 0.00E+00  5.455103E-11 7.32E-11  5.455103E-11 7.32E-11  3.739743E-08 7.92E-08
   51 L3 M1  3.1886E+03  0.000000E+00 0.00E+00  0.000000E+00 0.00E+00  6.546124E-11 8.02E-11  6.546124E-11 8.02E-11  6.546124E-11 8.02E-11
   50 L2 M1  3.2724E+03  0.000000E+00 0.00E+00  0.000000E+00 0.00E+00  2.182041E-11 4.63E-11  2.182041E-11 4.63E-11  2.182041E-11 4.63E-11
   50 L3 M4  3.4374E+03  0.000000E+00 0.00E+00  0.000000E+00 0.00E+00  5.455103E-11 7.32E-11  5.455103E-11 7.32E-11  5.455103E-11 7.32E-11
   50 L3 M5  3.4440E+03  5.601432E-08 9.70E-08  0.000000E+00 0.00E+00  6.388214E-10 2.50E-10  6.388214E-10 2.50E-10  5.665314E-08 9.70E-08
   51 L3 M4  3.5954E+03  0.000000E+00 0.00E+00  0.000000E+00 0.00E+00  5.455103E-11 7.32E-11  5.455103E-11 7.32E-11  5.455103E-11 7.32E-11
   51 L3 M5  3.6048E+03  3.734288E-08 7.92E-08  0.000000E+00 0.00E+00  2.727552E-10 1.64E-10  2.727552E-10 1.64E-10  3.761564E-08 7.92E-08
   50 L2 M4  3.6628E+03  0.000000E+00 0.00E+00  0.000000E+00 0.00E+00  3.163960E-10 1.76E-10  3.163960E-10 1.76E-10  3.163960E-10 1.76E-10
   20  K L2  3.6881E+03  2.184569E-06 6.06E-07  0.000000E+00 0.00E+00  2.686753E-08 1.63E-09  2.686753E-08 1.63E-09  2.211437E-06 6.06E-07
   20  K L3  3.6917E+03  3.977017E-06 8.17E-07  0.000000E+00 0.00E+00  5.303538E-08 2.29E-09  5.303538E-08 2.29E-09  4.030052E-06 8.17E-07
   50 L1 M2  3.7083E+03  0.000000E+00 0.00E+00  0.000000E+00 0.00E+00  6.546124E-11 8.02E-11  6.546124E-11 8.02E-11  6.546124E-11 8.02E-11
   50 L1 M3  3.7504E+03  0.000000E+00 0.00E+00  0.000000E+00 0.00E+00  9.819186E-11 9.82E-11  9.819186E-11 9.82E-11  9.819186E-11 9.82E-11
   50 L3 N1  3.7840E+03  0.000000E+00 0.00E+00  0.000000E+00 0.00E+00  1.091021E-11 3.27E-11  1.091021E-11 3.27E-11  1.091021E-11 3.27E-11
   51 L2 M4  3.8436E+03  0.000000E+00 0.00E+00  0.000000E+00 0.00E+00  1.418327E-10 1.18E-10  1.418327E-10 1.18E-10  1.418327E-10 1.18E-10
   51 L1 M2  3.8864E+03  0.000000E+00 0.00E+00  0.000000E+00 0.00E+00  3.273062E-11 5.67E-11  3.273062E-11 5.67E-11  3.273062E-11 5.67E-11
   50 L3 N4  3.8933E+03  0.000000E+00 0.00E+00  0.000000E+00 0.00E+00  1.091021E-11 3.27E-11  1.091021E-11 3.27E-11  1.091021E-11 3.27E-11
   50 L3 N5  3.8944E+03  3.734288E-08 7.92E-08  0.000000E+00 0.00E+00  3.273062E-11 5.67E-11  3.273062E-11 5.67E-11  3.737561E-08 7.92E-08
   51 L1 M3  3.9327E+03  0.000000E+00 0.00E+00  0.000000E+00 0.00E+00  1.091021E-11 3.27E-11  1.091021E-11 3.27E-11  1.091021E-11 3.27E-11
   56 L3 M1  3.9542E+03  1.867144E-08 5.60E-08  0.000000E+00 0.00E+00  7.637145E-11 8.66E-11  7.637145E-11 8.66E-11  1.874781E-08 5.60E-08
   20  K M2  4.0128E+03  2.427287E-07 2.02E-07  0.000000E+00 0.00E+00  3.422073E-09 5.79E-10  3.422073E-09 5.79E-10  2.461508E-07 2.02E-07
   20  K M3  4.0128E+03  4.107826E-07 2.63E-07  0.000000E+00 0.00E+00  6.799356E-09 8.16E-10  6.799356E-09 8.16E-10  4.175820E-07 2.63E-07
   51 L3 N4  4.0886E+03  0.000000E+00 0.00E+00  0.000000E+00 0.00E+00  2.182041E-11 4.63E-11  2.182041E-11 4.63E-11  2.182041E-11 4.63E-11
   51 L3 N5  4.0899E+03  0.000000E+00 0.00E+00  0.000000E+00 0.00E+00  1.091021E-11 3.27E-11  1.091021E-11 3.27E-11  1.091021E-11 3.27E-11
   50 L2 N4  4.1273E+03  0.000000E+00 0.00E+00  0.000000E+00 0.00E+00  3.273062E-11 5.67E-11  3.273062E-11 5.67E-11  3.273062E-11 5.67E-11
   50 L1 N2  4.3367E+03  0.000000E+00 0.00E+00  0.000000E+00 0.00E+00  1.091021E-11 3.27E-11  1.091021E-11 3.27E-11  1.091021E-11 3.27E-11
   51 L2 N4  4.3441E+03  0.000000E+00 0.00E+00  0.000000E+00 0.00E+00  2.182041E-11 4.63E-11  2.182041E-11 4.63E-11  2.182041E-11 4.63E-11
   50 L1 N3  4.3445E+03  0.000000E+00 0.00E+00  0.000000E+00 0.00E+00  2.182041E-11 4.63E-11  2.182041E-11 4.63E-11  2.182041E-11 4.63E-11
   56 L3 M4  4.4509E+03  1.867144E-08 5.60E-08  0.000000E+00 0.00E+00  8.728165E-11 9.26E-11  8.728165E-11 9.26E-11  1.875872E-08 5.60E-08
   56 L3 M5  4.4663E+03  9.335720E-08 1.25E-07  0.000000E+00 0.00E+00  5.733602E-10 2.37E-10  5.733602E-10 2.37E-10  9.393056E-08 1.25E-07
   22  K L2  4.5049E+03  0.000000E+00 0.00E+00  0.000000E+00 0.00E+00  1.200123E-10 1.09E-10  1.200123E-10 1.09E-10  1.200123E-10 1.09E-10
   22  K L3  4.5109E+03  3.734288E-08 7.92E-08  0.000000E+00 0.00E+00  3.600368E-10 1.88E-10  3.600368E-10 1.88E-10  3.770292E-08 7.92E-08
   51 L1 N2  4.5567E+03  0.000000E+00 0.00E+00  0.000000E+00 0.00E+00  1.091021E-11 3.27E-11  1.091021E-11 3.27E-11  1.091021E-11 3.27E-11
   56 L2 M4  4.8276E+03  0.000000E+00 0.00E+00  0.000000E+00 0.00E+00  4.691389E-10 2.15E-10  4.691389E-10 2.15E-10  4.691389E-10 2.15E-10
   56 L1 M2  4.8520E+03  1.867144E-08 5.60E-08  0.000000E+00 0.00E+00  4.364083E-11 6.55E-11  4.364083E-11 6.55E-11  1.871508E-08 5.60E-08
   56 L1 M3  4.9270E+03  0.000000E+00 0.00E+00  0.000000E+00 0.00E+00  6.546124E-11 8.02E-11  6.546124E-11 8.02E-11  6.546124E-11 8.02E-11
   22  K M3  4.9318E+03  0.000000E+00 0.00E+00  0.000000E+00 0.00E+00  1.091021E-11 3.27E-11  1.091021E-11 3.27E-11  1.091021E-11 3.27E-11
   56 L3 N4  5.1412E+03  1.867144E-08 5.60E-08  0.000000E+00 0.00E+00  0.000000E+00 0.00E+00  0.000000E+00 0.00E+00  1.867144E-08 5.60E-08
   56 L3 N5  5.1439E+03  0.000000E+00 0.00E+00  0.000000E+00 0.00E+00  1.200123E-10 1.09E-10  1.200123E-10 1.09E-10  1.200123E-10 1.09E-10
   56 L2 N4  5.5281E+03  1.867144E-08 5.60E-08  0.000000E+00 0.00E+00  1.091021E-10 1.04E-10  1.091021E-10 1.04E-10  1.878054E-08 5.60E-08
   56 L2 O1  5.5919E+03  0.000000E+00 0.00E+00  0.000000E+00 0.00E+00  1.091021E-11 3.27E-11  1.091021E-11 3.27E-11  1.091021E-11 3.27E-11
   56 L1 N2  5.7566E+03  0.000000E+00 0.00E+00  0.000000E+00 0.00E+00  1.091021E-11 3.27E-11  1.091021E-11 3.27E-11  1.091021E-11 3.27E-11
   56 L1 N3  5.7724E+03  0.000000E+00 0.00E+00  0.000000E+00 0.00E+00  2.182041E-11 4.63E-11  2.182041E-11 4.63E-11  2.182041E-11 4.63E-11
   26  K L2  6.3910E+03  0.000000E+00 0.00E+00  0.000000E+00 0.00E+00  4.582287E-10 2.12E-10  4.582287E-10 2.12E-10  4.582287E-10 2.12E-10
   26  K L3  6.4040E+03  0.000000E+00 0.00E+00  0.000000E+00 0.00E+00  7.964451E-10 2.80E-10  7.964451E-10 2.80E-10  7.964451E-10 2.80E-10
   26  K M2  7.0582E+03  0.000000E+00 0.00E+00  0.000000E+00 0.00E+00  6.546124E-11 8.02E-11  6.546124E-11 8.02E-11  6.546124E-11 8.02E-11
   26  K M3  7.0582E+03  0.000000E+00 0.00E+00  0.000000E+00 0.00E+00  5.455103E-11 7.32E-11  5.455103E-11 7.32E-11  5.455103E-11 7.32E-11
   33  K L2  1.0508E+04  0.000000E+00 0.00E+00  0.000000E+00 0.00E+00  1.636531E-10 1.27E-10  1.636531E-10 1.27E-10  1.636531E-10 1.27E-10
   33  K L3  1.0543E+04  0.000000E+00 0.00E+00  0.000000E+00 0.00E+00  2.133234E-10 1.44E-10  2.133234E-10 1.44E-10  2.133234E-10 1.44E-10
   33  K M2  1.1720E+04  0.000000E+00 0.00E+00  0.000000E+00 0.00E+00  4.364083E-11 6.55E-11  4.364083E-11 6.55E-11  4.364083E-11 6.55E-11
   33  K M3  1.1726E+04  0.000000E+00 0.00E+00  0.000000E+00 0.00E+00  3.876007E-11 5.95E-11  3.876007E-11 5.95E-11  3.876007E-11 5.95E-11
