# Generated by the NIST EPQ Library
# On Jun 21, 2020
# By jrminter
# NOTE: TO SAVE FILES AS ENCAPSULATED POST SCRIPT FILES, OR AS OTHER FILE FORMATS,
#     COMMENT OUT THE "TERMINAL WINDOW" SECTION, SET THE TERMINAL AS
#     THE CHOSEN TYPE, AND SET THE OUTPUT.
# set terminal postscript enhanced "Times-Roman" 12
# set terminal png
set terminal window
unset logscale xy
set xrange [0.0:20000.0]
set yrange [0.0:4100.0]
set xlabel "(Energy) eV" font "Arial,16"
set ylabel "" font "Arial,16"
set format x "%g"
set format y "%g"
unset label
# O K?
set label 1 "O K?" at first 524.9,876.0 center
# C K?
set label 2 "C K?" at first 281.8,1330.0 center
# Cu L?
set label 3 "Cu L?" at first 929.5,103932.0 center
# Cu K?
set label 4 "Cu K?" at first 8905.3,3732.5 center
# Cu K?
set label 5 "Cu K?" at first 8905.3,2115.8 center
# Cu K?
set label 6 "Cu K?" at first 8027.9,13484.6 center
# O K?
set label 7 "O K?" at first 524.9,1670.0 center
# Cu L?
set label 8 "Cu L?" at first 929.5,10082.8 center
# C K?
set label 9 "C K?" at first 277.4,706.0 center
# Cu K?
set label 10 "Cu K?" at first 8047.8,26157.0 center
plot "-" with lines  title "Cu-20kV-BM-5eV-4K-100s", "-" with impulses lt -1 notitle
# Cu-20kV-BM-5eV-4K-100s
-0.5, 1332.0
4.5, 1533.0
9.5, 1681.0
14.5, 1822.0
19.6, 1987.0
24.6, 2162.0
29.6, 2217.0
34.6, 2289.0
39.6, 2413.0
44.6, 2260.0
49.6, 2119.0
54.6, 1893.0
59.6, 1665.0
64.6, 1312.0
69.6, 981.0
74.6, 858.0
79.6, 604.0
84.6, 479.0
89.6, 418.0
94.6, 360.0
99.6, 311.0
104.6, 322.0
109.6, 332.0
114.6, 287.0
119.6, 288.0
124.6, 291.0
129.6, 295.0
134.6, 295.0
139.6, 290.0
144.6, 261.0
149.6, 304.0
154.6, 271.0
159.6, 328.0
164.6, 254.0
169.6, 279.0
174.6, 292.0
179.6, 293.0
184.6, 299.0
189.7, 303.0
194.7, 313.0
199.7, 301.0
204.7, 303.0
209.7, 306.0
214.7, 357.0
219.7, 391.0
224.7, 412.0
229.7, 484.0
234.7, 579.0
239.7, 612.0
244.7, 747.0
249.7, 826.0
254.7, 949.0
259.7, 1049.0
264.7, 1161.0
269.7, 1160.0
274.7, 1248.0
279.7, 1145.0
284.7, 1091.0
289.7, 999.0
294.7, 959.0
299.7, 811.0
304.7, 701.0
309.7, 574.0
314.7, 525.0
319.7, 448.0
324.7, 376.0
329.7, 378.0
334.7, 369.0
339.7, 361.0
344.7, 329.0
349.7, 389.0
354.7, 368.0
359.7, 386.0
364.8, 385.0
369.8, 437.0
374.8, 450.0
379.8, 441.0
384.8, 464.0
389.8, 469.0
394.8, 501.0
399.8, 522.0
404.8, 530.0
409.8, 540.0
414.8, 569.0
419.8, 612.0
424.8, 594.0
429.8, 598.0
434.8, 627.0
439.8, 648.0
444.8, 696.0
449.8, 712.0
454.8, 765.0
459.8, 795.0
464.8, 797.0
469.8, 857.0
474.8, 956.0
479.8, 981.0
484.8, 1028.0
489.8, 1126.0
494.8, 1233.0
499.8, 1353.0
504.8, 1450.0
509.8, 1469.0
514.8, 1490.0
519.8, 1567.0
524.8, 1588.0
529.8, 1548.0
534.9, 1483.0
539.9, 1378.0
544.9, 1422.0
549.9, 1292.0
554.9, 1221.0
559.9, 1171.0
564.9, 1113.0
569.9, 1108.0
574.9, 1045.0
579.9, 1019.0
584.9, 1041.0
589.9, 1031.0
594.9, 1082.0
599.9, 1142.0
604.9, 1162.0
609.9, 1156.0
614.9, 1190.0
619.9, 1277.0
624.9, 1140.0
629.9, 1230.0
634.9, 1334.0
639.9, 1352.0
644.9, 1360.0
649.9, 1431.0
654.9, 1487.0
659.9, 1458.0
664.9, 1475.0
669.9, 1568.0
674.9, 1656.0
679.9, 1617.0
684.9, 1639.0
689.9, 1708.0
694.9, 1743.0
699.9, 1804.0
704.9, 1804.0
710.0, 1888.0
715.0, 1988.0
720.0, 1970.0
725.0, 2174.0
730.0, 2288.0
735.0, 2367.0
740.0, 2503.0
745.0, 2802.0
750.0, 3091.0
755.0, 3340.0
760.0, 3897.0
765.0, 4539.0
770.0, 5035.0
775.0, 6004.0
780.0, 6859.0
785.0, 8044.0
790.0, 8865.0
795.0, 9787.0
800.0, 10534.0
805.0, 11457.0
810.0, 11791.0
815.0, 12088.0
820.0, 12040.0
825.0, 12147.0
830.0, 11648.0
835.0, 11151.0
840.0, 10517.0
845.0, 10315.0
850.0, 10132.0
855.0, 10333.0
860.0, 11402.0
865.0, 13067.0
870.0, 15809.0
875.0, 19547.0
880.1, 24800.0
885.1, 31312.0
890.1, 39208.0
895.1, 48359.0
900.1, 57757.0
905.1, 68565.0
910.1, 79012.0
915.1, 88149.0
920.1, 95951.0
925.1, 100830.0
930.1, 103850.0
935.1, 103615.0
940.1, 100882.0
945.1, 95153.0
950.1, 87108.0
955.1, 77555.0
960.1, 67439.0
965.1, 57187.0
970.1, 46600.0
975.1, 37415.0
980.1, 29015.0
985.1, 22321.0
990.1, 16702.0
995.1, 12224.0
1000.1, 8873.0
1005.1, 6375.0
1010.1, 4507.0
1015.1, 3334.0
1020.1, 2469.0
1025.1, 1905.0
1030.1, 1483.0
1035.1, 1248.0
1040.1, 1093.0
1045.1, 935.0
1050.2, 848.0
1055.2, 790.0
1060.2, 725.0
1065.2, 665.0
1070.2, 583.0
1075.2, 619.0
1080.2, 620.0
1085.2, 554.0
1090.2, 530.0
1095.2, 539.0
1100.2, 501.0
1105.2, 556.0
1110.2, 543.0
1115.2, 486.0
1120.2, 507.0
1125.2, 494.0
1130.2, 493.0
1135.2, 490.0
1140.2, 548.0
1145.2, 524.0
1150.2, 509.0
1155.2, 535.0
1160.2, 562.0
1165.2, 545.0
1170.2, 569.0
1175.2, 560.0
1180.2, 562.0
1185.2, 566.0
1190.2, 575.0
1195.2, 568.0
1200.2, 570.0
1205.2, 600.0
1210.2, 578.0
1215.2, 623.0
1220.2, 592.0
1225.3, 625.0
1230.3, 629.0
1235.3, 637.0
1240.3, 623.0
1245.3, 658.0
1250.3, 625.0
1255.3, 588.0
1260.3, 640.0
1265.3, 646.0
1270.3, 606.0
1275.3, 632.0
1280.3, 656.0
1285.3, 673.0
1290.3, 652.0
1295.3, 640.0
1300.3, 669.0
1305.3, 695.0
1310.3, 687.0
1315.3, 654.0
1320.3, 680.0
1325.3, 671.0
1330.3, 661.0
1335.3, 652.0
1340.3, 651.0
1345.3, 679.0
1350.3, 663.0
1355.3, 703.0
1360.3, 656.0
1365.3, 674.0
1370.3, 685.0
1375.3, 684.0
1380.3, 705.0
1385.3, 727.0
1390.3, 726.0
1395.4, 698.0
1400.4, 702.0
1405.4, 733.0
1410.4, 753.0
1415.4, 734.0
1420.4, 763.0
1425.4, 842.0
1430.4, 833.0
1435.4, 867.0
1440.4, 912.0
1445.4, 967.0
1450.4, 968.0
1455.4, 1071.0
1460.4, 1105.0
1465.4, 1124.0
1470.4, 1190.0
1475.4, 1206.0
1480.4, 1206.0
1485.4, 1257.0
1490.4, 1273.0
1495.4, 1229.0
1500.4, 1192.0
1505.4, 1232.0
1510.4, 1221.0
1515.4, 1122.0
1520.4, 1041.0
1525.4, 1065.0
1530.4, 1071.0
1535.4, 964.0
1540.4, 909.0
1545.4, 930.0
1550.4, 936.0
1555.4, 879.0
1560.4, 885.0
1565.5, 807.0
1570.5, 804.0
1575.5, 823.0
1580.5, 823.0
1585.5, 777.0
1590.5, 815.0
1595.5, 824.0
1600.5, 830.0
1605.5, 803.0
1610.5, 808.0
1615.5, 776.0
1620.5, 815.0
1625.5, 821.0
1630.5, 880.0
1635.5, 885.0
1640.5, 887.0
1645.5, 858.0
1650.5, 853.0
1655.5, 888.0
1660.5, 875.0
1665.5, 852.0
1670.5, 881.0
1675.5, 867.0
1680.5, 878.0
1685.5, 898.0
1690.5, 862.0
1695.5, 896.0
1700.5, 946.0
1705.5, 937.0
1710.5, 1008.0
1715.5, 962.0
1720.5, 996.0
1725.5, 996.0
1730.5, 1038.0
1735.5, 1033.0
1740.6, 1039.0
1745.6, 1036.0
1750.6, 1012.0
1755.6, 1054.0
1760.6, 988.0
1765.6, 994.0
1770.6, 1066.0
1775.6, 1045.0
1780.6, 1070.0
1785.6, 1060.0
1790.6, 1116.0
1795.6, 1115.0
1800.6, 1028.0
1805.6, 1079.0
1810.6, 1092.0
1815.6, 1199.0
1820.6, 1175.0
1825.6, 1201.0
1830.6, 1239.0
1835.6, 1308.0
1840.6, 1352.0
1845.6, 1312.0
1850.6, 1326.0
1855.6, 1339.0
1860.6, 1352.0
1865.6, 1402.0
1870.6, 1397.0
1875.6, 1335.0
1880.6, 1337.0
1885.6, 1318.0
1890.6, 1286.0
1895.6, 1236.0
1900.6, 1218.0
1905.6, 1172.0
1910.7, 1197.0
1915.7, 1092.0
1920.7, 1091.0
1925.7, 1069.0
1930.7, 1040.0
1935.7, 1034.0
1940.7, 1009.0
1945.7, 1004.0
1950.7, 1006.0
1955.7, 1008.0
1960.7, 1019.0
1965.7, 992.0
1970.7, 976.0
1975.7, 964.0
1980.7, 995.0
1985.7, 995.0
1990.7, 990.0
1995.7, 1012.0
2000.7, 959.0
2005.7, 947.0
2010.7, 932.0
2015.7, 987.0
2020.7, 994.0
2025.7, 985.0
2030.7, 972.0
2035.7, 972.0
2040.7, 1015.0
2045.7, 1004.0
2050.7, 1009.0
2055.7, 980.0
2060.7, 1004.0
2065.7, 988.0
2070.7, 960.0
2075.7, 999.0
2080.7, 1000.0
2085.8, 1008.0
2090.8, 997.0
2095.8, 1049.0
2100.8, 1041.0
2105.8, 1031.0
2110.8, 1006.0
2115.8, 1038.0
2120.8, 1040.0
2125.8, 1035.0
2130.8, 1022.0
2135.8, 1054.0
2140.8, 1046.0
2145.8, 1092.0
2150.8, 1027.0
2155.8, 1010.0
2160.8, 1011.0
2165.8, 1070.0
2170.8, 1072.0
2175.8, 1048.0
2180.8, 1081.0
2185.8, 1049.0
2190.8, 1005.0
2195.8, 1044.0
2200.8, 1057.0
2205.8, 1072.0
2210.8, 1057.0
2215.8, 1048.0
2220.8, 1047.0
2225.8, 1084.0
2230.8, 1088.0
2235.8, 1086.0
2240.8, 1083.0
2245.8, 1079.0
2250.8, 1053.0
2255.9, 1107.0
2260.9, 1105.0
2265.9, 1115.0
2270.9, 1163.0
2275.9, 1137.0
2280.9, 1077.0
2285.9, 1089.0
2290.9, 1138.0
2295.9, 1093.0
2300.9, 1123.0
2305.9, 1100.0
2310.9, 1182.0
2315.9, 1113.0
2320.9, 1118.0
2325.9, 1134.0
2330.9, 1098.0
2335.9, 1102.0
2340.9, 1147.0
2345.9, 1126.0
2350.9, 1143.0
2355.9, 1163.0
2360.9, 1162.0
2365.9, 1110.0
2370.9, 1158.0
2375.9, 1105.0
2380.9, 1100.0
2385.9, 1121.0
2390.9, 1144.0
2395.9, 1125.0
2400.9, 1125.0
2405.9, 1125.0
2410.9, 1093.0
2415.9, 1139.0
2420.9, 1107.0
2426.0, 1123.0
2431.0, 1126.0
2436.0, 1150.0
2441.0, 1102.0
2446.0, 1138.0
2451.0, 1127.0
2456.0, 1148.0
2461.0, 1173.0
2466.0, 1103.0
2471.0, 1140.0
2476.0, 1116.0
2481.0, 1106.0
2486.0, 1131.0
2491.0, 1139.0
2496.0, 1124.0
2501.0, 1110.0
2506.0, 1141.0
2511.0, 1122.0
2516.0, 1126.0
2521.0, 1166.0
2526.0, 1181.0
2531.0, 1156.0
2536.0, 1121.0
2541.0, 1137.0
2546.0, 1170.0
2551.0, 1136.0
2556.0, 1097.0
2561.0, 1130.0
2566.0, 1131.0
2571.0, 1144.0
2576.0, 1132.0
2581.0, 1123.0
2586.0, 1147.0
2591.0, 1134.0
2596.0, 1199.0
2601.1, 1164.0
2606.1, 1167.0
2611.1, 1164.0
2616.1, 1133.0
2621.1, 1134.0
2626.1, 1147.0
2631.1, 1157.0
2636.1, 1134.0
2641.1, 1163.0
2646.1, 1137.0
2651.1, 1133.0
2656.1, 1135.0
2661.1, 1125.0
2666.1, 1150.0
2671.1, 1165.0
2676.1, 1167.0
2681.1, 1165.0
2686.1, 1181.0
2691.1, 1123.0
2696.1, 1151.0
2701.1, 1121.0
2706.1, 1101.0
2711.1, 1115.0
2716.1, 1127.0
2721.1, 1113.0
2726.1, 1151.0
2731.1, 1116.0
2736.1, 1150.0
2741.1, 1128.0
2746.1, 1133.0
2751.1, 1155.0
2756.1, 1119.0
2761.1, 1148.0
2766.1, 1172.0
2771.2, 1153.0
2776.2, 1145.0
2781.2, 1203.0
2786.2, 1119.0
2791.2, 1114.0
2796.2, 1148.0
2801.2, 1148.0
2806.2, 1130.0
2811.2, 1115.0
2816.2, 1113.0
2821.2, 1059.0
2826.2, 1140.0
2831.2, 1119.0
2836.2, 1109.0
2841.2, 1095.0
2846.2, 1095.0
2851.2, 1098.0
2856.2, 1172.0
2861.2, 1167.0
2866.2, 1118.0
2871.2, 1138.0
2876.2, 1166.0
2881.2, 1155.0
2886.2, 1136.0
2891.2, 1106.0
2896.2, 1115.0
2901.2, 1134.0
2906.2, 1127.0
2911.2, 1112.0
2916.2, 1126.0
2921.2, 1108.0
2926.2, 1103.0
2931.2, 1118.0
2936.2, 1108.0
2941.2, 1118.0
2946.3, 1140.0
2951.3, 1128.0
2956.3, 1133.0
2961.3, 1158.0
2966.3, 1165.0
2971.3, 1123.0
2976.3, 1108.0
2981.3, 1117.0
2986.3, 1166.0
2991.3, 1162.0
2996.3, 1137.0
3001.3, 1083.0
3006.3, 1127.0
3011.3, 1146.0
3016.3, 1129.0
3021.3, 1130.0
3026.3, 1094.0
3031.3, 1126.0
3036.3, 1132.0
3041.3, 1073.0
3046.3, 1123.0
3051.3, 1118.0
3056.3, 1111.0
3061.3, 1103.0
3066.3, 1131.0
3071.3, 1103.0
3076.3, 1095.0
3081.3, 1079.0
3086.3, 1083.0
3091.3, 1130.0
3096.3, 1114.0
3101.3, 1113.0
3106.3, 1130.0
3111.3, 1077.0
3116.4, 1052.0
3121.4, 1048.0
3126.4, 1098.0
3131.4, 1130.0
3136.4, 1105.0
3141.4, 1108.0
3146.4, 1120.0
3151.4, 1124.0
3156.4, 1123.0
3161.4, 1135.0
3166.4, 1133.0
3171.4, 1115.0
3176.4, 1124.0
3181.4, 1064.0
3186.4, 1070.0
3191.4, 1096.0
3196.4, 1119.0
3201.4, 1131.0
3206.4, 1128.0
3211.4, 1091.0
3216.4, 1086.0
3221.4, 1084.0
3226.4, 1054.0
3231.4, 1094.0
3236.4, 1099.0
3241.4, 1105.0
3246.4, 1112.0
3251.4, 1094.0
3256.4, 1079.0
3261.4, 1091.0
3266.4, 1101.0
3271.4, 1114.0
3276.4, 1099.0
3281.4, 1109.0
3286.5, 1123.0
3291.5, 1110.0
3296.5, 1059.0
3301.5, 1083.0
3306.5, 1069.0
3311.5, 1072.0
3316.5, 1116.0
3321.5, 1143.0
3326.5, 1088.0
3331.5, 1071.0
3336.5, 1103.0
3341.5, 1073.0
3346.5, 1054.0
3351.5, 1101.0
3356.5, 1107.0
3361.5, 1112.0
3366.5, 1078.0
3371.5, 1089.0
3376.5, 1093.0
3381.5, 1076.0
3386.5, 1045.0
3391.5, 1085.0
3396.5, 1123.0
3401.5, 1082.0
3406.5, 1058.0
3411.5, 1105.0
3416.5, 1106.0
3421.5, 1087.0
3426.5, 1071.0
3431.5, 1098.0
3436.5, 1093.0
3441.5, 1091.0
3446.5, 1069.0
3451.5, 1053.0
3456.5, 1054.0
3461.6, 1070.0
3466.6, 1058.0
3471.6, 1057.0
3476.6, 1056.0
3481.6, 1030.0
3486.6, 1046.0
3491.6, 1036.0
3496.6, 1015.0
3501.6, 1024.0
3506.6, 1010.0
3511.6, 1026.0
3516.6, 1069.0
3521.6, 1082.0
3526.6, 1038.0
3531.6, 1034.0
3536.6, 1064.0
3541.6, 1058.0
3546.6, 1090.0
3551.6, 1063.0
3556.6, 1046.0
3561.6, 1066.0
3566.6, 1059.0
3571.6, 1056.0
3576.6, 1060.0
3581.6, 1038.0
3586.6, 1014.0
3591.6, 1031.0
3596.6, 1015.0
3601.6, 1019.0
3606.6, 1063.0
3611.6, 1040.0
3616.6, 1042.0
3621.6, 1049.0
3626.6, 1018.0
3631.7, 1002.0
3636.7, 1005.0
3641.7, 992.0
3646.7, 1039.0
3651.7, 1021.0
3656.7, 1008.0
3661.7, 1014.0
3666.7, 1009.0
3671.7, 1011.0
3676.7, 1026.0
3681.7, 1011.0
3686.7, 1026.0
3691.7, 985.0
3696.7, 947.0
3701.7, 1005.0
3706.7, 1038.0
3711.7, 1040.0
3716.7, 1033.0
3721.7, 1003.0
3726.7, 1013.0
3731.7, 988.0
3736.7, 968.0
3741.7, 1006.0
3746.7, 1041.0
3751.7, 1006.0
3756.7, 993.0
3761.7, 968.0
3766.7, 972.0
3771.7, 1020.0
3776.7, 1007.0
3781.7, 985.0
3786.7, 1026.0
3791.7, 1010.0
3796.7, 969.0
3801.7, 983.0
3806.8, 986.0
3811.8, 1005.0
3816.8, 1011.0
3821.8, 1005.0
3826.8, 1034.0
3831.8, 1048.0
3836.8, 999.0
3841.8, 916.0
3846.8, 925.0
3851.8, 965.0
3856.8, 972.0
3861.8, 973.0
3866.8, 960.0
3871.8, 999.0
3876.8, 989.0
3881.8, 961.0
3886.8, 957.0
3891.8, 952.0
3896.8, 945.0
3901.8, 960.0
3906.8, 967.0
3911.8, 960.0
3916.8, 931.0
3921.8, 945.0
3926.8, 969.0
3931.8, 959.0
3936.8, 974.0
3941.8, 1002.0
3946.8, 957.0
3951.8, 945.0
3956.8, 967.0
3961.8, 983.0
3966.8, 1003.0
3971.8, 949.0
3976.9, 921.0
3981.9, 944.0
3986.9, 955.0
3991.9, 933.0
3996.9, 941.0
4001.9, 928.0
4006.9, 921.0
4011.9, 955.0
4016.9, 960.0
4021.9, 931.0
4026.9, 934.0
4031.9, 942.0
4036.9, 911.0
4041.9, 947.0
4046.9, 968.0
4051.9, 954.0
4056.9, 975.0
4061.9, 955.0
4066.9, 928.0
4071.9, 945.0
4076.9, 951.0
4081.9, 941.0
4086.9, 934.0
4091.9, 950.0
4096.9, 938.0
4101.9, 883.0
4106.9, 893.0
4111.9, 950.0
4116.9, 941.0
4121.9, 916.0
4126.9, 894.0
4131.9, 882.0
4136.9, 914.0
4141.9, 926.0
4147.0, 926.0
4152.0, 904.0
4157.0, 901.0
4162.0, 907.0
4167.0, 892.0
4172.0, 877.0
4177.0, 899.0
4182.0, 912.0
4187.0, 869.0
4192.0, 889.0
4197.0, 921.0
4202.0, 886.0
4207.0, 873.0
4212.0, 908.0
4217.0, 883.0
4222.0, 865.0
4227.0, 895.0
4232.0, 907.0
4237.0, 917.0
4242.0, 915.0
4247.0, 910.0
4252.0, 889.0
4257.0, 869.0
4262.0, 923.0
4267.0, 906.0
4272.0, 867.0
4277.0, 890.0
4282.0, 913.0
4287.0, 910.0
4292.0, 898.0
4297.0, 892.0
4302.0, 882.0
4307.0, 901.0
4312.0, 923.0
4317.0, 881.0
4322.1, 855.0
4327.1, 882.0
4332.1, 884.0
4337.1, 860.0
4342.1, 866.0
4347.1, 901.0
4352.1, 878.0
4357.1, 820.0
4362.1, 865.0
4367.1, 915.0
4372.1, 862.0
4377.1, 862.0
4382.1, 863.0
4387.1, 848.0
4392.1, 884.0
4397.1, 851.0
4402.1, 840.0
4407.1, 865.0
4412.1, 857.0
4417.1, 854.0
4422.1, 854.0
4427.1, 853.0
4432.1, 846.0
4437.1, 850.0
4442.1, 863.0
4447.1, 856.0
4452.1, 868.0
4457.1, 864.0
4462.1, 871.0
4467.1, 893.0
4472.1, 841.0
4477.1, 840.0
4482.1, 869.0
4487.1, 857.0
4492.2, 853.0
4497.2, 859.0
4502.2, 854.0
4507.2, 853.0
4512.2, 880.0
4517.2, 869.0
4522.2, 851.0
4527.2, 848.0
4532.2, 846.0
4537.2, 856.0
4542.2, 833.0
4547.2, 830.0
4552.2, 843.0
4557.2, 846.0
4562.2, 848.0
4567.2, 841.0
4572.2, 827.0
4577.2, 812.0
4582.2, 823.0
4587.2, 855.0
4592.2, 850.0
4597.2, 857.0
4602.2, 875.0
4607.2, 825.0
4612.2, 812.0
4617.2, 818.0
4622.2, 816.0
4627.2, 821.0
4632.2, 816.0
4637.2, 840.0
4642.2, 849.0
4647.2, 825.0
4652.2, 798.0
4657.2, 771.0
4662.3, 793.0
4667.3, 826.0
4672.3, 820.0
4677.3, 790.0
4682.3, 819.0
4687.3, 835.0
4692.3, 787.0
4697.3, 769.0
4702.3, 775.0
4707.3, 782.0
4712.3, 782.0
4717.3, 785.0
4722.3, 756.0
4727.3, 776.0
4732.3, 781.0
4737.3, 749.0
4742.3, 783.0
4747.3, 804.0
4752.3, 787.0
4757.3, 782.0
4762.3, 813.0
4767.3, 812.0
4772.3, 790.0
4777.3, 801.0
4782.3, 783.0
4787.3, 777.0
4792.3, 785.0
4797.3, 786.0
4802.3, 783.0
4807.3, 786.0
4812.3, 799.0
4817.3, 801.0
4822.3, 797.0
4827.3, 767.0
4832.3, 790.0
4837.4, 836.0
4842.4, 787.0
4847.4, 806.0
4852.4, 812.0
4857.4, 742.0
4862.4, 737.0
4867.4, 773.0
4872.4, 789.0
4877.4, 768.0
4882.4, 751.0
4887.4, 773.0
4892.4, 758.0
4897.4, 779.0
4902.4, 794.0
4907.4, 785.0
4912.4, 803.0
4917.4, 773.0
4922.4, 757.0
4927.4, 768.0
4932.4, 770.0
4937.4, 758.0
4942.4, 766.0
4947.4, 735.0
4952.4, 728.0
4957.4, 742.0
4962.4, 752.0
4967.4, 779.0
4972.4, 775.0
4977.4, 756.0
4982.4, 741.0
4987.4, 787.0
4992.4, 785.0
4997.4, 749.0
5002.4, 755.0
5007.5, 728.0
5012.5, 720.0
5017.5, 758.0
5022.5, 778.0
5027.5, 735.0
5032.5, 700.0
5037.5, 722.0
5042.5, 725.0
5047.5, 725.0
5052.5, 745.0
5057.5, 725.0
5062.5, 734.0
5067.5, 764.0
5072.5, 742.0
5077.5, 742.0
5082.5, 728.0
5087.5, 732.0
5092.5, 749.0
5097.5, 712.0
5102.5, 730.0
5107.5, 733.0
5112.5, 716.0
5117.5, 733.0
5122.5, 770.0
5127.5, 745.0
5132.5, 695.0
5137.5, 733.0
5142.5, 779.0
5147.5, 762.0
5152.5, 737.0
5157.5, 714.0
5162.5, 707.0
5167.5, 701.0
5172.5, 719.0
5177.5, 728.0
5182.6, 710.0
5187.6, 754.0
5192.6, 731.0
5197.6, 728.0
5202.6, 736.0
5207.6, 703.0
5212.6, 688.0
5217.6, 704.0
5222.6, 708.0
5227.6, 680.0
5232.6, 710.0
5237.6, 733.0
5242.6, 748.0
5247.6, 761.0
5252.6, 762.0
5257.6, 752.0
5262.6, 726.0
5267.6, 703.0
5272.6, 673.0
5277.6, 681.0
5282.6, 694.0
5287.6, 727.0
5292.6, 698.0
5297.6, 696.0
5302.6, 708.0
5307.6, 728.0
5312.6, 733.0
5317.6, 720.0
5322.6, 692.0
5327.6, 679.0
5332.6, 719.0
5337.6, 719.0
5342.6, 711.0
5347.6, 711.0
5352.7, 681.0
5357.7, 689.0
5362.7, 695.0
5367.7, 677.0
5372.7, 705.0
5377.7, 702.0
5382.7, 694.0
5387.7, 680.0
5392.7, 688.0
5397.7, 698.0
5402.7, 687.0
5407.7, 679.0
5412.7, 684.0
5417.7, 674.0
5422.7, 688.0
5427.7, 715.0
5432.7, 719.0
5437.7, 708.0
5442.7, 705.0
5447.7, 675.0
5452.7, 671.0
5457.7, 674.0
5462.7, 690.0
5467.7, 693.0
5472.7, 692.0
5477.7, 660.0
5482.7, 646.0
5487.7, 682.0
5492.7, 679.0
5497.7, 678.0
5502.7, 689.0
5507.7, 673.0
5512.7, 654.0
5517.7, 669.0
5522.8, 652.0
5527.8, 665.0
5532.8, 685.0
5537.8, 678.0
5542.8, 642.0
5547.8, 657.0
5552.8, 667.0
5557.8, 633.0
5562.8, 631.0
5567.8, 648.0
5572.8, 681.0
5577.8, 654.0
5582.8, 634.0
5587.8, 662.0
5592.8, 663.0
5597.8, 640.0
5602.8, 657.0
5607.8, 685.0
5612.8, 694.0
5617.8, 689.0
5622.8, 675.0
5627.8, 659.0
5632.8, 672.0
5637.8, 656.0
5642.8, 613.0
5647.8, 646.0
5652.8, 664.0
5657.8, 653.0
5662.8, 669.0
5667.8, 660.0
5672.8, 617.0
5677.8, 647.0
5682.8, 670.0
5687.8, 662.0
5692.8, 641.0
5697.9, 650.0
5702.9, 667.0
5707.9, 657.0
5712.9, 652.0
5717.9, 648.0
5722.9, 683.0
5727.9, 651.0
5732.9, 639.0
5737.9, 637.0
5742.9, 620.0
5747.9, 602.0
5752.9, 631.0
5757.9, 637.0
5762.9, 632.0
5767.9, 651.0
5772.9, 650.0
5777.9, 652.0
5782.9, 650.0
5787.9, 645.0
5792.9, 614.0
5797.9, 630.0
5802.9, 640.0
5807.9, 610.0
5812.9, 650.0
5817.9, 647.0
5822.9, 614.0
5827.9, 649.0
5832.9, 633.0
5837.9, 592.0
5842.9, 614.0
5847.9, 636.0
5852.9, 650.0
5857.9, 662.0
5862.9, 675.0
5868.0, 639.0
5873.0, 623.0
5878.0, 627.0
5883.0, 641.0
5888.0, 619.0
5893.0, 604.0
5898.0, 604.0
5903.0, 578.0
5908.0, 607.0
5913.0, 614.0
5918.0, 623.0
5923.0, 606.0
5928.0, 595.0
5933.0, 628.0
5938.0, 614.0
5943.0, 609.0
5948.0, 612.0
5953.0, 604.0
5958.0, 615.0
5963.0, 628.0
5968.0, 617.0
5973.0, 573.0
5978.0, 577.0
5983.0, 633.0
5988.0, 631.0
5993.0, 639.0
5998.0, 587.0
6003.0, 613.0
6008.0, 593.0
6013.0, 595.0
6018.0, 621.0
6023.0, 628.0
6028.0, 613.0
6033.0, 593.0
6038.0, 603.0
6043.1, 612.0
6048.1, 614.0
6053.1, 569.0
6058.1, 572.0
6063.1, 616.0
6068.1, 570.0
6073.1, 588.0
6078.1, 598.0
6083.1, 614.0
6088.1, 627.0
6093.1, 592.0
6098.1, 603.0
6103.1, 602.0
6108.1, 591.0
6113.1, 581.0
6118.1, 602.0
6123.1, 556.0
6128.1, 566.0
6133.1, 587.0
6138.1, 586.0
6143.1, 592.0
6148.1, 581.0
6153.1, 588.0
6158.1, 594.0
6163.1, 567.0
6168.1, 556.0
6173.1, 613.0
6178.1, 580.0
6183.1, 615.0
6188.1, 611.0
6193.1, 575.0
6198.1, 585.0
6203.1, 574.0
6208.1, 582.0
6213.2, 605.0
6218.2, 629.0
6223.2, 593.0
6228.2, 614.0
6233.2, 632.0
6238.2, 627.0
6243.2, 628.0
6248.2, 614.0
6253.2, 631.0
6258.2, 645.0
6263.2, 636.0
6268.2, 615.0
6273.2, 644.0
6278.2, 661.0
6283.2, 662.0
6288.2, 631.0
6293.2, 622.0
6298.2, 618.0
6303.2, 596.0
6308.2, 624.0
6313.2, 617.0
6318.2, 641.0
6323.2, 637.0
6328.2, 587.0
6333.2, 614.0
6338.2, 608.0
6343.2, 597.0
6348.2, 595.0
6353.2, 597.0
6358.2, 599.0
6363.2, 607.0
6368.2, 585.0
6373.2, 603.0
6378.2, 602.0
6383.3, 592.0
6388.3, 572.0
6393.3, 545.0
6398.3, 547.0
6403.3, 557.0
6408.3, 558.0
6413.3, 558.0
6418.3, 567.0
6423.3, 560.0
6428.3, 555.0
6433.3, 553.0
6438.3, 563.0
6443.3, 554.0
6448.3, 522.0
6453.3, 566.0
6458.3, 565.0
6463.3, 553.0
6468.3, 545.0
6473.3, 563.0
6478.3, 591.0
6483.3, 558.0
6488.3, 556.0
6493.3, 558.0
6498.3, 554.0
6503.3, 520.0
6508.3, 553.0
6513.3, 561.0
6518.3, 566.0
6523.3, 570.0
6528.3, 551.0
6533.3, 552.0
6538.3, 543.0
6543.3, 535.0
6548.3, 525.0
6553.3, 582.0
6558.4, 551.0
6563.4, 520.0
6568.4, 539.0
6573.4, 504.0
6578.4, 514.0
6583.4, 496.0
6588.4, 545.0
6593.4, 538.0
6598.4, 509.0
6603.4, 494.0
6608.4, 513.0
6613.4, 532.0
6618.4, 525.0
6623.4, 549.0
6628.4, 538.0
6633.4, 545.0
6638.4, 549.0
6643.4, 522.0
6648.4, 525.0
6653.4, 538.0
6658.4, 531.0
6663.4, 508.0
6668.4, 508.0
6673.4, 507.0
6678.4, 506.0
6683.4, 514.0
6688.4, 570.0
6693.4, 554.0
6698.4, 516.0
6703.4, 503.0
6708.4, 503.0
6713.4, 497.0
6718.4, 497.0
6723.4, 487.0
6728.5, 493.0
6733.5, 505.0
6738.5, 527.0
6743.5, 520.0
6748.5, 542.0
6753.5, 527.0
6758.5, 486.0
6763.5, 544.0
6768.5, 530.0
6773.5, 493.0
6778.5, 534.0
6783.5, 523.0
6788.5, 517.0
6793.5, 514.0
6798.5, 530.0
6803.5, 522.0
6808.5, 512.0
6813.5, 505.0
6818.5, 483.0
6823.5, 540.0
6828.5, 505.0
6833.5, 488.0
6838.5, 502.0
6843.5, 492.0
6848.5, 509.0
6853.5, 544.0
6858.5, 527.0
6863.5, 511.0
6868.5, 510.0
6873.5, 481.0
6878.5, 495.0
6883.5, 507.0
6888.5, 527.0
6893.5, 537.0
6898.6, 551.0
6903.6, 466.0
6908.6, 490.0
6913.6, 504.0
6918.6, 527.0
6923.6, 464.0
6928.6, 462.0
6933.6, 502.0
6938.6, 510.0
6943.6, 523.0
6948.6, 516.0
6953.6, 487.0
6958.6, 491.0
6963.6, 491.0
6968.6, 507.0
6973.6, 504.0
6978.6, 478.0
6983.6, 495.0
6988.6, 486.0
6993.6, 492.0
6998.6, 510.0
7003.6, 477.0
7008.6, 473.0
7013.6, 477.0
7018.6, 486.0
7023.6, 470.0
7028.6, 479.0
7033.6, 481.0
7038.6, 493.0
7043.6, 474.0
7048.6, 460.0
7053.6, 532.0
7058.6, 472.0
7063.6, 468.0
7068.6, 499.0
7073.7, 460.0
7078.7, 460.0
7083.7, 501.0
7088.7, 491.0
7093.7, 490.0
7098.7, 486.0
7103.7, 464.0
7108.7, 450.0
7113.7, 440.0
7118.7, 458.0
7123.7, 458.0
7128.7, 501.0
7133.7, 467.0
7138.7, 451.0
7143.7, 509.0
7148.7, 481.0
7153.7, 460.0
7158.7, 485.0
7163.7, 483.0
7168.7, 457.0
7173.7, 444.0
7178.7, 498.0
7183.7, 500.0
7188.7, 498.0
7193.7, 480.0
7198.7, 478.0
7203.7, 472.0
7208.7, 445.0
7213.7, 479.0
7218.7, 454.0
7223.7, 478.0
7228.7, 499.0
7233.7, 438.0
7238.7, 421.0
7243.8, 467.0
7248.8, 478.0
7253.8, 493.0
7258.8, 501.0
7263.8, 450.0
7268.8, 471.0
7273.8, 473.0
7278.8, 463.0
7283.8, 477.0
7288.8, 468.0
7293.8, 506.0
7298.8, 475.0
7303.8, 449.0
7308.8, 440.0
7313.8, 466.0
7318.8, 446.0
7323.8, 450.0
7328.8, 424.0
7333.8, 445.0
7338.8, 432.0
7343.8, 489.0
7348.8, 457.0
7353.8, 485.0
7358.8, 434.0
7363.8, 473.0
7368.8, 453.0
7373.8, 432.0
7378.8, 428.0
7383.8, 465.0
7388.8, 442.0
7393.8, 451.0
7398.8, 446.0
7403.8, 467.0
7408.8, 484.0
7413.8, 451.0
7418.9, 443.0
7423.9, 458.0
7428.9, 444.0
7433.9, 446.0
7438.9, 459.0
7443.9, 437.0
7448.9, 456.0
7453.9, 454.0
7458.9, 449.0
7463.9, 461.0
7468.9, 457.0
7473.9, 461.0
7478.9, 468.0
7483.9, 453.0
7488.9, 475.0
7493.9, 457.0
7498.9, 410.0
7503.9, 465.0
7508.9, 474.0
7513.9, 494.0
7518.9, 449.0
7523.9, 453.0
7528.9, 424.0
7533.9, 444.0
7538.9, 424.0
7543.9, 452.0
7548.9, 445.0
7553.9, 442.0
7558.9, 412.0
7563.9, 480.0
7568.9, 462.0
7573.9, 441.0
7578.9, 435.0
7583.9, 459.0
7589.0, 442.0
7594.0, 419.0
7599.0, 456.0
7604.0, 475.0
7609.0, 448.0
7614.0, 451.0
7619.0, 465.0
7624.0, 481.0
7629.0, 426.0
7634.0, 487.0
7639.0, 491.0
7644.0, 450.0
7649.0, 435.0
7654.0, 456.0
7659.0, 444.0
7664.0, 435.0
7669.0, 487.0
7674.0, 476.0
7679.0, 462.0
7684.0, 421.0
7689.0, 438.0
7694.0, 396.0
7699.0, 438.0
7704.0, 486.0
7709.0, 473.0
7714.0, 454.0
7719.0, 425.0
7724.0, 462.0
7729.0, 476.0
7734.0, 483.0
7739.0, 446.0
7744.0, 491.0
7749.0, 447.0
7754.0, 450.0
7759.1, 463.0
7764.1, 442.0
7769.1, 499.0
7774.1, 452.0
7779.1, 488.0
7784.1, 470.0
7789.1, 485.0
7794.1, 517.0
7799.1, 524.0
7804.1, 552.0
7809.1, 540.0
7814.1, 525.0
7819.1, 548.0
7824.1, 569.0
7829.1, 632.0
7834.1, 624.0
7839.1, 636.0
7844.1, 669.0
7849.1, 720.0
7854.1, 795.0
7859.1, 862.0
7864.1, 993.0
7869.1, 1082.0
7874.1, 1292.0
7879.1, 1381.0
7884.1, 1547.0
7889.1, 1791.0
7894.1, 2047.0
7899.1, 2371.0
7904.1, 2839.0
7909.1, 3203.0
7914.1, 3609.0
7919.1, 4219.0
7924.1, 4777.0
7929.1, 5467.0
7934.2, 6204.0
7939.2, 7074.0
7944.2, 8010.0
7949.2, 8812.0
7954.2, 10000.0
7959.2, 11029.0
7964.2, 12447.0
7969.2, 13232.0
7974.2, 14619.0
7979.2, 15872.0
7984.2, 16921.0
7989.2, 18367.0
7994.2, 19616.0
7999.2, 20452.0
8004.2, 21456.0
8009.2, 22563.0
8014.2, 23352.0
8019.2, 24350.0
8024.2, 24726.0
8029.2, 25442.0
8034.2, 25975.0
8039.2, 26052.0
8044.2, 26075.0
8049.2, 25938.0
8054.2, 25608.0
8059.2, 25134.0
8064.2, 24749.0
8069.2, 24132.0
8074.2, 23219.0
8079.2, 22306.0
8084.2, 21134.0
8089.2, 20231.0
8094.2, 18947.0
8099.2, 17710.0
8104.3, 16492.0
8109.3, 15278.0
8114.3, 14108.0
8119.3, 12865.0
8124.3, 11582.0
8129.3, 10597.0
8134.3, 9539.0
8139.3, 8526.0
8144.3, 7423.0
8149.3, 6712.0
8154.3, 5951.0
8159.3, 5313.0
8164.3, 4523.0
8169.3, 3851.0
8174.3, 3326.0
8179.3, 2925.0
8184.3, 2560.0
8189.3, 2252.0
8194.3, 1925.0
8199.3, 1637.0
8204.3, 1469.0
8209.3, 1292.0
8214.3, 1112.0
8219.3, 948.0
8224.3, 897.0
8229.3, 763.0
8234.3, 703.0
8239.3, 666.0
8244.3, 585.0
8249.3, 573.0
8254.3, 511.0
8259.3, 506.0
8264.3, 509.0
8269.3, 483.0
8274.3, 468.0
8279.4, 459.0
8284.4, 443.0
8289.4, 428.0
8294.4, 429.0
8299.4, 449.0
8304.4, 425.0
8309.4, 420.0
8314.4, 413.0
8319.4, 412.0
8324.4, 428.0
8329.4, 389.0
8334.4, 355.0
8339.4, 416.0
8344.4, 416.0
8349.4, 393.0
8354.4, 413.0
8359.4, 406.0
8364.4, 421.0
8369.4, 395.0
8374.4, 375.0
8379.4, 386.0
8384.4, 373.0
8389.4, 414.0
8394.4, 465.0
8399.4, 428.0
8404.4, 382.0
8409.4, 410.0
8414.4, 391.0
8419.4, 381.0
8424.4, 362.0
8429.4, 381.0
8434.4, 416.0
8439.4, 380.0
8444.4, 359.0
8449.5, 382.0
8454.5, 399.0
8459.5, 380.0
8464.5, 393.0
8469.5, 370.0
8474.5, 360.0
8479.5, 379.0
8484.5, 398.0
8489.5, 385.0
8494.5, 382.0
8499.5, 370.0
8504.5, 380.0
8509.5, 362.0
8514.5, 387.0
8519.5, 373.0
8524.5, 373.0
8529.5, 382.0
8534.5, 396.0
8539.5, 406.0
8544.5, 393.0
8549.5, 383.0
8554.5, 385.0
8559.5, 388.0
8564.5, 422.0
8569.5, 383.0
8574.5, 369.0
8579.5, 415.0
8584.5, 423.0
8589.5, 388.0
8594.5, 378.0
8599.5, 391.0
8604.5, 414.0
8609.5, 398.0
8614.5, 417.0
8619.6, 430.0
8624.6, 414.0
8629.6, 451.0
8634.6, 388.0
8639.6, 398.0
8644.6, 375.0
8649.6, 415.0
8654.6, 405.0
8659.6, 419.0
8664.6, 386.0
8669.6, 443.0
8674.6, 425.0
8679.6, 443.0
8684.6, 418.0
8689.6, 423.0
8694.6, 467.0
8699.6, 443.0
8704.6, 441.0
8709.6, 516.0
8714.6, 481.0
8719.6, 521.0
8724.6, 519.0
8729.6, 546.0
8734.6, 596.0
8739.6, 587.0
8744.6, 611.0
8749.6, 654.0
8754.6, 692.0
8759.6, 741.0
8764.6, 766.0
8769.6, 820.0
8774.6, 887.0
8779.6, 984.0
8784.6, 1053.0
8789.6, 1205.0
8794.7, 1283.0
8799.7, 1350.0
8804.7, 1544.0
8809.7, 1536.0
8814.7, 1716.0
8819.7, 1841.0
8824.7, 2092.0
8829.7, 2195.0
8834.7, 2349.0
8839.7, 2484.0
8844.7, 2635.0
8849.7, 2871.0
8854.7, 2917.0
8859.7, 3117.0
8864.7, 3133.0
8869.7, 3425.0
8874.7, 3547.0
8879.7, 3612.0
8884.7, 3664.0
8889.7, 3747.0
8894.7, 3669.0
8899.7, 3904.0
8904.7, 3849.0
8909.7, 3886.0
8914.7, 3875.0
8919.7, 3865.0
8924.7, 3667.0
8929.7, 3674.0
8934.7, 3501.0
8939.7, 3551.0
8944.7, 3337.0
8949.7, 3302.0
8954.7, 3140.0
8959.7, 3007.0
8964.8, 2868.0
8969.8, 2771.0
8974.8, 2638.0
8979.8, 2339.0
8984.8, 2277.0
8989.8, 2108.0
8994.8, 1945.0
8999.8, 1836.0
9004.8, 1722.0
9009.8, 1583.0
9014.8, 1472.0
9019.8, 1367.0
9024.8, 1238.0
9029.8, 1141.0
9034.8, 1066.0
9039.8, 928.0
9044.8, 893.0
9049.8, 799.0
9054.8, 766.0
9059.8, 723.0
9064.8, 675.0
9069.8, 546.0
9074.8, 546.0
9079.8, 495.0
9084.8, 474.0
9089.8, 438.0
9094.8, 406.0
9099.8, 388.0
9104.8, 353.0
9109.8, 363.0
9114.8, 349.0
9119.8, 328.0
9124.8, 308.0
9129.8, 342.0
9134.8, 308.0
9139.9, 330.0
9144.9, 319.0
9149.9, 315.0
9154.9, 299.0
9159.9, 292.0
9164.9, 293.0
9169.9, 293.0
9174.9, 274.0
9179.9, 275.0
9184.9, 319.0
9189.9, 259.0
9194.9, 279.0
9199.9, 274.0
9204.9, 274.0
9209.9, 300.0
9214.9, 283.0
9219.9, 269.0
9224.9, 267.0
9229.9, 296.0
9234.9, 236.0
9239.9, 263.0
9244.9, 253.0
9249.9, 300.0
9254.9, 291.0
9259.9, 258.0
9264.9, 269.0
9269.9, 256.0
9274.9, 289.0
9279.9, 306.0
9284.9, 234.0
9289.9, 269.0
9294.9, 247.0
9299.9, 247.0
9304.9, 257.0
9310.0, 264.0
9315.0, 269.0
9320.0, 260.0
9325.0, 256.0
9330.0, 259.0
9335.0, 247.0
9340.0, 249.0
9345.0, 293.0
9350.0, 268.0
9355.0, 291.0
9360.0, 241.0
9365.0, 289.0
9370.0, 277.0
9375.0, 281.0
9380.0, 267.0
9385.0, 258.0
9390.0, 249.0
9395.0, 266.0
9400.0, 270.0
9405.0, 299.0
9410.0, 254.0
9415.0, 286.0
9420.0, 272.0
9425.0, 283.0
9430.0, 261.0
9435.0, 271.0
9440.0, 260.0
9445.0, 253.0
9450.0, 286.0
9455.0, 255.0
9460.0, 243.0
9465.0, 276.0
9470.0, 253.0
9475.0, 273.0
9480.1, 288.0
9485.1, 274.0
9490.1, 257.0
9495.1, 275.0
9500.1, 244.0
9505.1, 248.0
9510.1, 271.0
9515.1, 272.0
9520.1, 268.0
9525.1, 236.0
9530.1, 269.0
9535.1, 256.0
9540.1, 270.0
9545.1, 250.0
9550.1, 251.0
9555.1, 258.0
9560.1, 248.0
9565.1, 258.0
9570.1, 265.0
9575.1, 289.0
9580.1, 266.0
9585.1, 269.0
9590.1, 277.0
9595.1, 249.0
9600.1, 272.0
9605.1, 248.0
9610.1, 262.0
9615.1, 303.0
9620.1, 295.0
9625.1, 285.0
9630.1, 280.0
9635.1, 260.0
9640.1, 254.0
9645.1, 273.0
9650.1, 252.0
9655.2, 244.0
9660.2, 284.0
9665.2, 270.0
9670.2, 262.0
9675.2, 288.0
9680.2, 290.0
9685.2, 247.0
9690.2, 257.0
9695.2, 261.0
9700.2, 278.0
9705.2, 240.0
9710.2, 263.0
9715.2, 269.0
9720.2, 265.0
9725.2, 261.0
9730.2, 284.0
9735.2, 264.0
9740.2, 271.0
9745.2, 280.0
9750.2, 276.0
9755.2, 294.0
9760.2, 292.0
9765.2, 279.0
9770.2, 266.0
9775.2, 315.0
9780.2, 290.0
9785.2, 283.0
9790.2, 308.0
9795.2, 303.0
9800.2, 294.0
9805.2, 289.0
9810.2, 283.0
9815.2, 277.0
9820.2, 289.0
9825.3, 296.0
9830.3, 291.0
9835.3, 310.0
9840.3, 294.0
9845.3, 288.0
9850.3, 304.0
9855.3, 293.0
9860.3, 287.0
9865.3, 310.0
9870.3, 294.0
9875.3, 311.0
9880.3, 284.0
9885.3, 301.0
9890.3, 285.0
9895.3, 270.0
9900.3, 288.0
9905.3, 290.0
9910.3, 279.0
9915.3, 263.0
9920.3, 271.0
9925.3, 279.0
9930.3, 247.0
9935.3, 252.0
9940.3, 272.0
9945.3, 258.0
9950.3, 248.0
9955.3, 247.0
9960.3, 244.0
9965.3, 276.0
9970.3, 268.0
9975.3, 255.0
9980.3, 231.0
9985.3, 239.0
9990.3, 252.0
9995.4, 265.0
10000.4, 216.0
10005.4, 238.0
10010.4, 252.0
10015.4, 246.0
10020.4, 234.0
10025.4, 261.0
10030.4, 237.0
10035.4, 253.0
10040.4, 240.0
10045.4, 240.0
10050.4, 238.0
10055.4, 237.0
10060.4, 262.0
10065.4, 246.0
10070.4, 220.0
10075.4, 226.0
10080.4, 247.0
10085.4, 246.0
10090.4, 235.0
10095.4, 249.0
10100.4, 246.0
10105.4, 216.0
10110.4, 227.0
10115.4, 235.0
10120.4, 236.0
10125.4, 260.0
10130.4, 254.0
10135.4, 231.0
10140.4, 245.0
10145.4, 253.0
10150.4, 239.0
10155.4, 245.0
10160.4, 232.0
10165.4, 219.0
10170.5, 243.0
10175.5, 245.0
10180.5, 237.0
10185.5, 218.0
10190.5, 246.0
10195.5, 231.0
10200.5, 228.0
10205.5, 220.0
10210.5, 233.0
10215.5, 241.0
10220.5, 223.0
10225.5, 207.0
10230.5, 241.0
10235.5, 239.0
10240.5, 228.0
10245.5, 213.0
10250.5, 219.0
10255.5, 255.0
10260.5, 258.0
10265.5, 252.0
10270.5, 234.0
10275.5, 227.0
10280.5, 229.0
10285.5, 247.0
10290.5, 231.0
10295.5, 212.0
10300.5, 222.0
10305.5, 243.0
10310.5, 234.0
10315.5, 216.0
10320.5, 251.0
10325.5, 232.0
10330.5, 251.0
10335.5, 258.0
10340.6, 211.0
10345.6, 220.0
10350.6, 212.0
10355.6, 227.0
10360.6, 226.0
10365.6, 252.0
10370.6, 215.0
10375.6, 221.0
10380.6, 197.0
10385.6, 219.0
10390.6, 253.0
10395.6, 234.0
10400.6, 238.0
10405.6, 222.0
10410.6, 225.0
10415.6, 223.0
10420.6, 237.0
10425.6, 233.0
10430.6, 216.0
10435.6, 245.0
10440.6, 235.0
10445.6, 213.0
10450.6, 223.0
10455.6, 210.0
10460.6, 224.0
10465.6, 245.0
10470.6, 234.0
10475.6, 221.0
10480.6, 243.0
10485.6, 237.0
10490.6, 256.0
10495.6, 234.0
10500.6, 237.0
10505.6, 228.0
10510.6, 203.0
10515.7, 214.0
10520.7, 234.0
10525.7, 218.0
10530.7, 215.0
10535.7, 221.0
10540.7, 226.0
10545.7, 233.0
10550.7, 237.0
10555.7, 221.0
10560.7, 240.0
10565.7, 218.0
10570.7, 234.0
10575.7, 206.0
10580.7, 200.0
10585.7, 234.0
10590.7, 235.0
10595.7, 225.0
10600.7, 222.0
10605.7, 221.0
10610.7, 198.0
10615.7, 203.0
10620.7, 208.0
10625.7, 225.0
10630.7, 217.0
10635.7, 224.0
10640.7, 194.0
10645.7, 227.0
10650.7, 219.0
10655.7, 215.0
10660.7, 236.0
10665.7, 220.0
10670.7, 228.0
10675.7, 223.0
10680.7, 219.0
10685.8, 215.0
10690.8, 208.0
10695.8, 213.0
10700.8, 234.0
10705.8, 227.0
10710.8, 232.0
10715.8, 230.0
10720.8, 225.0
10725.8, 219.0
10730.8, 213.0
10735.8, 221.0
10740.8, 203.0
10745.8, 222.0
10750.8, 216.0
10755.8, 222.0
10760.8, 231.0
10765.8, 232.0
10770.8, 205.0
10775.8, 196.0
10780.8, 213.0
10785.8, 223.0
10790.8, 222.0
10795.8, 196.0
10800.8, 219.0
10805.8, 194.0
10810.8, 201.0
10815.8, 206.0
10820.8, 218.0
10825.8, 206.0
10830.8, 207.0
10835.8, 217.0
10840.8, 223.0
10845.8, 198.0
10850.8, 200.0
10855.9, 225.0
10860.9, 205.0
10865.9, 205.0
10870.9, 193.0
10875.9, 208.0
10880.9, 221.0
10885.9, 225.0
10890.9, 213.0
10895.9, 201.0
10900.9, 213.0
10905.9, 216.0
10910.9, 213.0
10915.9, 217.0
10920.9, 206.0
10925.9, 198.0
10930.9, 185.0
10935.9, 181.0
10940.9, 218.0
10945.9, 208.0
10950.9, 210.0
10955.9, 211.0
10960.9, 190.0
10965.9, 198.0
10970.9, 203.0
10975.9, 211.0
10980.9, 218.0
10985.9, 186.0
10990.9, 181.0
10995.9, 201.0
11000.9, 203.0
11005.9, 179.0
11010.9, 186.0
11015.9, 224.0
11020.9, 222.0
11025.9, 220.0
11031.0, 209.0
11036.0, 210.0
11041.0, 209.0
11046.0, 201.0
11051.0, 193.0
11056.0, 215.0
11061.0, 214.0
11066.0, 218.0
11071.0, 196.0
11076.0, 200.0
11081.0, 224.0
11086.0, 198.0
11091.0, 188.0
11096.0, 196.0
11101.0, 210.0
11106.0, 207.0
11111.0, 211.0
11116.0, 195.0
11121.0, 210.0
11126.0, 205.0
11131.0, 201.0
11136.0, 211.0
11141.0, 197.0
11146.0, 219.0
11151.0, 214.0
11156.0, 205.0
11161.0, 194.0
11166.0, 204.0
11171.0, 196.0
11176.0, 201.0
11181.0, 204.0
11186.0, 208.0
11191.0, 180.0
11196.0, 182.0
11201.1, 183.0
11206.1, 207.0
11211.1, 200.0
11216.1, 190.0
11221.1, 203.0
11226.1, 201.0
11231.1, 197.0
11236.1, 199.0
11241.1, 193.0
11246.1, 191.0
11251.1, 176.0
11256.1, 205.0
11261.1, 205.0
11266.1, 188.0
11271.1, 177.0
11276.1, 182.0
11281.1, 183.0
11286.1, 183.0
11291.1, 182.0
11296.1, 188.0
11301.1, 205.0
11306.1, 204.0
11311.1, 195.0
11316.1, 190.0
11321.1, 188.0
11326.1, 199.0
11331.1, 190.0
11336.1, 193.0
11341.1, 184.0
11346.1, 178.0
11351.1, 196.0
11356.1, 176.0
11361.1, 177.0
11366.1, 183.0
11371.1, 186.0
11376.2, 199.0
11381.2, 176.0
11386.2, 181.0
11391.2, 196.0
11396.2, 184.0
11401.2, 196.0
11406.2, 194.0
11411.2, 195.0
11416.2, 182.0
11421.2, 183.0
11426.2, 183.0
11431.2, 188.0
11436.2, 195.0
11441.2, 183.0
11446.2, 173.0
11451.2, 192.0
11456.2, 190.0
11461.2, 190.0
11466.2, 198.0
11471.2, 172.0
11476.2, 178.0
11481.2, 196.0
11486.2, 197.0
11491.2, 190.0
11496.2, 186.0
11501.2, 200.0
11506.2, 203.0
11511.2, 178.0
11516.2, 193.0
11521.2, 218.0
11526.2, 204.0
11531.2, 182.0
11536.2, 178.0
11541.2, 183.0
11546.3, 168.0
11551.3, 181.0
11556.3, 188.0
11561.3, 173.0
11566.3, 171.0
11571.3, 192.0
11576.3, 198.0
11581.3, 179.0
11586.3, 176.0
11591.3, 191.0
11596.3, 183.0
11601.3, 182.0
11606.3, 199.0
11611.3, 184.0
11616.3, 180.0
11621.3, 171.0
11626.3, 187.0
11631.3, 176.0
11636.3, 168.0
11641.3, 179.0
11646.3, 183.0
11651.3, 173.0
11656.3, 166.0
11661.3, 179.0
11666.3, 187.0
11671.3, 181.0
11676.3, 175.0
11681.3, 189.0
11686.3, 199.0
11691.3, 180.0
11696.3, 179.0
11701.3, 160.0
11706.3, 180.0
11711.3, 181.0
11716.4, 173.0
11721.4, 171.0
11726.4, 182.0
11731.4, 168.0
11736.4, 178.0
11741.4, 180.0
11746.4, 175.0
11751.4, 176.0
11756.4, 178.0
11761.4, 172.0
11766.4, 172.0
11771.4, 187.0
11776.4, 180.0
11781.4, 164.0
11786.4, 162.0
11791.4, 178.0
11796.4, 175.0
11801.4, 183.0
11806.4, 181.0
11811.4, 182.0
11816.4, 171.0
11821.4, 183.0
11826.4, 184.0
11831.4, 166.0
11836.4, 164.0
11841.4, 160.0
11846.4, 168.0
11851.4, 175.0
11856.4, 167.0
11861.4, 151.0
11866.4, 161.0
11871.4, 166.0
11876.4, 155.0
11881.4, 173.0
11886.4, 178.0
11891.5, 173.0
11896.5, 172.0
11901.5, 165.0
11906.5, 164.0
11911.5, 162.0
11916.5, 166.0
11921.5, 181.0
11926.5, 183.0
11931.5, 153.0
11936.5, 147.0
11941.5, 160.0
11946.5, 158.0
11951.5, 167.0
11956.5, 180.0
11961.5, 176.0
11966.5, 169.0
11971.5, 164.0
11976.5, 162.0
11981.5, 154.0
11986.5, 163.0
11991.5, 171.0
11996.5, 168.0
12001.5, 163.0
12006.5, 171.0
12011.5, 173.0
12016.5, 175.0
12021.5, 171.0
12026.5, 162.0
12031.5, 171.0
12036.5, 171.0
12041.5, 162.0
12046.5, 166.0
12051.5, 166.0
12056.5, 152.0
12061.6, 147.0
12066.6, 146.0
12071.6, 142.0
12076.6, 161.0
12081.6, 155.0
12086.6, 158.0
12091.6, 155.0
12096.6, 158.0
12101.6, 156.0
12106.6, 156.0
12111.6, 180.0
12116.6, 176.0
12121.6, 159.0
12126.6, 150.0
12131.6, 157.0
12136.6, 157.0
12141.6, 166.0
12146.6, 168.0
12151.6, 158.0
12156.6, 148.0
12161.6, 148.0
12166.6, 151.0
12171.6, 160.0
12176.6, 163.0
12181.6, 156.0
12186.6, 167.0
12191.6, 162.0
12196.6, 156.0
12201.6, 163.0
12206.6, 162.0
12211.6, 151.0
12216.6, 149.0
12221.6, 154.0
12226.6, 155.0
12231.6, 158.0
12236.7, 153.0
12241.7, 162.0
12246.7, 154.0
12251.7, 163.0
12256.7, 165.0
12261.7, 165.0
12266.7, 162.0
12271.7, 157.0
12276.7, 155.0
12281.7, 146.0
12286.7, 152.0
12291.7, 161.0
12296.7, 161.0
12301.7, 147.0
12306.7, 156.0
12311.7, 163.0
12316.7, 151.0
12321.7, 150.0
12326.7, 137.0
12331.7, 147.0
12336.7, 156.0
12341.7, 150.0
12346.7, 165.0
12351.7, 169.0
12356.7, 151.0
12361.7, 136.0
12366.7, 137.0
12371.7, 140.0
12376.7, 151.0
12381.7, 163.0
12386.7, 163.0
12391.7, 156.0
12396.7, 157.0
12401.7, 159.0
12406.8, 153.0
12411.8, 142.0
12416.8, 156.0
12421.8, 173.0
12426.8, 164.0
12431.8, 158.0
12436.8, 152.0
12441.8, 142.0
12446.8, 149.0
12451.8, 142.0
12456.8, 148.0
12461.8, 151.0
12466.8, 131.0
12471.8, 148.0
12476.8, 148.0
12481.8, 150.0
12486.8, 161.0
12491.8, 145.0
12496.8, 143.0
12501.8, 151.0
12506.8, 143.0
12511.8, 134.0
12516.8, 147.0
12521.8, 159.0
12526.8, 139.0
12531.8, 140.0
12536.8, 147.0
12541.8, 143.0
12546.8, 141.0
12551.8, 137.0
12556.8, 137.0
12561.8, 141.0
12566.8, 126.0
12571.8, 128.0
12576.9, 147.0
12581.9, 145.0
12586.9, 153.0
12591.9, 141.0
12596.9, 124.0
12601.9, 119.0
12606.9, 127.0
12611.9, 144.0
12616.9, 141.0
12621.9, 148.0
12626.9, 145.0
12631.9, 130.0
12636.9, 138.0
12641.9, 137.0
12646.9, 140.0
12651.9, 156.0
12656.9, 155.0
12661.9, 151.0
12666.9, 134.0
12671.9, 133.0
12676.9, 152.0
12681.9, 158.0
12686.9, 149.0
12691.9, 140.0
12696.9, 131.0
12701.9, 137.0
12706.9, 139.0
12711.9, 129.0
12716.9, 128.0
12721.9, 137.0
12726.9, 142.0
12731.9, 121.0
12736.9, 125.0
12741.9, 138.0
12746.9, 139.0
12752.0, 148.0
12757.0, 142.0
12762.0, 126.0
12767.0, 136.0
12772.0, 147.0
12777.0, 140.0
12782.0, 138.0
12787.0, 124.0
12792.0, 130.0
12797.0, 142.0
12802.0, 137.0
12807.0, 132.0
12812.0, 150.0
12817.0, 159.0
12822.0, 135.0
12827.0, 125.0
12832.0, 132.0
12837.0, 136.0
12842.0, 130.0
12847.0, 135.0
12852.0, 131.0
12857.0, 136.0
12862.0, 159.0
12867.0, 151.0
12872.0, 139.0
12877.0, 129.0
12882.0, 135.0
12887.0, 140.0
12892.0, 128.0
12897.0, 132.0
12902.0, 133.0
12907.0, 116.0
12912.0, 116.0
12917.0, 122.0
12922.1, 120.0
12927.1, 122.0
12932.1, 125.0
12937.1, 133.0
12942.1, 135.0
12947.1, 128.0
12952.1, 118.0
12957.1, 129.0
12962.1, 117.0
12967.1, 113.0
12972.1, 136.0
12977.1, 125.0
12982.1, 128.0
12987.1, 134.0
12992.1, 128.0
12997.1, 126.0
13002.1, 123.0
13007.1, 130.0
13012.1, 139.0
13017.1, 137.0
13022.1, 135.0
13027.1, 126.0
13032.1, 116.0
13037.1, 109.0
13042.1, 126.0
13047.1, 133.0
13052.1, 119.0
13057.1, 111.0
13062.1, 141.0
13067.1, 140.0
13072.1, 128.0
13077.1, 136.0
13082.1, 130.0
13087.1, 129.0
13092.2, 128.0
13097.2, 120.0
13102.2, 125.0
13107.2, 132.0
13112.2, 121.0
13117.2, 121.0
13122.2, 124.0
13127.2, 124.0
13132.2, 128.0
13137.2, 122.0
13142.2, 117.0
13147.2, 119.0
13152.2, 124.0
13157.2, 128.0
13162.2, 135.0
13167.2, 137.0
13172.2, 126.0
13177.2, 119.0
13182.2, 118.0
13187.2, 115.0
13192.2, 128.0
13197.2, 132.0
13202.2, 114.0
13207.2, 118.0
13212.2, 113.0
13217.2, 103.0
13222.2, 119.0
13227.2, 133.0
13232.2, 129.0
13237.2, 122.0
13242.2, 124.0
13247.2, 125.0
13252.2, 128.0
13257.2, 114.0
13262.2, 115.0
13267.3, 126.0
13272.3, 125.0
13277.3, 125.0
13282.3, 108.0
13287.3, 106.0
13292.3, 103.0
13297.3, 95.0
13302.3, 106.0
13307.3, 110.0
13312.3, 117.0
13317.3, 126.0
13322.3, 120.0
13327.3, 119.0
13332.3, 134.0
13337.3, 132.0
13342.3, 118.0
13347.3, 120.0
13352.3, 121.0
13357.3, 118.0
13362.3, 114.0
13367.3, 113.0
13372.3, 115.0
13377.3, 110.0
13382.3, 112.0
13387.3, 108.0
13392.3, 103.0
13397.3, 103.0
13402.3, 106.0
13407.3, 113.0
13412.3, 114.0
13417.3, 98.0
13422.3, 100.0
13427.3, 103.0
13432.3, 100.0
13437.4, 103.0
13442.4, 106.0
13447.4, 109.0
13452.4, 114.0
13457.4, 117.0
13462.4, 113.0
13467.4, 108.0
13472.4, 109.0
13477.4, 117.0
13482.4, 126.0
13487.4, 126.0
13492.4, 110.0
13497.4, 104.0
13502.4, 111.0
13507.4, 114.0
13512.4, 112.0
13517.4, 104.0
13522.4, 112.0
13527.4, 121.0
13532.4, 109.0
13537.4, 106.0
13542.4, 117.0
13547.4, 112.0
13552.4, 93.0
13557.4, 93.0
13562.4, 110.0
13567.4, 126.0
13572.4, 128.0
13577.4, 121.0
13582.4, 115.0
13587.4, 109.0
13592.4, 101.0
13597.4, 98.0
13602.4, 106.0
13607.4, 108.0
13612.5, 117.0
13617.5, 125.0
13622.5, 116.0
13627.5, 111.0
13632.5, 113.0
13637.5, 104.0
13642.5, 105.0
13647.5, 110.0
13652.5, 105.0
13657.5, 107.0
13662.5, 107.0
13667.5, 113.0
13672.5, 105.0
13677.5, 99.0
13682.5, 109.0
13687.5, 114.0
13692.5, 104.0
13697.5, 110.0
13702.5, 115.0
13707.5, 106.0
13712.5, 104.0
13717.5, 111.0
13722.5, 107.0
13727.5, 99.0
13732.5, 101.0
13737.5, 99.0
13742.5, 99.0
13747.5, 96.0
13752.5, 99.0
13757.5, 107.0
13762.5, 102.0
13767.5, 100.0
13772.5, 104.0
13777.5, 114.0
13782.6, 113.0
13787.6, 108.0
13792.6, 111.0
13797.6, 96.0
13802.6, 88.0
13807.6, 93.0
13812.6, 102.0
13817.6, 106.0
13822.6, 113.0
13827.6, 110.0
13832.6, 107.0
13837.6, 112.0
13842.6, 106.0
13847.6, 98.0
13852.6, 97.0
13857.6, 101.0
13862.6, 85.0
13867.6, 87.0
13872.6, 95.0
13877.6, 98.0
13882.6, 108.0
13887.6, 101.0
13892.6, 99.0
13897.6, 107.0
13902.6, 106.0
13907.6, 100.0
13912.6, 93.0
13917.6, 94.0
13922.6, 98.0
13927.6, 106.0
13932.6, 99.0
13937.6, 89.0
13942.6, 95.0
13947.6, 106.0
13952.7, 99.0
13957.7, 100.0
13962.7, 107.0
13967.7, 101.0
13972.7, 95.0
13977.7, 96.0
13982.7, 107.0
13987.7, 111.0
13992.7, 97.0
13997.7, 94.0
14002.7, 99.0
14007.7, 89.0
14012.7, 85.0
14017.7, 86.0
14022.7, 92.0
14027.7, 105.0
14032.7, 101.0
14037.7, 98.0
14042.7, 94.0
14047.7, 92.0
14052.7, 96.0
14057.7, 91.0
14062.7, 84.0
14067.7, 89.0
14072.7, 99.0
14077.7, 103.0
14082.7, 94.0
14087.7, 99.0
14092.7, 89.0
14097.7, 80.0
14102.7, 88.0
14107.7, 92.0
14112.7, 94.0
14117.7, 92.0
14122.7, 91.0
14127.8, 79.0
14132.8, 81.0
14137.8, 85.0
14142.8, 86.0
14147.8, 88.0
14152.8, 99.0
14157.8, 100.0
14162.8, 83.0
14167.8, 80.0
14172.8, 89.0
14177.8, 95.0
14182.8, 95.0
14187.8, 90.0
14192.8, 93.0
14197.8, 90.0
14202.8, 85.0
14207.8, 88.0
14212.8, 82.0
14217.8, 93.0
14222.8, 94.0
14227.8, 88.0
14232.8, 84.0
14237.8, 81.0
14242.8, 85.0
14247.8, 93.0
14252.8, 94.0
14257.8, 88.0
14262.8, 88.0
14267.8, 93.0
14272.8, 96.0
14277.8, 86.0
14282.8, 92.0
14287.8, 96.0
14292.8, 94.0
14297.9, 98.0
14302.9, 91.0
14307.9, 83.0
14312.9, 89.0
14317.9, 93.0
14322.9, 80.0
14327.9, 87.0
14332.9, 100.0
14337.9, 89.0
14342.9, 87.0
14347.9, 89.0
14352.9, 89.0
14357.9, 86.0
14362.9, 82.0
14367.9, 71.0
14372.9, 74.0
14377.9, 77.0
14382.9, 94.0
14387.9, 103.0
14392.9, 104.0
14397.9, 85.0
14402.9, 86.0
14407.9, 83.0
14412.9, 81.0
14417.9, 87.0
14422.9, 92.0
14427.9, 91.0
14432.9, 90.0
14437.9, 79.0
14442.9, 82.0
14447.9, 82.0
14452.9, 73.0
14457.9, 74.0
14462.9, 86.0
14467.9, 86.0
14473.0, 89.0
14478.0, 83.0
14483.0, 77.0
14488.0, 80.0
14493.0, 83.0
14498.0, 78.0
14503.0, 78.0
14508.0, 73.0
14513.0, 73.0
14518.0, 80.0
14523.0, 77.0
14528.0, 85.0
14533.0, 82.0
14538.0, 83.0
14543.0, 83.0
14548.0, 77.0
14553.0, 79.0
14558.0, 82.0
14563.0, 77.0
14568.0, 88.0
14573.0, 84.0
14578.0, 80.0
14583.0, 82.0
14588.0, 83.0
14593.0, 78.0
14598.0, 87.0
14603.0, 82.0
14608.0, 85.0
14613.0, 79.0
14618.0, 75.0
14623.0, 85.0
14628.0, 80.0
14633.0, 74.0
14638.0, 79.0
14643.1, 76.0
14648.1, 75.0
14653.1, 74.0
14658.1, 74.0
14663.1, 89.0
14668.1, 96.0
14673.1, 79.0
14678.1, 75.0
14683.1, 82.0
14688.1, 77.0
14693.1, 77.0
14698.1, 83.0
14703.1, 79.0
14708.1, 77.0
14713.1, 74.0
14718.1, 62.0
14723.1, 63.0
14728.1, 60.0
14733.1, 73.0
14738.1, 70.0
14743.1, 69.0
14748.1, 73.0
14753.1, 69.0
14758.1, 79.0
14763.1, 84.0
14768.1, 82.0
14773.1, 69.0
14778.1, 76.0
14783.1, 78.0
14788.1, 68.0
14793.1, 74.0
14798.1, 85.0
14803.1, 93.0
14808.1, 80.0
14813.2, 89.0
14818.2, 77.0
14823.2, 65.0
14828.2, 75.0
14833.2, 62.0
14838.2, 68.0
14843.2, 67.0
14848.2, 66.0
14853.2, 73.0
14858.2, 78.0
14863.2, 74.0
14868.2, 80.0
14873.2, 74.0
14878.2, 77.0
14883.2, 74.0
14888.2, 71.0
14893.2, 75.0
14898.2, 66.0
14903.2, 64.0
14908.2, 69.0
14913.2, 70.0
14918.2, 78.0
14923.2, 71.0
14928.2, 61.0
14933.2, 68.0
14938.2, 71.0
14943.2, 68.0
14948.2, 64.0
14953.2, 65.0
14958.2, 69.0
14963.2, 74.0
14968.2, 66.0
14973.2, 61.0
14978.2, 71.0
14983.2, 71.0
14988.3, 76.0
14993.3, 67.0
14998.3, 65.0
15003.3, 70.0
15008.3, 72.0
15013.3, 76.0
15018.3, 79.0
15023.3, 75.0
15028.3, 72.0
15033.3, 68.0
15038.3, 72.0
15043.3, 75.0
15048.3, 76.0
15053.3, 67.0
15058.3, 66.0
15063.3, 67.0
15068.3, 75.0
15073.3, 64.0
15078.3, 69.0
15083.3, 67.0
15088.3, 73.0
15093.3, 62.0
15098.3, 63.0
15103.3, 60.0
15108.3, 67.0
15113.3, 65.0
15118.3, 61.0
15123.3, 65.0
15128.3, 68.0
15133.3, 61.0
15138.3, 70.0
15143.3, 82.0
15148.3, 81.0
15153.3, 69.0
15158.4, 62.0
15163.4, 61.0
15168.4, 61.0
15173.4, 58.0
15178.4, 75.0
15183.4, 78.0
15188.4, 70.0
15193.4, 75.0
15198.4, 71.0
15203.4, 73.0
15208.4, 61.0
15213.4, 51.0
15218.4, 60.0
15223.4, 59.0
15228.4, 62.0
15233.4, 56.0
15238.4, 67.0
15243.4, 65.0
15248.4, 65.0
15253.4, 66.0
15258.4, 56.0
15263.4, 60.0
15268.4, 56.0
15273.4, 65.0
15278.4, 61.0
15283.4, 60.0
15288.4, 61.0
15293.4, 53.0
15298.4, 60.0
15303.4, 67.0
15308.4, 68.0
15313.4, 74.0
15318.4, 51.0
15323.4, 56.0
15328.5, 63.0
15333.5, 64.0
15338.5, 52.0
15343.5, 54.0
15348.5, 56.0
15353.5, 56.0
15358.5, 65.0
15363.5, 66.0
15368.5, 66.0
15373.5, 63.0
15378.5, 63.0
15383.5, 66.0
15388.5, 68.0
15393.5, 69.0
15398.5, 61.0
15403.5, 71.0
15408.5, 81.0
15413.5, 69.0
15418.5, 72.0
15423.5, 58.0
15428.5, 62.0
15433.5, 53.0
15438.5, 56.0
15443.5, 57.0
15448.5, 62.0
15453.5, 60.0
15458.5, 61.0
15463.5, 67.0
15468.5, 61.0
15473.5, 61.0
15478.5, 53.0
15483.5, 62.0
15488.5, 64.0
15493.5, 49.0
15498.5, 59.0
15503.6, 59.0
15508.6, 65.0
15513.6, 67.0
15518.6, 74.0
15523.6, 73.0
15528.6, 71.0
15533.6, 60.0
15538.6, 56.0
15543.6, 52.0
15548.6, 56.0
15553.6, 59.0
15558.6, 50.0
15563.6, 49.0
15568.6, 58.0
15573.6, 64.0
15578.6, 56.0
15583.6, 58.0
15588.6, 56.0
15593.6, 56.0
15598.6, 54.0
15603.6, 60.0
15608.6, 59.0
15613.6, 44.0
15618.6, 48.0
15623.6, 46.0
15628.6, 63.0
15633.6, 59.0
15638.6, 57.0
15643.6, 56.0
15648.6, 64.0
15653.6, 58.0
15658.6, 60.0
15663.6, 53.0
15668.6, 69.0
15673.7, 52.0
15678.7, 52.0
15683.7, 48.0
15688.7, 47.0
15693.7, 49.0
15698.7, 44.0
15703.7, 62.0
15708.7, 61.0
15713.7, 53.0
15718.7, 52.0
15723.7, 45.0
15728.7, 52.0
15733.7, 67.0
15738.7, 67.0
15743.7, 56.0
15748.7, 49.0
15753.7, 54.0
15758.7, 53.0
15763.7, 64.0
15768.7, 55.0
15773.7, 51.0
15778.7, 57.0
15783.7, 64.0
15788.7, 62.0
15793.7, 51.0
15798.7, 56.0
15803.7, 42.0
15808.7, 51.0
15813.7, 57.0
15818.7, 53.0
15823.7, 63.0
15828.7, 50.0
15833.7, 54.0
15838.7, 58.0
15843.7, 45.0
15848.8, 50.0
15853.8, 50.0
15858.8, 60.0
15863.8, 55.0
15868.8, 47.0
15873.8, 52.0
15878.8, 50.0
15883.8, 51.0
15888.8, 61.0
15893.8, 76.0
15898.8, 71.0
15903.8, 52.0
15908.8, 44.0
15913.8, 43.0
15918.8, 62.0
15923.8, 57.0
15928.8, 68.0
15933.8, 66.0
15938.8, 66.0
15943.8, 71.0
15948.8, 82.0
15953.8, 75.0
15958.8, 77.0
15963.8, 67.0
15968.8, 81.0
15973.8, 71.0
15978.8, 86.0
15983.8, 90.0
15988.8, 87.0
15993.8, 86.0
15998.8, 90.0
16003.8, 93.0
16008.8, 108.0
16013.8, 96.0
16018.9, 95.0
16023.9, 98.0
16028.9, 103.0
16033.9, 108.0
16038.9, 123.0
16043.9, 124.0
16048.9, 114.0
16053.9, 118.0
16058.9, 123.0
16063.9, 119.0
16068.9, 125.0
16073.9, 121.0
16078.9, 118.0
16083.9, 108.0
16088.9, 112.0
16093.9, 117.0
16098.9, 110.0
16103.9, 124.0
16108.9, 102.0
16113.9, 108.0
16118.9, 103.0
16123.9, 125.0
16128.9, 111.0
16133.9, 102.0
16138.9, 100.0
16143.9, 115.0
16148.9, 84.0
16153.9, 112.0
16158.9, 103.0
16163.9, 100.0
16168.9, 120.0
16173.9, 101.0
16178.9, 82.0
16183.9, 94.0
16189.0, 95.0
16194.0, 78.0
16199.0, 65.0
16204.0, 70.0
16209.0, 66.0
16214.0, 68.0
16219.0, 65.0
16224.0, 59.0
16229.0, 59.0
16234.0, 65.0
16239.0, 58.0
16244.0, 65.0
16249.0, 58.0
16254.0, 59.0
16259.0, 60.0
16264.0, 53.0
16269.0, 52.0
16274.0, 48.0
16279.0, 50.0
16284.0, 55.0
16289.0, 45.0
16294.0, 54.0
16299.0, 50.0
16304.0, 39.0
16309.0, 51.0
16314.0, 39.0
16319.0, 46.0
16324.0, 53.0
16329.0, 48.0
16334.0, 41.0
16339.0, 50.0
16344.0, 53.0
16349.0, 36.0
16354.0, 52.0
16359.0, 48.0
16364.1, 41.0
16369.1, 43.0
16374.1, 50.0
16379.1, 44.0
16384.1, 38.0
16389.1, 50.0
16394.1, 41.0
16399.1, 36.0
16404.1, 34.0
16409.1, 36.0
16414.1, 47.0
16419.1, 38.0
16424.1, 34.0
16429.1, 43.0
16434.1, 44.0
16439.1, 51.0
16444.1, 40.0
16449.1, 33.0
16454.1, 40.0
16459.1, 31.0
16464.1, 32.0
16469.1, 41.0
16474.1, 48.0
16479.1, 40.0
16484.1, 43.0
16489.1, 41.0
16494.1, 40.0
16499.1, 44.0
16504.1, 41.0
16509.1, 35.0
16514.1, 34.0
16519.1, 37.0
16524.1, 39.0
16529.1, 32.0
16534.2, 44.0
16539.2, 39.0
16544.2, 36.0
16549.2, 35.0
16554.2, 38.0
16559.2, 41.0
16564.2, 41.0
16569.2, 47.0
16574.2, 39.0
16579.2, 30.0
16584.2, 45.0
16589.2, 36.0
16594.2, 36.0
16599.2, 44.0
16604.2, 46.0
16609.2, 31.0
16614.2, 35.0
16619.2, 40.0
16624.2, 54.0
16629.2, 57.0
16634.2, 37.0
16639.2, 38.0
16644.2, 44.0
16649.2, 34.0
16654.2, 34.0
16659.2, 32.0
16664.2, 41.0
16669.2, 32.0
16674.2, 48.0
16679.2, 32.0
16684.2, 35.0
16689.2, 28.0
16694.2, 34.0
16699.2, 29.0
16704.2, 27.0
16709.3, 43.0
16714.3, 32.0
16719.3, 37.0
16724.3, 42.0
16729.3, 31.0
16734.3, 32.0
16739.3, 37.0
16744.3, 46.0
16749.3, 42.0
16754.3, 31.0
16759.3, 30.0
16764.3, 37.0
16769.3, 48.0
16774.3, 52.0
16779.3, 38.0
16784.3, 49.0
16789.3, 38.0
16794.3, 31.0
16799.3, 49.0
16804.3, 40.0
16809.3, 33.0
16814.3, 36.0
16819.3, 53.0
16824.3, 45.0
16829.3, 58.0
16834.3, 39.0
16839.3, 41.0
16844.3, 46.0
16849.3, 41.0
16854.3, 46.0
16859.3, 47.0
16864.3, 52.0
16869.3, 52.0
16874.3, 57.0
16879.4, 58.0
16884.4, 46.0
16889.4, 56.0
16894.4, 56.0
16899.4, 46.0
16904.4, 49.0
16909.4, 51.0
16914.4, 56.0
16919.4, 64.0
16924.4, 52.0
16929.4, 48.0
16934.4, 57.0
16939.4, 59.0
16944.4, 49.0
16949.4, 53.0
16954.4, 53.0
16959.4, 64.0
16964.4, 49.0
16969.4, 60.0
16974.4, 59.0
16979.4, 59.0
16984.4, 63.0
16989.4, 59.0
16994.4, 65.0
16999.4, 35.0
17004.4, 40.0
17009.4, 45.0
17014.4, 50.0
17019.4, 46.0
17024.4, 54.0
17029.4, 61.0
17034.4, 53.0
17039.4, 40.0
17044.4, 47.0
17049.5, 52.0
17054.5, 43.0
17059.5, 37.0
17064.5, 37.0
17069.5, 42.0
17074.5, 40.0
17079.5, 38.0
17084.5, 36.0
17089.5, 42.0
17094.5, 38.0
17099.5, 46.0
17104.5, 40.0
17109.5, 32.0
17114.5, 25.0
17119.5, 29.0
17124.5, 36.0
17129.5, 37.0
17134.5, 26.0
17139.5, 37.0
17144.5, 39.0
17149.5, 32.0
17154.5, 29.0
17159.5, 32.0
17164.5, 29.0
17169.5, 25.0
17174.5, 30.0
17179.5, 26.0
17184.5, 31.0
17189.5, 31.0
17194.5, 29.0
17199.5, 30.0
17204.5, 34.0
17209.5, 24.0
17214.5, 27.0
17219.5, 22.0
17224.6, 26.0
17229.6, 26.0
17234.6, 24.0
17239.6, 25.0
17244.6, 36.0
17249.6, 29.0
17254.6, 27.0
17259.6, 35.0
17264.6, 20.0
17269.6, 19.0
17274.6, 25.0
17279.6, 21.0
17284.6, 25.0
17289.6, 24.0
17294.6, 27.0
17299.6, 21.0
17304.6, 32.0
17309.6, 27.0
17314.6, 29.0
17319.6, 21.0
17324.6, 27.0
17329.6, 11.0
17334.6, 30.0
17339.6, 40.0
17344.6, 22.0
17349.6, 29.0
17354.6, 29.0
17359.6, 42.0
17364.6, 27.0
17369.6, 38.0
17374.6, 31.0
17379.6, 26.0
17384.6, 32.0
17389.6, 37.0
17394.7, 24.0
17399.7, 34.0
17404.7, 21.0
17409.7, 33.0
17414.7, 22.0
17419.7, 32.0
17424.7, 26.0
17429.7, 24.0
17434.7, 25.0
17439.7, 28.0
17444.7, 28.0
17449.7, 36.0
17454.7, 21.0
17459.7, 31.0
17464.7, 31.0
17469.7, 29.0
17474.7, 35.0
17479.7, 32.0
17484.7, 19.0
17489.7, 32.0
17494.7, 28.0
17499.7, 27.0
17504.7, 22.0
17509.7, 29.0
17514.7, 25.0
17519.7, 28.0
17524.7, 30.0
17529.7, 26.0
17534.7, 24.0
17539.7, 19.0
17544.7, 28.0
17549.7, 24.0
17554.7, 20.0
17559.7, 28.0
17564.7, 29.0
17569.8, 20.0
17574.8, 28.0
17579.8, 21.0
17584.8, 34.0
17589.8, 26.0
17594.8, 24.0
17599.8, 21.0
17604.8, 24.0
17609.8, 21.0
17614.8, 22.0
17619.8, 16.0
17624.8, 29.0
17629.8, 27.0
17634.8, 30.0
17639.8, 30.0
17644.8, 13.0
17649.8, 18.0
17654.8, 21.0
17659.8, 21.0
17664.8, 24.0
17669.8, 20.0
17674.8, 17.0
17679.8, 16.0
17684.8, 17.0
17689.8, 35.0
17694.8, 26.0
17699.8, 20.0
17704.8, 21.0
17709.8, 25.0
17714.8, 21.0
17719.8, 23.0
17724.8, 20.0
17729.8, 22.0
17734.8, 20.0
17739.9, 24.0
17744.9, 20.0
17749.9, 17.0
17754.9, 20.0
17759.9, 17.0
17764.9, 21.0
17769.9, 19.0
17774.9, 30.0
17779.9, 23.0
17784.9, 20.0
17789.9, 31.0
17794.9, 28.0
17799.9, 24.0
17804.9, 26.0
17809.9, 28.0
17814.9, 22.0
17819.9, 21.0
17824.9, 19.0
17829.9, 23.0
17834.9, 28.0
17839.9, 9.0
17844.9, 24.0
17849.9, 26.0
17854.9, 20.0
17859.9, 23.0
17864.9, 21.0
17869.9, 34.0
17874.9, 13.0
17879.9, 32.0
17884.9, 26.0
17889.9, 14.0
17894.9, 26.0
17899.9, 28.0
17904.9, 21.0
17910.0, 28.0
17915.0, 21.0
17920.0, 21.0
17925.0, 15.0
17930.0, 27.0
17935.0, 25.0
17940.0, 32.0
17945.0, 18.0
17950.0, 24.0
17955.0, 14.0
17960.0, 24.0
17965.0, 21.0
17970.0, 20.0
17975.0, 24.0
17980.0, 18.0
17985.0, 23.0
17990.0, 21.0
17995.0, 19.0
18000.0, 24.0
18005.0, 28.0
18010.0, 20.0
18015.0, 18.0
18020.0, 31.0
18025.0, 17.0
18030.0, 21.0
18035.0, 18.0
18040.0, 16.0
18045.0, 24.0
18050.0, 16.0
18055.0, 18.0
18060.0, 26.0
18065.0, 23.0
18070.0, 16.0
18075.0, 18.0
18080.0, 13.0
18085.1, 27.0
18090.1, 20.0
18095.1, 16.0
18100.1, 14.0
18105.1, 15.0
18110.1, 25.0
18115.1, 23.0
18120.1, 19.0
18125.1, 15.0
18130.1, 17.0
18135.1, 15.0
18140.1, 21.0
18145.1, 27.0
18150.1, 17.0
18155.1, 20.0
18160.1, 17.0
18165.1, 26.0
18170.1, 12.0
18175.1, 18.0
18180.1, 18.0
18185.1, 22.0
18190.1, 16.0
18195.1, 25.0
18200.1, 18.0
18205.1, 23.0
18210.1, 16.0
18215.1, 17.0
18220.1, 20.0
18225.1, 22.0
18230.1, 13.0
18235.1, 16.0
18240.1, 13.0
18245.1, 17.0
18250.1, 23.0
18255.2, 15.0
18260.2, 13.0
18265.2, 15.0
18270.2, 16.0
18275.2, 13.0
18280.2, 15.0
18285.2, 14.0
18290.2, 15.0
18295.2, 20.0
18300.2, 17.0
18305.2, 15.0
18310.2, 11.0
18315.2, 18.0
18320.2, 25.0
18325.2, 13.0
18330.2, 13.0
18335.2, 17.0
18340.2, 21.0
18345.2, 16.0
18350.2, 15.0
18355.2, 17.0
18360.2, 20.0
18365.2, 14.0
18370.2, 8.0
18375.2, 16.0
18380.2, 9.0
18385.2, 24.0
18390.2, 14.0
18395.2, 15.0
18400.2, 14.0
18405.2, 13.0
18410.2, 14.0
18415.2, 13.0
18420.2, 12.0
18425.3, 18.0
18430.3, 22.0
18435.3, 14.0
18440.3, 12.0
18445.3, 17.0
18450.3, 13.0
18455.3, 10.0
18460.3, 18.0
18465.3, 16.0
18470.3, 14.0
18475.3, 8.0
18480.3, 19.0
18485.3, 19.0
18490.3, 21.0
18495.3, 16.0
18500.3, 13.0
18505.3, 8.0
18510.3, 16.0
18515.3, 12.0
18520.3, 16.0
18525.3, 17.0
18530.3, 13.0
18535.3, 18.0
18540.3, 11.0
18545.3, 12.0
18550.3, 10.0
18555.3, 10.0
18560.3, 17.0
18565.3, 13.0
18570.3, 13.0
18575.3, 14.0
18580.3, 12.0
18585.3, 11.0
18590.3, 13.0
18595.3, 13.0
18600.4, 13.0
18605.4, 15.0
18610.4, 10.0
18615.4, 13.0
18620.4, 17.0
18625.4, 13.0
18630.4, 13.0
18635.4, 8.0
18640.4, 16.0
18645.4, 13.0
18650.4, 12.0
18655.4, 16.0
18660.4, 11.0
18665.4, 14.0
18670.4, 12.0
18675.4, 12.0
18680.4, 24.0
18685.4, 13.0
18690.4, 16.0
18695.4, 9.0
18700.4, 21.0
18705.4, 8.0
18710.4, 10.0
18715.4, 8.0
18720.4, 11.0
18725.4, 13.0
18730.4, 14.0
18735.4, 18.0
18740.4, 16.0
18745.4, 12.0
18750.4, 11.0
18755.4, 13.0
18760.4, 17.0
18765.4, 7.0
18770.5, 12.0
18775.5, 13.0
18780.5, 17.0
18785.5, 14.0
18790.5, 12.0
18795.5, 13.0
18800.5, 10.0
18805.5, 5.0
18810.5, 9.0
18815.5, 9.0
18820.5, 15.0
18825.5, 12.0
18830.5, 16.0
18835.5, 15.0
18840.5, 12.0
18845.5, 9.0
18850.5, 11.0
18855.5, 13.0
18860.5, 11.0
18865.5, 9.0
18870.5, 13.0
18875.5, 9.0
18880.5, 11.0
18885.5, 5.0
18890.5, 11.0
18895.5, 12.0
18900.5, 11.0
18905.5, 14.0
18910.5, 6.0
18915.5, 6.0
18920.5, 16.0
18925.5, 14.0
18930.5, 10.0
18935.5, 12.0
18940.5, 10.0
18945.6, 10.0
18950.6, 15.0
18955.6, 11.0
18960.6, 14.0
18965.6, 12.0
18970.6, 9.0
18975.6, 6.0
18980.6, 8.0
18985.6, 9.0
18990.6, 12.0
18995.6, 10.0
19000.6, 13.0
19005.6, 9.0
19010.6, 9.0
19015.6, 12.0
19020.6, 9.0
19025.6, 14.0
19030.6, 13.0
19035.6, 10.0
19040.6, 10.0
19045.6, 7.0
19050.6, 9.0
19055.6, 7.0
19060.6, 8.0
19065.6, 9.0
19070.6, 10.0
19075.6, 7.0
19080.6, 15.0
19085.6, 12.0
19090.6, 12.0
19095.6, 10.0
19100.6, 5.0
19105.6, 7.0
19110.6, 10.0
19115.7, 9.0
19120.7, 14.0
19125.7, 8.0
19130.7, 15.0
19135.7, 7.0
19140.7, 8.0
19145.7, 9.0
19150.7, 6.0
19155.7, 9.0
19160.7, 9.0
19165.7, 9.0
19170.7, 9.0
19175.7, 10.0
19180.7, 12.0
19185.7, 8.0
19190.7, 10.0
19195.7, 11.0
19200.7, 8.0
19205.7, 9.0
19210.7, 7.0
19215.7, 8.0
19220.7, 6.0
19225.7, 8.0
19230.7, 2.0
19235.7, 8.0
19240.7, 9.0
19245.7, 7.0
19250.7, 10.0
19255.7, 9.0
19260.7, 10.0
19265.7, 7.0
19270.7, 7.0
19275.7, 7.0
19280.7, 8.0
19285.8, 7.0
19290.8, 6.0
19295.8, 4.0
19300.8, 4.0
19305.8, 6.0
19310.8, 11.0
19315.8, 6.0
19320.8, 10.0
19325.8, 10.0
19330.8, 5.0
19335.8, 9.0
19340.8, 8.0
19345.8, 6.0
19350.8, 6.0
19355.8, 15.0
19360.8, 11.0
19365.8, 7.0
19370.8, 4.0
19375.8, 6.0
19380.8, 7.0
19385.8, 11.0
19390.8, 5.0
19395.8, 4.0
19400.8, 6.0
19405.8, 10.0
19410.8, 13.0
19415.8, 9.0
19420.8, 3.0
19425.8, 5.0
19430.8, 10.0
19435.8, 9.0
19440.8, 8.0
19445.8, 6.0
19450.8, 5.0
19455.8, 7.0
19460.9, 2.0
19465.9, 4.0
19470.9, 10.0
19475.9, 8.0
19480.9, 5.0
19485.9, 5.0
19490.9, 7.0
19495.9, 6.0
19500.9, 7.0
19505.9, 6.0
19510.9, 1.0
19515.9, 4.0
19520.9, 7.0
19525.9, 3.0
19530.9, 3.0
19535.9, 5.0
19540.9, 8.0
19545.9, 8.0
19550.9, 6.0
19555.9, 5.0
19560.9, 5.0
19565.9, 7.0
19570.9, 3.0
19575.9, 5.0
19580.9, 6.0
19585.9, 9.0
19590.9, 9.0
19595.9, 5.0
19600.9, 6.0
19605.9, 6.0
19610.9, 4.0
19615.9, 7.0
19620.9, 5.0
19625.9, 5.0
19631.0, 5.0
19636.0, 4.0
19641.0, 9.0
19646.0, 8.0
19651.0, 5.0
19656.0, 5.0
19661.0, 2.0
19666.0, 4.0
19671.0, 6.0
19676.0, 5.0
19681.0, 4.0
19686.0, 4.0
19691.0, 5.0
19696.0, 6.0
19701.0, 8.0
19706.0, 10.0
19711.0, 8.0
19716.0, 5.0
19721.0, 3.0
19726.0, 5.0
19731.0, 3.0
19736.0, 6.0
19741.0, 4.0
19746.0, 2.0
19751.0, 3.0
19756.0, 4.0
19761.0, 5.0
19766.0, 3.0
19771.0, 5.0
19776.0, 8.0
19781.0, 7.0
19786.0, 5.0
19791.0, 4.0
19796.0, 5.0
19801.0, 3.0
19806.1, 3.0
19811.1, 5.0
19816.1, 4.0
19821.1, 4.0
19826.1, 3.0
19831.1, 4.0
19836.1, 2.0
19841.1, 4.0
19846.1, 3.0
19851.1, 5.0
19856.1, 4.0
19861.1, 3.0
19866.1, 4.0
19871.1, 4.0
19876.1, 6.0
19881.1, 6.0
19886.1, 5.0
19891.1, 6.0
19896.1, 5.0
19901.1, 3.0
19906.1, 5.0
19911.1, 4.0
19916.1, 5.0
19921.1, 4.0
19926.1, 3.0
19931.1, 2.0
19936.1, 1.0
19941.1, 3.0
19946.1, 7.0
19951.1, 6.0
19956.1, 3.0
19961.1, 1.0
19966.1, 3.0
19971.1, 5.0
19976.2, 3.0
19981.2, 3.0
19986.2, 3.0
19991.2, 2.0
19996.2, 3.0
e
# O K?
524.9, 794.0
# C K?
281.8, 1248.0
# Cu L?
929.5, 103850.0
# Cu K?
8905.3, 3650.5
# Cu K?
8905.3, 2033.8
# Cu K?
8027.9, 13402.6
# O K?
524.9, 1588.0
# Cu L?
929.5, 10000.8
# C K?
277.4, 624.0
# Cu K?
8047.8, 26075.0
e
