 #  Results from PENEPMA.
 #  Energy distribution of upbound electrons.
 #  1st column: E (eV).
 #  2nd and 3rd columns: probability density and STU (1/(eV*particle)).

   7.500001E+00  1.000000E-35  1.000000E-35
   2.250000E+01  1.000000E-35  1.000000E-35
   3.750000E+01  1.000000E-35  1.000000E-35
   5.250001E+01  4.167895E-05  1.455516E-06
   6.750001E+01  4.554472E-05  1.431937E-06
   8.250001E+01  3.016216E-05  9.902444E-07
   9.750001E+01  1.860399E-05  8.470314E-07
   1.125000E+02  1.153992E-05  7.776477E-07
   1.275000E+02  1.113986E-05  7.585760E-07
   1.425000E+02  9.763793E-06  7.043980E-07
   1.575000E+02  9.287000E-06  6.828771E-07
   1.725000E+02  8.854200E-06  6.584040E-07
   1.875000E+02  8.595625E-06  6.428070E-07
   2.025000E+02  7.911680E-06  6.083682E-07
   2.175000E+02  7.654554E-06  5.997437E-07
   2.325000E+02  7.932029E-06  5.914577E-07
   2.475000E+02  8.744457E-06  5.699756E-07
   2.625000E+02  6.176609E-06  5.572847E-07
   2.775000E+02  6.223396E-06  5.537043E-07
   2.925000E+02  6.054712E-06  5.449280E-07
   3.075000E+02  5.612035E-06  5.152562E-07
   3.225000E+02  5.511515E-06  5.108302E-07
   3.375000E+02  5.631023E-06  5.140562E-07
   3.525000E+02  5.233833E-06  4.848696E-07
   3.675000E+02  5.067874E-06  4.741112E-07
   3.825000E+02  5.366854E-06  4.846842E-07
   3.975000E+02  5.184073E-06  4.695401E-07
   4.125000E+02  5.402218E-06  4.787999E-07
   4.275000E+02  5.556370E-06  4.784436E-07
   4.425000E+02  5.400492E-06  4.653744E-07
   4.575000E+02  5.447860E-06  4.757476E-07
   4.725000E+02  6.105189E-06  4.826442E-07
   4.875000E+02  6.441111E-06  4.770162E-07
   5.025001E+02  6.251297E-06  4.562405E-07
   5.175001E+02  3.805885E-06  4.640381E-07
   5.325001E+02  3.679566E-06  4.563690E-07
   5.475001E+02  3.558616E-06  4.477669E-07
   5.625001E+02  3.341024E-06  4.330773E-07
   5.775001E+02  3.466741E-06  4.411487E-07
   5.925001E+02  3.463770E-06  4.403553E-07
   6.075001E+02  3.305716E-06  4.309168E-07
   6.225001E+02  3.156082E-06  4.200850E-07
   6.375001E+02  3.479232E-06  4.415977E-07
   6.525001E+02  3.378817E-06  4.352385E-07
   6.675001E+02  3.133998E-06  4.184003E-07
   6.825001E+02  3.157377E-06  4.192731E-07
   6.975001E+02  3.258910E-06  4.266818E-07
   7.125001E+02  3.192742E-06  4.223715E-07
   7.275001E+02  3.152584E-06  4.184287E-07
   7.425001E+02  3.124160E-06  4.171174E-07
   7.575001E+02  3.283570E-06  4.264012E-07
   7.725001E+02  3.258139E-06  4.276728E-07
   7.875001E+02  3.158909E-06  4.188713E-07
   8.025001E+02  3.164909E-06  4.180808E-07
   8.175001E+02  3.136357E-06  4.167015E-07
   8.325001E+02  3.076327E-06  4.122531E-07
   8.475001E+02  3.388745E-06  4.329133E-07
   8.625001E+02  2.926721E-06  4.009172E-07
   8.775001E+02  3.077925E-06  4.118444E-07
   8.925001E+02  2.994962E-06  4.059565E-07
   9.075001E+02  3.186694E-06  4.190112E-07
   9.225001E+02  3.156704E-06  4.151539E-07
   9.375001E+02  3.145419E-06  4.150964E-07
   9.525001E+02  3.181749E-06  4.173436E-07
   9.675001E+02  3.278630E-06  4.223304E-07
   9.825001E+02  3.254663E-06  4.230872E-07
   9.975001E+02  3.070358E-06  4.084560E-07
   1.012500E+03  2.698252E-06  3.821411E-07
   1.027500E+03  3.135662E-06  4.113063E-07
   1.042500E+03  3.112638E-06  4.111879E-07
   1.057500E+03  2.918808E-06  3.970017E-07
   1.072500E+03  3.066950E-06  4.051283E-07
   1.087500E+03  3.072735E-06  4.059383E-07
   1.102500E+03  3.011495E-06  4.022186E-07
   1.117500E+03  2.944089E-06  3.975681E-07
   1.132500E+03  2.995941E-06  3.999958E-07
   1.147500E+03  3.380317E-06  4.281487E-07
   1.162500E+03  3.197965E-06  4.145361E-07
   1.177500E+03  3.363132E-06  4.255863E-07
   1.192500E+03  3.093609E-06  4.068916E-07
   1.207500E+03  3.156301E-06  4.093198E-07
   1.222500E+03  3.082678E-06  4.047190E-07
   1.237500E+03  3.051485E-06  4.037064E-07
   1.252500E+03  3.224967E-06  4.152183E-07
   1.267500E+03  3.037233E-06  3.993546E-07
   1.282500E+03  3.308642E-06  4.196250E-07
   1.297500E+03  2.986027E-06  3.964935E-07
   1.312500E+03  3.408651E-06  4.250048E-07
   1.327500E+03  3.062876E-06  4.021286E-07
   1.342500E+03  3.252275E-06  4.143984E-07
   1.357500E+03  3.184978E-06  4.107239E-07
   1.372500E+03  3.406625E-06  4.282786E-07
   1.387500E+03  3.366271E-06  4.141540E-07
   1.402500E+03  2.987736E-06  4.003818E-07
   1.417500E+03  3.198357E-06  4.141898E-07
   1.432500E+03  2.960547E-06  3.976556E-07
   1.447500E+03  3.273894E-06  4.190410E-07
   1.462500E+03  3.203190E-06  4.133182E-07
   1.477500E+03  2.974920E-06  3.981638E-07
   1.492500E+03  2.986355E-06  3.977930E-07
   1.507500E+03  3.123460E-06  4.087308E-07
   1.522500E+03  3.534130E-06  4.336219E-07
   1.537500E+03  3.151094E-06  4.113860E-07
   1.552500E+03  3.194410E-06  4.128576E-07
   1.567500E+03  3.314552E-06  4.134709E-07
   1.582500E+03  3.060682E-06  4.109220E-07
   1.597500E+03  3.196294E-06  4.215121E-07
   1.612500E+03  3.553192E-06  4.171643E-07
   1.627500E+03  3.029541E-06  4.161622E-07
   1.642500E+03  3.117173E-06  4.219956E-07
   1.657500E+03  3.097834E-06  4.197939E-07
   1.672500E+03  2.868853E-06  4.044534E-07
   1.687500E+03  3.225452E-06  4.301264E-07
   1.702500E+03  2.835500E-06  4.017227E-07
   1.717500E+03  3.107346E-06  4.206591E-07
   1.732500E+03  2.976402E-06  4.134079E-07
   1.747500E+03  3.034183E-06  4.174219E-07
   1.762500E+03  3.224324E-06  4.305200E-07
   1.777500E+03  3.072185E-06  4.209554E-07
   1.792500E+03  3.195075E-06  4.283768E-07
   1.807500E+03  3.104289E-06  4.222737E-07
   1.822500E+03  3.142763E-06  4.248980E-07
   1.837500E+03  3.090176E-06  4.209813E-07
   1.852500E+03  3.221644E-06  4.301079E-07
   1.867500E+03  3.217446E-06  4.300872E-07
   1.882500E+03  3.285798E-06  4.343942E-07
   1.897500E+03  3.314620E-06  4.365056E-07
   1.912500E+03  3.009940E-06  4.165405E-07
   1.927500E+03  3.080485E-06  4.205245E-07
   1.942500E+03  3.348777E-06  4.382409E-07
   1.957500E+03  3.396780E-06  4.415943E-07
   1.972500E+03  3.522792E-06  4.498960E-07
   1.987500E+03  3.178589E-06  4.270913E-07
   2.002500E+03  3.206482E-06  4.292340E-07
   2.017500E+03  3.424206E-06  4.436647E-07
   2.032500E+03  3.512790E-06  4.490849E-07
   2.047500E+03  3.641562E-06  4.572637E-07
   2.062500E+03  3.641864E-06  4.576405E-07
   2.077500E+03  3.266104E-06  4.331105E-07
   2.092500E+03  3.283612E-06  4.339881E-07
   2.107500E+03  3.130551E-06  4.236231E-07
   2.122500E+03  3.391742E-06  4.411813E-07
   2.137500E+03  3.421495E-06  4.432648E-07
   2.152500E+03  3.599434E-06  4.544318E-07
   2.167500E+03  3.486631E-06  4.474294E-07
   2.182500E+03  3.492573E-06  4.478411E-07
   2.197500E+03  3.739710E-06  4.633100E-07
   2.212500E+03  3.570175E-06  4.524019E-07
   2.227500E+03  3.836430E-06  4.692720E-07
   2.242500E+03  3.379386E-06  4.403428E-07
   2.257500E+03  3.666265E-06  4.588772E-07
   2.272500E+03  3.784878E-06  4.664704E-07
   2.287500E+03  3.483776E-06  4.474161E-07
   2.302500E+03  3.779600E-06  4.657095E-07
   2.317500E+03  3.675492E-06  4.600999E-07
   2.332500E+03  3.685731E-06  4.597142E-07
   2.347500E+03  3.552193E-06  4.515579E-07
   2.362500E+03  3.819672E-06  4.677305E-07
   2.377500E+03  3.843774E-06  4.696709E-07
   2.392500E+03  3.552149E-06  4.515579E-07
   2.407500E+03  3.730162E-06  4.633251E-07
   2.422500E+03  3.888217E-06  4.724220E-07
   2.437500E+03  3.917467E-06  4.743662E-07
   2.452500E+03  3.958802E-06  4.767163E-07
   2.467500E+03  3.884614E-06  4.720423E-07
   2.482500E+03  3.823550E-06  4.684818E-07
   2.497500E+03  3.667808E-06  4.585101E-07
   2.512500E+03  4.107166E-06  4.859295E-07
   2.527500E+03  3.805699E-06  4.673045E-07
   2.542500E+03  4.217798E-06  4.920262E-07
   2.557500E+03  3.942028E-06  4.751990E-07
   2.572500E+03  3.895695E-06  4.724556E-07
   2.587500E+03  4.010437E-06  4.791005E-07
   2.602500E+03  4.083988E-06  4.848234E-07
   2.617500E+03  3.699633E-06  4.601516E-07
   2.632500E+03  4.224406E-06  4.920545E-07
   2.647500E+03  4.310000E-06  4.972798E-07
   2.662500E+03  3.952990E-06  4.759697E-07
   2.677500E+03  4.137356E-06  4.867670E-07
   2.692500E+03  4.294034E-06  4.961749E-07
   2.707500E+03  4.223447E-06  4.928030E-07
   2.722500E+03  4.168510E-06  4.886622E-07
   2.737500E+03  4.396213E-06  5.021116E-07
   2.752500E+03  4.410469E-06  5.028550E-07
   2.767500E+03  4.290891E-06  4.958154E-07
   2.782500E+03  4.026591E-06  4.798878E-07
   2.797500E+03  4.393739E-06  5.014167E-07
   2.812500E+03  4.287764E-06  4.954558E-07
   2.827500E+03  4.204340E-06  4.905704E-07
   2.842500E+03  4.405680E-06  5.021512E-07
   2.857500E+03  4.105598E-06  4.852155E-07
   2.872500E+03  4.568064E-06  5.126945E-07
   2.887500E+03  4.677324E-06  5.184708E-07
   2.902500E+03  4.575711E-06  5.126731E-07
   2.917500E+03  4.296541E-06  4.958936E-07
   2.932500E+03  4.509643E-06  5.090387E-07
   2.947500E+03  4.375213E-06  5.016812E-07
   2.962500E+03  4.471310E-06  5.065121E-07
   2.977500E+03  4.600621E-06  5.121050E-07
   2.992500E+03  4.526915E-06  5.094474E-07
   3.007500E+03  4.535223E-06  5.115005E-07
   3.022500E+03  4.441790E-06  5.067818E-07
   3.037500E+03  4.714874E-06  5.215435E-07
   3.052500E+03  4.587949E-06  5.143957E-07
   3.067500E+03  4.583693E-06  5.143783E-07
   3.082500E+03  4.426586E-06  5.053075E-07
   3.097500E+03  4.927557E-06  5.331407E-07
   3.112500E+03  5.069199E-06  5.407333E-07
   3.127500E+03  4.963898E-06  5.348920E-07
   3.142500E+03  4.617374E-06  5.158497E-07
   3.157500E+03  4.864789E-06  5.296599E-07
   3.172500E+03  4.904725E-06  5.324565E-07
   3.187500E+03  4.962926E-06  5.355807E-07
   3.202500E+03  4.917070E-06  5.324545E-07
   3.217500E+03  5.073246E-06  5.410667E-07
   3.232500E+03  4.946791E-06  5.341821E-07
   3.247500E+03  5.008315E-06  5.373093E-07
   3.262500E+03  5.216194E-06  5.479281E-07
   3.277500E+03  5.165718E-06  5.461640E-07
   3.292500E+03  4.992493E-06  5.369273E-07
   3.307500E+03  5.217045E-06  5.488709E-07
   3.322500E+03  5.173055E-06  5.465067E-07
   3.337500E+03  5.159779E-06  5.458265E-07
   3.352500E+03  5.037842E-06  5.393390E-07
   3.367500E+03  5.127223E-06  5.441250E-07
   3.382500E+03  4.928758E-06  5.334676E-07
   3.397500E+03  4.840793E-06  5.285908E-07
   3.412500E+03  5.326128E-06  5.545793E-07
   3.427500E+03  4.921841E-06  5.331183E-07
   3.442500E+03  5.249618E-06  5.505578E-07
   3.457500E+03  5.359141E-06  5.562506E-07
   3.472500E+03  5.217975E-06  5.488745E-07
   3.487500E+03  4.723884E-06  5.222382E-07
   3.502500E+03  5.102941E-06  5.427668E-07
   3.517500E+03  4.973230E-06  5.358912E-07
   3.532500E+03  5.602533E-06  5.687641E-07
   3.547500E+03  5.255519E-06  5.508924E-07
   3.562500E+03  5.640540E-06  5.707133E-07
   3.577500E+03  5.505836E-06  5.638553E-07
   3.592500E+03  5.569958E-06  5.671314E-07
   3.607500E+03  5.178517E-06  5.468420E-07
   3.622500E+03  5.634117E-06  5.703886E-07
   3.637500E+03  5.929291E-06  5.851384E-07
   3.652500E+03  5.717545E-06  5.745954E-07
   3.667500E+03  5.974194E-06  5.873505E-07
   3.682500E+03  5.531465E-06  5.651680E-07
   3.697500E+03  5.576362E-06  5.674579E-07
   3.712500E+03  5.852273E-06  5.813268E-07
   3.727500E+03  5.499368E-06  5.635266E-07
   3.742500E+03  5.890798E-06  5.832357E-07
   3.757500E+03  6.012706E-06  5.892399E-07
   3.772500E+03  5.813795E-06  5.794116E-07
   3.787500E+03  5.602035E-06  5.687623E-07
   3.802500E+03  5.845872E-06  5.816455E-07
   3.817500E+03  5.954976E-06  5.864035E-07
   3.832500E+03  5.762439E-06  5.768479E-07
   3.847500E+03  5.820205E-06  5.797312E-07
   3.862500E+03  5.852290E-06  5.813268E-07
   3.877500E+03  6.025558E-06  5.898684E-07
   3.892500E+03  5.800945E-06  5.787717E-07
   3.907500E+03  5.839460E-06  5.806892E-07
   3.922500E+03  5.948528E-06  5.860875E-07
   3.937500E+03  6.019111E-06  5.895542E-07
   3.952500E+03  6.301442E-06  6.038360E-07
   3.967500E+03  6.044769E-06  5.908098E-07
   3.982500E+03  5.974210E-06  5.873505E-07
   3.997500E+03  6.404120E-06  6.081159E-07
   4.012500E+03  5.691853E-06  5.733043E-07
   4.027500E+03  6.320699E-06  6.041426E-07
   4.042500E+03  6.070441E-06  5.920628E-07
   4.057500E+03  6.577350E-06  6.162862E-07
   4.072500E+03  6.141032E-06  5.954947E-07
   4.087500E+03  6.513206E-06  6.132729E-07
   4.102500E+03  6.551689E-06  6.150827E-07
   4.117500E+03  6.179512E-06  5.973584E-07
   4.132500E+03  6.429799E-06  6.093332E-07
   4.147500E+03  6.551696E-06  6.150827E-07
   4.162500E+03  6.051194E-06  5.911233E-07
   4.177500E+03  6.532458E-06  6.141784E-07
   4.192500E+03  6.500379E-06  6.126684E-07
   4.207500E+03  6.872531E-06  6.305499E-07
   4.222500E+03  6.834022E-06  6.281950E-07
   4.237500E+03  6.295029E-06  6.029148E-07
   4.252500E+03  6.660782E-06  6.201817E-07
   4.267500E+03  6.731395E-06  6.234588E-07
   4.282500E+03  6.513201E-06  6.138768E-07
   4.297500E+03  6.673638E-06  6.207788E-07
   4.312500E+03  7.071452E-06  6.390130E-07
   4.327500E+03  6.943113E-06  6.331884E-07
   4.342500E+03  6.801955E-06  6.267188E-07
   4.357500E+03  6.898192E-06  6.311371E-07
   4.372500E+03  6.923880E-06  6.323101E-07
   4.387500E+03  6.680033E-06  6.210772E-07
   4.402500E+03  6.686480E-06  6.213754E-07
   4.417500E+03  6.667196E-06  6.204803E-07
   4.432500E+03  6.911040E-06  6.317239E-07
   4.447500E+03  7.302455E-06  6.493656E-07
   4.462500E+03  6.859699E-06  6.293735E-07
   4.477500E+03  7.482137E-06  6.573049E-07
   4.492500E+03  7.058614E-06  6.384330E-07
   4.507500E+03  7.366648E-06  6.522122E-07
   4.522500E+03  7.385864E-06  6.530637E-07
   4.537500E+03  7.283193E-06  6.485092E-07
   4.552500E+03  7.507789E-06  6.584312E-07
   4.567500E+03  6.943130E-06  6.331884E-07
   4.582500E+03  7.340969E-06  6.510750E-07
   4.597500E+03  7.251115E-06  6.470794E-07
   4.612500E+03  7.527038E-06  6.592747E-07
   4.627500E+03  6.981619E-06  6.349414E-07
   4.642500E+03  7.116363E-06  6.410391E-07
   4.657500E+03  7.405125E-06  6.539141E-07
   4.672500E+03  7.398704E-06  6.536308E-07
   4.687500E+03  7.257544E-06  6.473656E-07
   4.702500E+03  7.604045E-06  6.626380E-07
   4.717500E+03  7.417955E-06  6.544805E-07
   4.732500E+03  7.924877E-06  6.764717E-07
   4.747500E+03  7.636112E-06  6.640344E-07
   4.762500E+03  7.456443E-06  6.561766E-07
   4.777500E+03  7.912057E-06  6.759238E-07
   4.792500E+03  7.482120E-06  6.573049E-07
   4.807500E+03  7.494967E-06  6.578683E-07
   4.822500E+03  7.616875E-06  6.631969E-07
   4.837500E+03  7.809363E-06  6.715244E-07
   4.852500E+03  7.533462E-06  6.595557E-07
   4.867500E+03  7.815771E-06  6.718002E-07
   4.882500E+03  7.559096E-06  6.606782E-07
   4.897500E+03  8.200791E-06  6.881461E-07
   4.912500E+03  7.796554E-06  6.709725E-07
   4.927500E+03  7.340956E-06  6.510750E-07
   4.942500E+03  7.860704E-06  6.737277E-07
   4.957500E+03  7.693865E-06  6.665404E-07
   4.972500E+03  7.405115E-06  6.539141E-07
   4.987500E+03  7.937698E-06  6.770191E-07
   5.002501E+03  7.578356E-06  6.615188E-07
   5.017501E+03  7.764455E-06  6.695906E-07
   5.032501E+03  7.905620E-06  6.756496E-07
   5.047501E+03  8.329137E-06  6.935091E-07
   5.062501E+03  8.187980E-06  6.876075E-07
   5.077501E+03  8.098120E-06  6.838254E-07
   5.092501E+03  7.905633E-06  6.756496E-07
   5.107501E+03  8.091702E-06  6.835545E-07
   5.122501E+03  8.457471E-06  6.988309E-07
   5.137501E+03  8.329129E-06  6.935091E-07
   5.152501E+03  8.412550E-06  6.969729E-07
   5.167501E+03  8.008279E-06  6.800223E-07
   5.182501E+03  8.688479E-06  7.083094E-07
   5.197501E+03  8.592218E-06  7.043755E-07
   5.212501E+03  8.316295E-06  6.929747E-07
   5.227501E+03  8.277785E-06  6.913689E-07
   5.242501E+03  8.348372E-06  6.943100E-07
   5.257501E+03  8.572962E-06  7.035861E-07
   5.272501E+03  8.874551E-06  7.158535E-07
   5.287501E+03  8.155868E-06  6.862592E-07
   5.302501E+03  8.932311E-06  7.181786E-07
   5.317501E+03  8.906645E-06  7.176627E-07
   5.332501E+03  8.329134E-06  6.935091E-07
   5.347501E+03  8.393280E-06  6.961751E-07
   5.362501E+03  8.771895E-06  7.122216E-07
   5.377501E+03  9.002864E-06  7.210103E-07
   5.392501E+03  8.662809E-06  7.072625E-07
   5.407501E+03  8.848897E-06  7.148176E-07
   5.422501E+03  8.990046E-06  7.204963E-07
   5.437501E+03  9.111973E-06  7.253647E-07
   5.452501E+03  9.054222E-06  7.230627E-07
   5.467501E+03  8.964378E-06  7.194671E-07
   5.482501E+03  9.034959E-06  7.222937E-07
   5.497501E+03  9.285226E-06  7.322274E-07
   5.512501E+03  8.848885E-06  7.148176E-07
   5.527501E+03  9.419970E-06  7.375208E-07
   5.542501E+03  9.188981E-06  7.284228E-07
   5.557501E+03  8.649961E-06  7.067385E-07
   5.572501E+03  9.240315E-06  7.304545E-07
   5.587501E+03  8.970796E-06  7.197245E-07
   5.602501E+03  9.233888E-06  7.302007E-07
   5.617501E+03  9.336555E-06  7.342484E-07
   5.632501E+03  9.176139E-06  7.279140E-07
   5.647501E+03  9.195377E-06  7.286771E-07
   5.662501E+03  9.522657E-06  7.415286E-07
   5.677501E+03  8.829629E-06  7.140398E-07
   5.692501E+03  9.182566E-06  7.281684E-07
   5.707501E+03  9.734410E-06  7.497268E-07
   5.722501E+03  9.439225E-06  7.382739E-07
   5.737501E+03  9.522638E-06  7.415286E-07
   5.752501E+03  9.432806E-06  7.380230E-07
   5.767501E+03  9.644557E-06  7.462598E-07
   5.782501E+03  9.471317E-06  7.400284E-07
   5.797501E+03  9.933334E-06  7.578364E-07
   5.812501E+03  9.580390E-06  7.437734E-07
   5.827501E+03  9.991068E-06  7.595454E-07
   5.842501E+03  9.824239E-06  7.531779E-07
   5.857501E+03  9.888395E-06  7.556332E-07
   5.872501E+03  9.958980E-06  7.583250E-07
   5.887501E+03  9.278791E-06  7.319744E-07
   5.902501E+03  9.599642E-06  7.445202E-07
   5.917501E+03  9.740809E-06  7.499738E-07
   5.932501E+03  9.837070E-06  7.536696E-07
   5.947501E+03  9.445636E-06  7.385248E-07
   5.962501E+03  9.939739E-06  7.575918E-07
   5.977501E+03  1.006806E-05  7.624663E-07
   5.992501E+03  1.013865E-05  7.651339E-07
   6.007501E+03  9.952555E-06  7.580807E-07
   6.022501E+03  9.958974E-06  7.583250E-07
   6.037501E+03  9.869145E-06  7.553882E-07
   6.052501E+03  1.045949E-05  7.771443E-07
   6.067501E+03  9.727973E-06  7.494797E-07
   6.082501E+03  1.049799E-05  7.785731E-07
   6.097501E+03  9.708727E-06  7.487379E-07
   6.112501E+03  9.695879E-06  7.482429E-07
   6.127501E+03  1.031192E-05  7.716428E-07
   6.142501E+03  1.048514E-05  7.780971E-07
   6.157501E+03  1.031833E-05  7.718828E-07
   6.172501E+03  1.036966E-05  7.738002E-07
   6.187501E+03  1.022207E-05  7.682747E-07
   6.202501E+03  1.037607E-05  7.740396E-07
   6.217501E+03  9.894804E-06  7.558783E-07
   6.232501E+03  9.984633E-06  7.593014E-07
   6.247501E+03  9.907635E-06  7.563683E-07
   6.262501E+03  1.000389E-05  7.600330E-07
   6.277501E+03  1.077392E-05  7.887370E-07
   6.292501E+03  1.040172E-05  7.749962E-07
   6.307501E+03  1.009373E-05  7.634374E-07
   6.322501E+03  1.051723E-05  7.792865E-07
   6.337501E+03  1.063916E-05  7.837897E-07
   6.352501E+03  1.054290E-05  7.802367E-07
   6.367501E+03  1.103058E-05  7.980755E-07
   6.382501E+03  1.080598E-05  7.899103E-07
   6.397501E+03  1.079957E-05  7.896758E-07
   6.412501E+03  1.057499E-05  7.814229E-07
   6.427501E+03  1.071615E-05  7.866205E-07
   6.442501E+03  1.083809E-05  7.910819E-07
   6.457501E+03  1.139634E-05  8.111969E-07
   6.472501E+03  1.070975E-05  7.863850E-07
   6.487501E+03  1.137068E-05  8.102831E-07
   6.502501E+03  1.056216E-05  7.809486E-07
   6.517501E+03  1.108835E-05  8.001616E-07
   6.532501E+03  1.069690E-05  7.859138E-07
   6.547501E+03  1.133859E-05  8.091393E-07
   6.562501E+03  1.108833E-05  8.001616E-07
   6.577501E+03  1.131934E-05  8.084522E-07
   6.592501E+03  1.137708E-05  8.105116E-07
   6.607501E+03  1.162094E-05  8.191498E-07
   6.622501E+03  1.087015E-05  7.922518E-07
   6.637501E+03  1.088940E-05  7.929529E-07
   6.652501E+03  1.171718E-05  8.225346E-07
   6.667501E+03  1.149259E-05  8.146148E-07
   6.682501E+03  1.137709E-05  8.105116E-07
   6.697501E+03  1.183269E-05  8.265780E-07
   6.712501E+03  1.105626E-05  7.990033E-07
   6.727501E+03  1.116533E-05  8.029347E-07
   6.742501E+03  1.147335E-05  8.139324E-07
   6.757501E+03  1.153751E-05  8.162049E-07
   6.772501E+03  1.164658E-05  8.200538E-07
   6.787501E+03  1.191609E-05  8.294860E-07
   6.802501E+03  1.212144E-05  8.366011E-07
   6.817501E+03  1.153109E-05  8.159780E-07
   6.832501E+03  1.167869E-05  8.211823E-07
   6.847501E+03  1.140276E-05  8.114253E-07
   6.862501E+03  1.124874E-05  8.059280E-07
   6.877501E+03  1.138351E-05  8.107401E-07
   6.892501E+03  1.155676E-05  8.168855E-07
   6.907501E+03  1.156958E-05  8.173388E-07
   6.922501E+03  1.135782E-05  8.098258E-07
   6.937501E+03  1.160167E-05  8.184711E-07
   6.952501E+03  1.173642E-05  8.232099E-07
   6.967501E+03  1.179418E-05  8.252324E-07
   6.982501E+03  1.175567E-05  8.238846E-07
   6.997501E+03  1.173000E-05  8.229848E-07
   7.012501E+03  1.169792E-05  8.218587E-07
   7.027501E+03  1.187117E-05  8.279215E-07
   7.042501E+03  1.146049E-05  8.134771E-07
   7.057501E+03  1.196743E-05  8.312705E-07
   7.072501E+03  1.177492E-05  8.245588E-07
   7.087501E+03  1.215993E-05  8.379285E-07
   7.102501E+03  1.196102E-05  8.310477E-07
   7.117501E+03  1.197384E-05  8.314933E-07
   7.132501E+03  1.192250E-05  8.297093E-07
   7.147501E+03  1.220486E-05  8.394744E-07
   7.162501E+03  1.198027E-05  8.317161E-07
   7.177501E+03  1.211503E-05  8.363797E-07
   7.192501E+03  1.210860E-05  8.361582E-07
   7.207501E+03  1.254495E-05  8.510880E-07
   7.222501E+03  1.196100E-05  8.310477E-07
   7.237501E+03  1.219202E-05  8.390330E-07
   7.252501E+03  1.253210E-05  8.506526E-07
   7.267501E+03  1.228186E-05  8.421179E-07
   7.282501E+03  1.209575E-05  8.357151E-07
   7.297501E+03  1.225618E-05  8.412377E-07
   7.312501E+03  1.241660E-05  8.467242E-07
   7.327501E+03  1.271821E-05  8.569438E-07
   7.342501E+03  1.237168E-05  8.451916E-07
   7.357501E+03  1.230108E-05  8.427775E-07
   7.372501E+03  1.240377E-05  8.462866E-07
   7.387501E+03  1.262836E-05  8.539125E-07
   7.402501E+03  1.251286E-05  8.499992E-07
   7.417501E+03  1.293637E-05  8.642613E-07
   7.432501E+03  1.259627E-05  8.528272E-07
   7.447501E+03  1.287862E-05  8.623304E-07
   7.462501E+03  1.275027E-05  8.580238E-07
   7.477501E+03  1.226259E-05  8.414578E-07
   7.492501E+03  1.287861E-05  8.623304E-07
   7.507501E+03  1.296203E-05  8.651181E-07
   7.522501E+03  1.250003E-05  8.495632E-07
   7.537501E+03  1.287220E-05  8.621156E-07
   7.552501E+03  1.282086E-05  8.603951E-07
   7.567501E+03  1.273103E-05  8.573760E-07
   7.582501E+03  1.285936E-05  8.616858E-07
   7.597501E+03  1.309036E-05  8.693895E-07
   7.612501E+03  1.252569E-05  8.504349E-07
   7.627501E+03  1.280803E-05  8.599644E-07
   7.642501E+03  1.343688E-05  8.808187E-07
   7.657501E+03  1.293637E-05  8.642613E-07
   7.672501E+03  1.303261E-05  8.674700E-07
   7.687501E+03  1.291069E-05  8.634037E-07
   7.702501E+03  1.310320E-05  8.698155E-07
   7.717501E+03  1.283369E-05  8.608255E-07
   7.732501E+03  1.316737E-05  8.719423E-07
   7.747501E+03  1.288502E-05  8.625451E-07
   7.762501E+03  1.327646E-05  8.755460E-07
   7.777501E+03  1.305828E-05  8.683236E-07
   7.792501E+03  1.297486E-05  8.655462E-07
   7.807501E+03  1.304545E-05  8.678969E-07
   7.822501E+03  1.303903E-05  8.676835E-07
   7.837501E+03  1.318020E-05  8.723670E-07
   7.852501E+03  1.307752E-05  8.689633E-07
   7.867501E+03  1.287219E-05  8.621156E-07
   7.882501E+03  1.350746E-05  8.831287E-07
   7.897501E+03  1.346255E-05  8.816594E-07
   7.912501E+03  1.339837E-05  8.795561E-07
   7.927501E+03  1.359729E-05  8.860600E-07
   7.942501E+03  1.275668E-05  8.582397E-07
   7.957501E+03  1.395663E-05  8.976894E-07
   7.972501E+03  1.335987E-05  8.782917E-07
   7.987501E+03  1.308395E-05  8.691764E-07
   8.002501E+03  1.381547E-05  8.931388E-07
   8.017501E+03  1.314812E-05  8.713048E-07
   8.032501E+03  1.323154E-05  8.740639E-07
   8.047501E+03  1.282085E-05  8.603951E-07
   8.062501E+03  1.406572E-05  9.011901E-07
   8.077501E+03  1.350104E-05  8.829190E-07
   8.092501E+03  1.386680E-05  8.947963E-07
   8.107501E+03  1.344329E-05  8.810289E-07
   8.122501E+03  1.378980E-05  8.923089E-07
   8.137501E+03  1.390531E-05  8.960373E-07
   8.152501E+03  1.330853E-05  8.766030E-07
   8.167501E+03  1.402081E-05  8.997503E-07
   8.182501E+03  1.322510E-05  8.738520E-07
   8.197501E+03  1.317379E-05  8.721547E-07
   8.212501E+03  1.339195E-05  8.793455E-07
   8.227501E+03  1.414914E-05  9.038579E-07
   8.242501E+03  1.401438E-05  8.995444E-07
   8.257501E+03  1.355879E-05  8.848049E-07
   8.272501E+03  1.369354E-05  8.891900E-07
   8.287501E+03  1.359087E-05  8.858510E-07
   8.302501E+03  1.384755E-05  8.941751E-07
   8.317501E+03  1.411705E-05  9.028328E-07
   8.332501E+03  1.407214E-05  9.013956E-07
   8.347501E+03  1.390530E-05  8.960373E-07
   8.362501E+03  1.335345E-05  8.780808E-07
   8.377501E+03  1.404005E-05  9.003676E-07
   8.392501E+03  1.353312E-05  8.839672E-07
   8.407501E+03  1.398871E-05  8.987205E-07
   8.422501E+03  1.355237E-05  8.845956E-07
   8.437501E+03  1.360371E-05  8.862690E-07
   8.452501E+03  1.424538E-05  9.069264E-07
   8.467501E+03  1.409138E-05  9.020118E-07
   8.482501E+03  1.372562E-05  8.902308E-07
   8.497501E+03  1.443789E-05  9.130324E-07
   8.512501E+03  1.339195E-05  8.793455E-07
   8.527501E+03  1.412988E-05  9.032429E-07
   8.542501E+03  1.355878E-05  8.848049E-07
   8.557501E+03  1.327644E-05  8.755460E-07
   8.572501E+03  1.454056E-05  9.162723E-07
   8.587501E+03  1.395662E-05  8.976894E-07
   8.602501E+03  1.365504E-05  8.879393E-07
   8.617501E+03  1.405288E-05  9.007790E-07
   8.632501E+03  1.416838E-05  9.044724E-07
   8.647501E+03  1.413631E-05  9.034480E-07
   8.662501E+03  1.475231E-05  9.229186E-07
   8.677501E+03  1.432239E-05  9.093737E-07
   8.692501E+03  1.459831E-05  9.180897E-07
   8.707501E+03  1.454056E-05  9.162723E-07
   8.722501E+03  1.474589E-05  9.227179E-07
   8.737501E+03  1.414271E-05  9.036530E-07
   8.752501E+03  1.432881E-05  9.095773E-07
   8.767501E+03  1.422614E-05  9.063135E-07
   8.782501E+03  1.418122E-05  9.048819E-07
   8.797501E+03  1.421329E-05  9.059047E-07
   8.812501E+03  1.427746E-05  9.079469E-07
   8.827501E+03  1.471381E-05  9.217137E-07
   8.842501E+03  1.446998E-05  9.140461E-07
   8.857501E+03  1.475232E-05  9.229186E-07
   8.872501E+03  1.409779E-05  9.022171E-07
   8.887501E+03  1.427105E-05  9.077429E-07
   8.902501E+03  1.452131E-05  9.156657E-07
   8.917501E+03  1.413629E-05  9.034480E-07
   8.932501E+03  1.427105E-05  9.077429E-07
   8.947501E+03  1.432881E-05  9.095773E-07
   8.962501E+03  1.439939E-05  9.118145E-07
   8.977501E+03  1.495123E-05  9.291187E-07
   8.992501E+03  1.460474E-05  9.182914E-07
   9.007501E+03  1.423255E-05  9.065178E-07
   9.022501E+03  1.441864E-05  9.124236E-07
   9.037501E+03  1.489349E-05  9.273229E-07
   9.052501E+03  1.436089E-05  9.105949E-07
   9.067501E+03  1.485498E-05  9.261238E-07
   9.082501E+03  1.431596E-05  9.091700E-07
   9.097501E+03  1.449564E-05  9.148562E-07
   9.112501E+03  1.461114E-05  9.184930E-07
   9.127501E+03  1.438655E-05  9.114081E-07
   9.142501E+03  1.484856E-05  9.259238E-07
   9.157501E+03  1.445714E-05  9.136407E-07
   9.172501E+03  1.520149E-05  9.368606E-07
   9.187501E+03  1.468174E-05  9.207085E-07
   9.202501E+03  1.481648E-05  9.249232E-07
   9.217501E+03  1.495765E-05  9.293180E-07
   9.232501E+03  1.445714E-05  9.136407E-07
   9.247501E+03  1.430955E-05  9.089663E-07
   9.262501E+03  1.446355E-05  9.138434E-07
   9.277501E+03  1.491273E-05  9.279219E-07
   9.292501E+03  1.453413E-05  9.160701E-07
   9.307501E+03  1.456622E-05  9.170804E-07
   9.322501E+03  1.517582E-05  9.360695E-07
   9.337501E+03  1.456622E-05  9.170804E-07
   9.352501E+03  1.449564E-05  9.148562E-07
   9.367501E+03  1.525282E-05  9.384407E-07
   9.382501E+03  1.523999E-05  9.380460E-07
   9.397501E+03  1.491914E-05  9.281215E-07
   9.412501E+03  1.484214E-05  9.257238E-07
   9.427501E+03  1.488065E-05  9.269234E-07
   9.442501E+03  1.440580E-05  9.120176E-07
   9.457501E+03  1.586242E-05  9.570057E-07
   9.472501E+03  1.481007E-05  9.247229E-07
   9.487501E+03  1.498973E-05  9.303140E-07
   9.502501E+03  1.444430E-05  9.132352E-07
   9.517501E+03  1.524641E-05  9.382434E-07
   9.532501E+03  1.505390E-05  9.323026E-07
   9.547501E+03  1.459190E-05  9.178879E-07
   9.562501E+03  1.500256E-05  9.307120E-07
   9.577501E+03  1.481648E-05  9.249232E-07
   9.592501E+03  1.442505E-05  9.126266E-07
   9.607501E+03  1.471381E-05  9.217137E-07
   9.622501E+03  1.469456E-05  9.211107E-07
   9.637501E+03  1.529133E-05  9.396241E-07
   9.652501E+03  1.495765E-05  9.293180E-07
   9.667501E+03  1.425179E-05  9.071306E-07
   9.682501E+03  1.536190E-05  9.417898E-07
   9.697501E+03  1.474589E-05  9.227179E-07
   9.712501E+03  1.465606E-05  9.199035E-07
   9.727501E+03  1.500256E-05  9.307120E-07
   9.742501E+03  1.471380E-05  9.217137E-07
   9.757501E+03  1.467531E-05  9.205073E-07
   9.772501E+03  1.459189E-05  9.178879E-07
   9.787501E+03  1.472664E-05  9.221155E-07
   9.802501E+03  1.476515E-05  9.233198E-07
   9.817501E+03  1.516941E-05  9.358716E-07
   9.832501E+03  1.545174E-05  9.445389E-07
   9.847501E+03  1.446355E-05  9.138434E-07
   9.862501E+03  1.490631E-05  9.277223E-07
   9.877501E+03  1.493839E-05  9.287200E-07
   9.892501E+03  1.511807E-05  9.342871E-07
   9.907501E+03  1.504748E-05  9.321040E-07
   9.922501E+03  1.492556E-05  9.283210E-07
   9.937501E+03  1.462397E-05  9.188962E-07
   9.952501E+03  1.520791E-05  9.370582E-07
   9.967501E+03  1.501540E-05  9.311099E-07
   9.982501E+03  1.504749E-05  9.321040E-07
   9.997501E+03  1.522074E-05  9.374534E-07
   1.001250E+04  1.482289E-05  9.251234E-07
   1.002750E+04  1.518865E-05  9.364651E-07
   1.004250E+04  1.490631E-05  9.277223E-07
   1.005750E+04  1.527207E-05  9.390326E-07
   1.007250E+04  1.477797E-05  9.237209E-07
   1.008750E+04  1.489990E-05  9.275226E-07
   1.010250E+04  1.502181E-05  9.313088E-07
   1.011750E+04  1.530415E-05  9.400183E-07
   1.013250E+04  1.492556E-05  9.283210E-07
   1.014750E+04  1.502181E-05  9.313088E-07
   1.016250E+04  1.478439E-05  9.239214E-07
   1.017750E+04  1.482931E-05  9.253236E-07
   1.019250E+04  1.471380E-05  9.217137E-07
   1.020750E+04  1.504106E-05  9.319052E-07
   1.022250E+04  1.478439E-05  9.239214E-07
   1.023750E+04  1.524640E-05  9.382434E-07
   1.025250E+04  1.507315E-05  9.328984E-07
   1.026750E+04  1.464322E-05  9.195007E-07
   1.028250E+04  1.504748E-05  9.321040E-07
   1.029750E+04  1.525282E-05  9.384407E-07
   1.031250E+04  1.541966E-05  9.435580E-07
   1.032750E+04  1.471381E-05  9.217137E-07
   1.034250E+04  1.475872E-05  9.231192E-07
   1.035750E+04  1.472663E-05  9.221155E-07
   1.037250E+04  1.478439E-05  9.239214E-07
   1.038750E+04  1.538115E-05  9.423796E-07
   1.040250E+04  1.478439E-05  9.239214E-07
   1.041750E+04  1.473947E-05  9.225171E-07
   1.043250E+04  1.480364E-05  9.245226E-07
   1.044750E+04  1.510523E-05  9.338905E-07
   1.046250E+04  1.438655E-05  9.114081E-07
   1.047750E+04  1.486139E-05  9.263238E-07
   1.049250E+04  1.457905E-05  9.174843E-07
   1.050750E+04  1.534907E-05  9.413964E-07
   1.052250E+04  1.434163E-05  9.099845E-07
   1.053750E+04  1.453413E-05  9.160701E-07
   1.055250E+04  1.503465E-05  9.317065E-07
   1.056750E+04  1.498331E-05  9.301149E-07
   1.058250E+04  1.464964E-05  9.197021E-07
   1.059750E+04  1.484857E-05  9.259238E-07
   1.061250E+04  1.435446E-05  9.103915E-07
   1.062750E+04  1.486139E-05  9.263238E-07
   1.064250E+04  1.434805E-05  9.101880E-07
   1.065750E+04  1.516298E-05  9.356737E-07
   1.067250E+04  1.500898E-05  9.309110E-07
   1.068750E+04  1.541965E-05  9.435580E-07
   1.070250E+04  1.439938E-05  9.118145E-07
   1.071750E+04  1.487422E-05  9.267236E-07
   1.073250E+04  1.533623E-05  9.410029E-07
   1.074750E+04  1.437371E-05  9.110016E-07
   1.076250E+04  1.506031E-05  9.325013E-07
   1.077750E+04  1.513731E-05  9.348816E-07
   1.079250E+04  1.498331E-05  9.301149E-07
   1.080750E+04  1.495122E-05  9.291187E-07
   1.082250E+04  1.479722E-05  9.243222E-07
   1.083750E+04  1.432879E-05  9.095773E-07
   1.085250E+04  1.479081E-05  9.241218E-07
   1.086750E+04  1.531056E-05  9.402153E-07
   1.088250E+04  1.427104E-05  9.077429E-07
   1.089750E+04  1.510523E-05  9.338905E-07
   1.091250E+04  1.455338E-05  9.166764E-07
   1.092750E+04  1.462397E-05  9.188962E-07
   1.094250E+04  1.423254E-05  9.065178E-07
   1.095750E+04  1.493839E-05  9.287200E-07
   1.097250E+04  1.486781E-05  9.265237E-07
   1.098750E+04  1.480364E-05  9.245226E-07
   1.100250E+04  1.454055E-05  9.162723E-07
   1.101750E+04  1.472022E-05  9.219146E-07
   1.103250E+04  1.432237E-05  9.093737E-07
   1.104750E+04  1.442504E-05  9.126266E-07
   1.106250E+04  1.441221E-05  9.122206E-07
   1.107750E+04  1.462396E-05  9.188962E-07
   1.109250E+04  1.504747E-05  9.321040E-07
   1.110750E+04  1.472022E-05  9.219146E-07
   1.112250E+04  1.462397E-05  9.188962E-07
   1.113750E+04  1.455980E-05  9.168785E-07
   1.115250E+04  1.428387E-05  9.081509E-07
   1.116750E+04  1.415554E-05  9.040628E-07
   1.118250E+04  1.496406E-05  9.295173E-07
   1.119750E+04  1.473305E-05  9.223163E-07
   1.121250E+04  1.451488E-05  9.154634E-07
   1.122750E+04  1.464964E-05  9.197021E-07
   1.124250E+04  1.484214E-05  9.257238E-07
   1.125750E+04  1.399512E-05  8.989265E-07
   1.127250E+04  1.475230E-05  9.229186E-07
   1.128750E+04  1.438013E-05  9.112049E-07
   1.130250E+04  1.470738E-05  9.215127E-07
   1.131750E+04  1.419404E-05  9.052911E-07
   1.133250E+04  1.398228E-05  8.985144E-07
   1.134750E+04  1.378978E-05  8.923089E-07
   1.136250E+04  1.497689E-05  9.299157E-07
   1.137750E+04  1.427745E-05  9.079469E-07
   1.139250E+04  1.432879E-05  9.095773E-07
   1.140750E+04  1.444429E-05  9.132352E-07
   1.142250E+04  1.448279E-05  9.144512E-07
   1.143750E+04  1.386678E-05  8.947963E-07
   1.145250E+04  1.470096E-05  9.213117E-07
   1.146750E+04  1.398870E-05  8.987205E-07
   1.148250E+04  1.397586E-05  8.983082E-07
   1.149750E+04  1.378978E-05  8.923089E-07
   1.151250E+04  1.374486E-05  8.908548E-07
   1.152750E+04  1.390528E-05  8.960373E-07
   1.154250E+04  1.395661E-05  8.976894E-07
   1.155750E+04  1.389886E-05  8.958306E-07
   1.157250E+04  1.459830E-05  9.180897E-07
   1.158750E+04  1.429670E-05  9.085587E-07
   1.160250E+04  1.382186E-05  8.933462E-07
   1.161750E+04  1.418120E-05  9.048819E-07
   1.163250E+04  1.412345E-05  9.030379E-07
   1.164750E+04  1.386678E-05  8.947963E-07
   1.166250E+04  1.442504E-05  9.126266E-07
   1.167750E+04  1.344968E-05  8.812391E-07
   1.169250E+04  1.357802E-05  8.854327E-07
   1.170750E+04  1.366144E-05  8.881479E-07
   1.172250E+04  1.388603E-05  8.954170E-07
   1.173750E+04  1.430954E-05  9.089663E-07
   1.175250E+04  1.412987E-05  9.032429E-07
   1.176750E+04  1.311601E-05  8.702413E-07
   1.178250E+04  1.353310E-05  8.839672E-07
   1.179750E+04  1.372561E-05  8.902308E-07
   1.181250E+04  1.338552E-05  8.791349E-07
   1.182750E+04  1.318018E-05  8.723670E-07
   1.184250E+04  1.353952E-05  8.841767E-07
   1.185750E+04  1.411062E-05  9.026276E-07
   1.187250E+04  1.378336E-05  8.921013E-07
   1.188750E+04  1.311601E-05  8.702413E-07
   1.190250E+04  1.346893E-05  8.818694E-07
   1.191750E+04  1.370636E-05  8.896065E-07
   1.193250E+04  1.336627E-05  8.785026E-07
   1.194750E+04  1.397586E-05  8.983082E-07
   1.196250E+04  1.292992E-05  8.640470E-07
   1.197750E+04  1.356519E-05  8.850142E-07
   1.199250E+04  1.299409E-05  8.661879E-07
   1.200750E+04  1.333418E-05  8.774478E-07
   1.202250E+04  1.319301E-05  8.727915E-07
   1.203750E+04  1.296200E-05  8.651181E-07
   1.205250E+04  1.305826E-05  8.683236E-07
   1.206750E+04  1.352027E-05  8.835481E-07
   1.208250E+04  1.301334E-05  8.668292E-07
   1.209750E+04  1.313526E-05  8.708795E-07
   1.211250E+04  1.285292E-05  8.614708E-07
   1.212750E+04  1.300692E-05  8.666155E-07
   1.214250E+04  1.301334E-05  8.668292E-07
   1.215750E+04  1.319942E-05  8.730037E-07
   1.217250E+04  1.296842E-05  8.653322E-07
   1.218750E+04  1.353310E-05  8.839672E-07
   1.220250E+04  1.337910E-05  8.789242E-07
   1.221750E+04  1.306467E-05  8.685369E-07
   1.223250E+04  1.294917E-05  8.646898E-07
   1.224750E+04  1.286575E-05  8.619007E-07
   1.226250E+04  1.293633E-05  8.642613E-07
   1.227750E+04  1.262191E-05  8.536955E-07
   1.229250E+04  1.283367E-05  8.608255E-07
   1.230750E+04  1.239732E-05  8.460677E-07
   1.232250E+04  1.263474E-05  8.541294E-07
   1.233750E+04  1.267324E-05  8.554295E-07
   1.235250E+04  1.221765E-05  8.399156E-07
   1.236750E+04  1.270533E-05  8.565114E-07
   1.238250E+04  1.309034E-05  8.693895E-07
   1.239750E+04  1.249999E-05  8.495632E-07
   1.241250E+04  1.224974E-05  8.410175E-07
   1.242750E+04  1.226898E-05  8.416779E-07
   1.244250E+04  1.241016E-05  8.465055E-07
   1.245750E+04  1.231390E-05  8.432169E-07
   1.247250E+04  1.278233E-05  8.591025E-07
   1.248750E+04  1.233315E-05  8.438757E-07
   1.250250E+04  1.228182E-05  8.421179E-07
   1.251750E+04  1.221123E-05  8.396950E-07
   1.253250E+04  1.205723E-05  8.343842E-07
   1.254750E+04  1.226898E-05  8.416779E-07
   1.256250E+04  1.190323E-05  8.290393E-07
   1.257750E+04  1.208290E-05  8.352717E-07
   1.259250E+04  1.189681E-05  8.288159E-07
   1.260750E+04  1.214065E-05  8.372651E-07
   1.262250E+04  1.205081E-05  8.341622E-07
   1.263750E+04  1.206365E-05  8.346061E-07
   1.265250E+04  1.225615E-05  8.412377E-07
   1.266750E+04  1.224332E-05  8.407972E-07
   1.268250E+04  1.252566E-05  8.504349E-07
   1.269750E+04  1.171072E-05  8.223094E-07
   1.271250E+04  1.192247E-05  8.297093E-07
   1.272750E+04  1.204439E-05  8.339401E-07
   1.274250E+04  1.208931E-05  8.354934E-07
   1.275750E+04  1.192889E-05  8.299325E-07
   1.277250E+04  1.169789E-05  8.218587E-07
   1.278750E+04  1.128721E-05  8.073059E-07
   1.280250E+04  1.165939E-05  8.205054E-07
   1.281750E+04  1.257058E-05  8.519581E-07
   1.283250E+04  1.175564E-05  8.238846E-07
   1.284750E+04  1.176205E-05  8.241094E-07
   1.286250E+04  1.158880E-05  8.180184E-07
   1.287750E+04  1.193531E-05  8.301557E-07
   1.289250E+04  1.137063E-05  8.102831E-07
   1.290750E+04  1.189039E-05  8.285924E-07
   1.292250E+04  1.189039E-05  8.285924E-07
   1.293750E+04  1.147330E-05  8.139324E-07
   1.295250E+04  1.092787E-05  7.943533E-07
   1.296750E+04  1.089578E-05  7.931865E-07
   1.298250E+04  1.131929E-05  8.084522E-07
   1.299750E+04  1.067761E-05  7.852064E-07
   1.301250E+04  1.196098E-05  8.310477E-07
   1.302750E+04  1.147971E-05  8.141599E-07
   1.304250E+04  1.107545E-05  7.996985E-07
   1.305750E+04  1.125512E-05  8.061578E-07
   1.307250E+04  1.134496E-05  8.093682E-07
   1.308750E+04  1.106262E-05  7.992351E-07
   1.310250E+04  1.103695E-05  7.983075E-07
   1.311750E+04  1.149255E-05  8.146148E-07
   1.313250E+04  1.140271E-05  8.114253E-07
   1.314750E+04  1.112037E-05  8.013182E-07
   1.316250E+04  1.139629E-05  8.111969E-07
   1.317750E+04  1.122304E-05  8.050082E-07
   1.319250E+04  1.068403E-05  7.854423E-07
   1.320750E+04  1.093428E-05  7.945864E-07
   1.322250E+04  1.137704E-05  8.105116E-07
   1.323750E+04  1.068403E-05  7.854423E-07
   1.325250E+04  1.052361E-05  7.795242E-07
   1.326750E+04  1.074178E-05  7.875619E-07
   1.328250E+04  1.087653E-05  7.924856E-07
   1.329750E+04  1.088295E-05  7.927193E-07
   1.331250E+04  1.046585E-05  7.773826E-07
   1.332750E+04  1.035677E-05  7.733213E-07
   1.334250E+04  1.069686E-05  7.859138E-07
   1.335750E+04  1.032468E-05  7.721227E-07
   1.337250E+04  1.046585E-05  7.773826E-07
   1.338750E+04  1.103695E-05  7.983075E-07
   1.340250E+04  1.063269E-05  7.835533E-07
   1.341750E+04  1.010651E-05  7.639225E-07
   1.343250E+04  1.053002E-05  7.797618E-07
   1.344750E+04  1.008084E-05  7.629520E-07
   1.346250E+04  1.052361E-05  7.795242E-07
   1.347750E+04  1.029902E-05  7.711625E-07
   1.349250E+04  9.978174E-06  7.590574E-07
   1.350750E+04  1.010651E-05  7.639225E-07
   1.352250E+04  9.907590E-06  7.563683E-07
   1.353750E+04  9.984591E-06  7.593014E-07
   1.355250E+04  1.042735E-05  7.759517E-07
   1.356750E+04  1.029260E-05  7.709223E-07
   1.358250E+04  9.952507E-06  7.580807E-07
   1.359750E+04  1.053644E-05  7.799993E-07
   1.361250E+04  9.856255E-06  7.544066E-07
   1.362750E+04  9.734335E-06  7.497268E-07
   1.364250E+04  1.025410E-05  7.694793E-07
   1.365750E+04  9.740752E-06  7.499738E-07
   1.367250E+04  9.978174E-06  7.590574E-07
   1.368750E+04  9.573914E-06  7.435243E-07
   1.370250E+04  9.625249E-06  7.455147E-07
   1.371750E+04  9.695834E-06  7.482429E-07
   1.373250E+04  9.631665E-06  7.457632E-07
   1.374750E+04  9.971758E-06  7.588134E-07
   1.376250E+04  9.503329E-06  7.407788E-07
   1.377750E+04  9.721501E-06  7.492325E-07
   1.379250E+04  9.580331E-06  7.437734E-07
   1.380750E+04  9.374992E-06  7.357606E-07
   1.382250E+04  9.240239E-06  7.304544E-07
   1.383750E+04  9.214571E-06  7.294393E-07
   1.385250E+04  9.676583E-06  7.474998E-07
   1.386750E+04  9.291573E-06  7.324803E-07
   1.388250E+04  9.330074E-06  7.339961E-07
   1.389750E+04  9.240239E-06  7.304544E-07
   1.391250E+04  8.996400E-06  7.207533E-07
   1.392750E+04  9.349325E-06  7.347528E-07
   1.394250E+04  9.066984E-06  7.235749E-07
   1.395750E+04  9.169654E-06  7.276595E-07
   1.397250E+04  9.150403E-06  7.268954E-07
   1.398750E+04  9.554663E-06  7.427765E-07
   1.400250E+04  8.823145E-06  7.137803E-07
   1.401750E+04  9.156820E-06  7.271502E-07
   1.403250E+04  8.925814E-06  7.179206E-07
   1.404750E+04  8.701225E-06  7.088322E-07
   1.406250E+04  9.086235E-06  7.243425E-07
   1.407750E+04  9.009233E-06  7.212672E-07
   1.409250E+04  8.880897E-06  7.161122E-07
   1.410750E+04  8.977149E-06  7.199819E-07
   1.412250E+04  8.964315E-06  7.194671E-07
   1.413750E+04  8.855229E-06  7.150767E-07
   1.415250E+04  9.259489E-06  7.312148E-07
   1.416750E+04  8.842395E-06  7.145584E-07
   1.418250E+04  8.669141E-06  7.075243E-07
   1.419750E+04  9.015650E-06  7.215239E-07
   1.421250E+04  8.714058E-06  7.093547E-07
   1.422750E+04  8.457385E-06  6.988309E-07
   1.424250E+04  9.028483E-06  7.220372E-07
   1.425750E+04  8.649890E-06  7.067385E-07
   1.427250E+04  8.252046E-06  6.902963E-07
   1.428750E+04  8.630640E-06  7.059517E-07
   1.430250E+04  8.688391E-06  7.083094E-07
   1.431750E+04  8.669141E-06  7.075243E-07
   1.433250E+04  8.264880E-06  6.908328E-07
   1.434750E+04  8.431718E-06  6.977698E-07
   1.436250E+04  8.418884E-06  6.972386E-07
   1.437750E+04  8.219962E-06  6.889532E-07
   1.439250E+04  8.053125E-06  6.819265E-07
   1.440750E+04  8.091626E-06  6.835545E-07
   1.442250E+04  8.284131E-06  6.916368E-07
   1.443750E+04  8.059542E-06  6.821981E-07
   1.445250E+04  8.142960E-06  6.857191E-07
   1.446750E+04  8.309798E-06  6.927073E-07
   1.448250E+04  8.065958E-06  6.824696E-07
   1.449750E+04  8.335465E-06  6.937762E-07
   1.451250E+04  8.284131E-06  6.916368E-07
   1.452750E+04  8.001790E-06  6.797498E-07
   1.454250E+04  8.303381E-06  6.924398E-07
   1.455750E+04  8.065958E-06  6.824696E-07
   1.457250E+04  8.175044E-06  6.870685E-07
   1.458750E+04  7.969706E-06  6.783859E-07
   1.460250E+04  7.501277E-06  6.581498E-07
   1.461750E+04  8.085209E-06  6.832834E-07
   1.463250E+04  7.295938E-06  6.490803E-07
   1.464750E+04  7.860620E-06  6.737277E-07
   1.466250E+04  7.783618E-06  6.704201E-07
   1.467750E+04  7.770784E-06  6.698672E-07
   1.469250E+04  7.950455E-06  6.775662E-07
   1.470750E+04  7.828536E-06  6.723515E-07
   1.472250E+04  7.937622E-06  6.770191E-07
   1.473750E+04  7.841369E-06  6.729023E-07
   1.475250E+04  8.021041E-06  6.805669E-07
   1.476750E+04  7.969706E-06  6.783859E-07
   1.478250E+04  8.001790E-06  6.797498E-07
   1.479750E+04  8.444551E-06  6.983006E-07
   1.481250E+04  8.168628E-06  6.867988E-07
   1.482750E+04  7.976123E-06  6.786589E-07
   1.484250E+04  8.258463E-06  6.905646E-07
   1.485750E+04  8.232796E-06  6.894908E-07
   1.487250E+04  8.284131E-06  6.916368E-07
   1.488750E+04  8.604972E-06  7.049013E-07
   1.490250E+04  8.989982E-06  7.204963E-07
   1.491750E+04  9.387826E-06  7.362639E-07
   1.493250E+04  1.041452E-05  7.754741E-07
   1.494750E+04  1.088936E-05  7.929529E-07
   1.496250E+04  8.303381E-06  6.924398E-07
   1.497750E+04  7.199686E-06  6.447850E-07
   1.499250E+04  3.380387E-05  1.396866E-06
