 #  Results from PENEPMA.
 #  Energy distribution of upbound photons.
 #  1st column: E (eV).
 #  2nd and 3rd columns: probability density and STU (1/(eV*particle)).

   7.500001E+00  1.000000E-35  1.000000E-35
   2.250000E+01  1.000000E-35  1.000000E-35
   3.750000E+01  1.000000E-35  1.000000E-35
   5.250001E+01  5.573252E-08  4.736979E-09
   6.750001E+01  1.451196E-07  1.677610E-08
   8.250001E+01  7.932705E-08  4.764124E-09
   9.750001E+01  2.931439E-07  3.056280E-08
   1.125000E+02  4.132998E-08  2.101837E-09
   1.275000E+02  3.844091E-08  2.094407E-09
   1.425000E+02  4.584913E-08  5.851462E-09
   1.575000E+02  4.279371E-08  4.506944E-09
   1.725000E+02  4.156405E-08  2.530872E-09
   1.875000E+02  4.569927E-08  3.227931E-09
   2.025000E+02  4.784779E-08  2.118704E-09
   2.175000E+02  5.210708E-08  2.129367E-09
   2.325000E+02  5.753309E-08  2.564760E-09
   2.475000E+02  6.138060E-08  1.627784E-09
   2.625000E+02  1.115194E-06  6.660056E-08
   2.775000E+02  7.369604E-08  2.183815E-09
   2.925000E+02  1.041166E-07  1.248782E-08
   3.075000E+02  4.923778E-08  7.304653E-10
   3.225000E+02  5.621892E-08  2.139766E-09
   3.375000E+02  5.996962E-08  1.622987E-09
   3.525000E+02  6.353571E-08  8.289252E-10
   3.675000E+02  1.949168E-07  2.323778E-08
   3.825000E+02  6.959828E-08  1.654863E-09
   3.975000E+02  7.176928E-08  1.661931E-09
   4.125000E+02  7.526135E-08  1.673288E-09
   4.275000E+02  7.984372E-08  2.611237E-09
   4.425000E+02  8.266026E-08  1.696950E-09
   4.575000E+02  8.655962E-08  9.681640E-10
   4.725000E+02  9.017336E-08  2.223788E-09
   4.875000E+02  9.534164E-08  2.643036E-09
   5.025001E+02  9.710175E-08  1.025162E-09
   5.175001E+02  2.509339E-05  3.254184E-07
   5.325001E+02  9.565721E-08  1.017205E-09
   5.475001E+02  4.029033E-08  1.555945E-09
   5.625001E+02  4.129492E-08  1.559310E-09
   5.775001E+02  4.210770E-08  1.562258E-09
   5.925001E+02  4.325853E-08  1.566200E-09
   6.075001E+02  4.426761E-08  6.915284E-10
   6.225001E+02  4.652163E-08  1.577204E-09
   6.375001E+02  4.809534E-08  7.210240E-10
   6.525001E+02  5.059631E-08  1.591403E-09
   6.675001E+02  5.320757E-08  2.131863E-09
   6.825001E+02  5.468057E-08  1.604774E-09
   6.975001E+02  5.602681E-08  1.609534E-09
   7.125001E+02  5.754657E-08  7.888272E-10
   7.275001E+02  5.980329E-08  2.148404E-09
   7.425001E+02  6.093195E-08  8.114983E-10
   7.575001E+02  6.221825E-08  8.199997E-10
   7.725001E+02  6.366159E-08  8.296265E-10
   7.875001E+02  6.537465E-08  8.406239E-10
   8.025001E+02  6.682998E-08  8.496769E-10
   8.175001E+02  6.833086E-08  8.590206E-10
   8.325001E+02  7.018658E-08  8.702158E-10
   8.475001E+02  7.262522E-08  1.663890E-09
   8.625001E+02  7.329774E-08  1.666369E-09
   8.775001E+02  7.552988E-08  1.673656E-09
   8.925001E+02  7.583287E-08  9.047607E-10
   9.075001E+02  7.718270E-08  9.133271E-10
   9.225001E+02  7.829878E-08  9.197013E-10
   9.375001E+02  8.042932E-08  1.689431E-09
   9.525001E+02  7.997108E-08  9.293491E-10
   9.675001E+02  8.165898E-08  9.393416E-10
   9.825001E+02  8.252690E-08  9.445077E-10
   9.975001E+02  8.402448E-08  1.700683E-09
   1.012500E+03  8.544505E-08  1.705213E-09
   1.027500E+03  8.546153E-08  9.603888E-10
   1.042500E+03  8.728788E-08  2.216370E-09
   1.057500E+03  8.759177E-08  9.725290E-10
   1.072500E+03  8.817828E-08  1.713937E-09
   1.087500E+03  8.889995E-08  1.716145E-09
   1.102500E+03  8.988176E-08  1.719191E-09
   1.117500E+03  8.950024E-08  9.831855E-10
   1.132500E+03  9.109853E-08  1.722875E-09
   1.147500E+03  9.142789E-08  9.939573E-10
   1.162500E+03  9.175516E-08  9.954330E-10
   1.177500E+03  9.187264E-08  9.955795E-10
   1.192500E+03  9.267223E-08  1.000240E-09
   1.207500E+03  9.276094E-08  1.000698E-09
   1.222500E+03  9.375983E-08  1.731311E-09
   1.237500E+03  9.392616E-08  1.007341E-09
   1.252500E+03  9.374994E-08  1.006322E-09
   1.267500E+03  9.328002E-08  1.003360E-09
   1.282500E+03  9.474164E-08  1.734217E-09
   1.297500E+03  9.507610E-08  1.735375E-09
   1.312500E+03  9.452676E-08  1.010376E-09
   1.327500E+03  9.504134E-08  1.735366E-09
   1.342500E+03  9.513454E-08  1.013631E-09
   1.357500E+03  9.464304E-08  1.011141E-09
   1.372500E+03  9.498349E-08  1.012494E-09
   1.387500E+03  9.489958E-08  1.012373E-09
   1.402500E+03  9.521486E-08  1.013988E-09
   1.417500E+03  9.488999E-08  1.011926E-09
   1.432500E+03  9.525712E-08  1.735833E-09
   1.447500E+03  9.456272E-08  1.010591E-09
   1.462500E+03  9.464783E-08  1.010923E-09
   1.477500E+03  9.384824E-08  1.006455E-09
   1.492500E+03  1.157933E-05  2.203035E-07
   1.507500E+03  9.423785E-08  1.008920E-09
   1.522500E+03  9.363246E-08  1.005302E-09
   1.537500E+03  9.380029E-08  1.006536E-09
   1.552500E+03  1.646569E-07  1.736335E-08
   1.567500E+03  8.563326E-08  1.705626E-09
   1.582500E+03  8.175608E-08  9.397404E-10
   1.597500E+03  8.180882E-08  9.399841E-10
   1.612500E+03  8.158825E-08  9.383068E-10
   1.627500E+03  8.168895E-08  9.391672E-10
   1.642500E+03  8.121423E-08  9.364860E-10
   1.657500E+03  8.199224E-08  9.411322E-10
   1.672500E+03  8.135329E-08  9.375384E-10
   1.687500E+03  8.093850E-08  9.348203E-10
   1.702500E+03  8.093251E-08  9.347585E-10
   1.717500E+03  8.181752E-08  1.693434E-09
   1.732500E+03  3.406199E-05  3.788793E-07
   1.747500E+03  8.061723E-08  9.329054E-10
   1.762500E+03  8.100474E-08  1.690792E-09
   1.777500E+03  8.061004E-08  9.330030E-10
   1.792500E+03  7.985600E-08  9.283412E-10
   1.807500E+03  7.952633E-08  9.262247E-10
   1.822500E+03  7.944601E-08  9.258047E-10
   1.837500E+03  6.933876E-07  5.100452E-08
   1.852500E+03  5.857753E-08  7.954561E-10
   1.867500E+03  5.787984E-08  7.901985E-10
   1.882500E+03  5.760891E-08  7.882163E-10
   1.897500E+03  5.732839E-08  7.868545E-10
   1.912500E+03  5.776955E-08  7.896488E-10
   1.927500E+03  5.768323E-08  7.890153E-10
   1.942500E+03  5.797214E-08  7.911169E-10
   1.957500E+03  5.769043E-08  7.889984E-10
   1.972500E+03  5.800091E-08  7.911151E-10
   1.987500E+03  5.802609E-08  7.917263E-10
   2.002500E+03  5.765087E-08  7.889108E-10
   2.017500E+03  5.821310E-08  7.925309E-10
   2.032500E+03  5.774917E-08  7.895600E-10
   2.047500E+03  5.803088E-08  7.912522E-10
   2.062500E+03  5.744588E-08  7.872086E-10
   2.077500E+03  5.749023E-08  7.874605E-10
   2.092500E+03  5.812589E-08  1.616370E-09
   2.107500E+03  5.745786E-08  7.874871E-10
   2.122500E+03  5.734158E-08  7.868290E-10
   2.137500E+03  5.694478E-08  7.840134E-10
   2.152500E+03  5.727685E-08  7.860108E-10
   2.167500E+03  5.714498E-08  7.851959E-10
   2.182500E+03  5.677216E-08  7.830504E-10
   2.197500E+03  5.688125E-08  7.836131E-10
   2.212500E+03  5.727565E-08  7.862001E-10
   2.227500E+03  5.684528E-08  7.832522E-10
   2.242500E+03  5.653120E-08  7.812382E-10
   2.257500E+03  5.673260E-08  7.825324E-10
   2.272500E+03  5.594260E-08  7.773831E-10
   2.287500E+03  5.589225E-08  7.767538E-10
   2.302500E+03  5.652161E-08  7.806923E-10
   2.317500E+03  5.635018E-08  7.797001E-10
   2.332500E+03  5.581792E-08  7.761088E-10
   2.347500E+03  5.575319E-08  7.758461E-10
   2.362500E+03  5.551703E-08  7.737658E-10
   2.377500E+03  5.602651E-08  7.776441E-10
   2.392500E+03  5.520894E-08  7.717346E-10
   2.407500E+03  5.501354E-08  7.706314E-10
   2.422500E+03  5.494640E-08  7.699303E-10
   2.437500E+03  5.435181E-08  7.657897E-10
   2.452500E+03  5.482173E-08  7.691145E-10
   2.467500E+03  5.425111E-08  7.650186E-10
   2.482500E+03  5.437338E-08  7.661261E-10
   2.497500E+03  5.432663E-08  7.654787E-10
   2.512500E+03  5.400416E-08  7.639002E-10
   2.527500E+03  5.400775E-08  7.632647E-10
   2.542500E+03  5.364932E-08  7.609192E-10
   2.557500E+03  5.342994E-08  7.592735E-10
   2.572500E+03  5.355701E-08  7.601170E-10
   2.587500E+03  5.299598E-08  7.560223E-10
   2.602500E+03  5.321536E-08  7.578970E-10
   2.617500E+03  5.282335E-08  7.549713E-10
   2.632500E+03  5.282095E-08  7.548001E-10
   2.647500E+03  5.230787E-08  7.515856E-10
   2.662500E+03  5.250208E-08  7.527088E-10
   2.677500E+03  5.224674E-08  7.510471E-10
   2.692500E+03  5.173965E-08  7.472188E-10
   2.707500E+03  5.159579E-08  7.462055E-10
   2.722500E+03  5.236901E-08  7.518486E-10
   2.737500E+03  5.207531E-08  7.498941E-10
   2.752500E+03  5.151428E-08  7.459157E-10
   2.767500E+03  5.077942E-08  7.404688E-10
   2.782500E+03  5.116423E-08  7.429656E-10
   2.797500E+03  5.096763E-08  7.417403E-10
   2.812500E+03  5.045215E-08  7.379599E-10
   2.827500E+03  5.023997E-08  7.361563E-10
   2.842500E+03  5.026754E-08  7.364972E-10
   2.857500E+03  5.005535E-08  7.351826E-10
   2.872500E+03  4.973408E-08  7.323990E-10
   2.887500E+03  4.953868E-08  7.311291E-10
   2.902500E+03  4.955426E-08  7.311724E-10
   2.917500E+03  4.927374E-08  7.292405E-10
   2.932500E+03  4.922339E-08  7.291370E-10
   2.947500E+03  4.873908E-08  7.252167E-10
   2.962500E+03  4.864798E-08  7.245797E-10
   2.977500E+03  4.856766E-08  7.238968E-10
   2.992500E+03  4.799704E-08  7.195752E-10
   3.007500E+03  4.801742E-08  7.197088E-10
   3.022500E+03  4.772371E-08  7.177733E-10
   3.037500E+03  4.810613E-08  7.207273E-10
   3.052500E+03  4.746597E-08  7.155051E-10
   3.067500E+03  4.714350E-08  7.132151E-10
   3.082500E+03  4.742162E-08  7.152635E-10
   3.097500E+03  4.742641E-08  7.155164E-10
   3.112500E+03  4.653092E-08  7.085469E-10
   3.127500E+03  4.645180E-08  7.080766E-10
   3.142500E+03  4.661723E-08  7.092171E-10
   3.157500E+03  4.600465E-08  7.045403E-10
   3.172500E+03  4.620125E-08  7.061429E-10
   3.187500E+03  4.584521E-08  7.032907E-10
   3.202500E+03  4.579606E-08  7.028612E-10
   3.217500E+03  4.525541E-08  6.989889E-10
   3.232500E+03  4.475192E-08  6.951391E-10
   3.247500E+03  4.508518E-08  6.977205E-10
   3.262500E+03  4.497369E-08  6.968828E-10
   3.277500E+03  4.540796E-08  1.573270E-09
   3.292500E+03  4.472674E-08  6.946659E-10
   3.307500E+03  9.888290E-06  2.033302E-07
   3.322500E+03  4.418130E-08  6.904663E-10
   3.337500E+03  4.409738E-08  6.900587E-10
   3.352500E+03  4.367541E-08  6.866059E-10
   3.367500E+03  4.366822E-08  6.862294E-10
   3.382500E+03  4.378450E-08  6.872871E-10
   3.397500E+03  4.347401E-08  6.848629E-10
   3.412500E+03  4.297052E-08  6.810271E-10
   3.427500E+03  4.294655E-08  6.808954E-10
   3.442500E+03  4.237113E-08  6.764100E-10
   3.457500E+03  4.241908E-08  6.764839E-10
   3.472500E+03  4.244186E-08  6.770464E-10
   3.487500E+03  4.228242E-08  6.754198E-10
   3.502500E+03  4.203906E-08  6.737553E-10
   3.517500E+03  4.194676E-08  6.728094E-10
   3.532500E+03  4.136894E-08  6.679981E-10
   3.547500E+03  4.126705E-08  6.672771E-10
   3.562500E+03  4.120591E-08  6.668247E-10
   3.577500E+03  4.117594E-08  6.663509E-10
   3.592500E+03  1.019160E-06  6.405572E-08
   3.607500E+03  3.982850E-08  6.556212E-10
   3.622500E+03  3.765750E-08  6.375002E-10
   3.637500E+03  3.759396E-08  6.371077E-10
   3.652500E+03  3.745610E-08  6.360074E-10
   3.667500E+03  3.715640E-08  6.333531E-10
   3.682500E+03  3.728587E-08  6.342240E-10
   3.697500E+03  3.683753E-08  6.303603E-10
   3.712500E+03  3.645152E-08  6.273976E-10
   3.727500E+03  3.663613E-08  6.285417E-10
   3.742500E+03  3.648508E-08  6.275402E-10
   3.757500E+03  3.620337E-08  6.249004E-10
   3.772500E+03  3.579338E-08  6.215381E-10
   3.787500E+03  3.589768E-08  6.225206E-10
   3.802500E+03  3.595882E-08  6.230678E-10
   3.817500E+03  3.547331E-08  6.186025E-10
   3.832500E+03  3.574663E-08  6.213635E-10
   3.847500E+03  3.549009E-08  6.188734E-10
   3.862500E+03  3.537980E-08  6.178959E-10
   3.877500E+03  3.519639E-08  6.162806E-10
   3.892500E+03  3.497341E-08  6.143999E-10
   3.907500E+03  3.467851E-08  6.117563E-10
   3.922500E+03  3.474444E-08  6.122286E-10
   3.937500E+03  3.445913E-08  6.099355E-10
   3.952500E+03  3.440998E-08  6.095455E-10
   3.967500E+03  3.430329E-08  6.085207E-10
   3.982500E+03  3.406713E-08  6.063284E-10
   3.997500E+03  3.412827E-08  6.068052E-10
   4.012500E+03  3.406353E-08  6.062540E-10
   4.027500E+03  3.357203E-08  6.020604E-10
   4.042500E+03  3.344856E-08  6.007007E-10
   4.057500E+03  3.332508E-08  5.995105E-10
   4.072500E+03  3.311529E-08  5.978462E-10
   4.087500E+03  3.311529E-08  5.978895E-10
   4.102500E+03  3.300021E-08  5.968558E-10
   4.117500E+03  3.282279E-08  5.951716E-10
   4.132500E+03  3.275086E-08  5.943922E-10
   4.147500E+03  3.261180E-08  5.929173E-10
   4.162500E+03  3.253029E-08  5.926594E-10
   4.177500E+03  3.268493E-08  5.938184E-10
   4.192500E+03  3.242000E-08  5.916599E-10
   4.207500E+03  3.216585E-08  5.892405E-10
   4.222500E+03  3.179543E-08  5.857245E-10
   4.237500E+03  3.180622E-08  5.860440E-10
   4.252500E+03  3.128714E-08  5.810259E-10
   4.267500E+03  3.162880E-08  5.841292E-10
   4.282500E+03  3.124279E-08  5.804601E-10
   4.297500E+03  3.146217E-08  5.830621E-10
   4.312500E+03  3.134948E-08  5.814680E-10
   4.327500E+03  3.091912E-08  5.776160E-10
   4.342500E+03  3.120922E-08  5.805730E-10
   4.357500E+03  3.067336E-08  5.754176E-10
   4.372500E+03  3.051872E-08  5.738830E-10
   4.387500E+03  3.046957E-08  5.732651E-10
   4.402500E+03  3.039764E-08  5.724557E-10
   4.417500E+03  3.014110E-08  5.701356E-10
   4.432500E+03  3.007996E-08  5.696958E-10
   4.447500E+03  3.006318E-08  5.696512E-10
   4.462500E+03  2.990974E-08  5.683398E-10
   4.477500E+03  2.981503E-08  5.672393E-10
   4.492500E+03  2.971793E-08  5.662282E-10
   4.507500E+03  2.979226E-08  5.668412E-10
   4.522500E+03  2.916409E-08  5.607445E-10
   4.537500E+03  2.928157E-08  5.620984E-10
   4.552500E+03  2.897229E-08  5.590899E-10
   4.567500E+03  2.903942E-08  5.597343E-10
   4.582500E+03  2.881405E-08  5.575681E-10
   4.597500E+03  2.911974E-08  5.608041E-10
   4.612500E+03  2.884282E-08  5.579610E-10
   4.627500E+03  2.835251E-08  5.530586E-10
   4.642500E+03  2.815831E-08  5.514747E-10
   4.657500E+03  2.822664E-08  5.518351E-10
   4.672500E+03  2.823983E-08  5.519868E-10
   4.687500E+03  2.765122E-08  5.463722E-10
   4.702500E+03  2.780706E-08  5.479019E-10
   4.717500E+03  2.777470E-08  5.475610E-10
   4.732500E+03  2.769078E-08  5.466190E-10
   4.747500E+03  2.788499E-08  5.487595E-10
   4.762500E+03  2.757450E-08  5.456650E-10
   4.777500E+03  2.735392E-08  5.433230E-10
   4.792500E+03  2.725922E-08  5.421952E-10
   4.807500E+03  2.697750E-08  5.395411E-10
   4.822500E+03  2.707101E-08  5.404712E-10
   4.837500E+03  2.683964E-08  5.382631E-10
   4.852500E+03  2.671617E-08  5.369332E-10
   4.867500E+03  2.649439E-08  5.345406E-10
   4.882500E+03  2.663825E-08  5.360083E-10
   4.897500E+03  2.635174E-08  5.332506E-10
   4.912500E+03  2.636612E-08  5.334925E-10
   4.927500E+03  2.624385E-08  5.320411E-10
   4.942500E+03  2.622347E-08  5.319326E-10
   4.957500E+03  2.601847E-08  5.298339E-10
   4.972500E+03  2.565644E-08  5.260766E-10
   4.987500E+03  2.564805E-08  5.262122E-10
   5.002501E+03  2.571878E-08  5.270565E-10
   5.017501E+03  2.570919E-08  5.268851E-10
   5.032501E+03  2.555095E-08  5.250967E-10
   5.047501E+03  2.512778E-08  5.206000E-10
   5.062501E+03  2.534955E-08  5.230321E-10
   5.077501E+03  2.508582E-08  5.203159E-10
   5.092501E+03  2.495515E-08  5.190646E-10
   5.107501E+03  2.467343E-08  5.159647E-10
   5.122501E+03  2.464826E-08  5.156774E-10
   5.137501E+03  2.481249E-08  5.176607E-10
   5.152501E+03  2.475975E-08  5.171380E-10
   5.167501E+03  2.456554E-08  5.148399E-10
   5.182501E+03  2.441570E-08  5.131476E-10
   5.197501E+03  2.422749E-08  5.114765E-10
   5.212501E+03  2.459551E-08  5.154789E-10
   5.227501E+03  2.382709E-08  5.071504E-10
   5.242501E+03  2.386905E-08  5.075693E-10
   5.257501E+03  2.375157E-08  5.063750E-10
   5.272501E+03  2.357535E-08  5.043731E-10
   5.287501E+03  2.364488E-08  5.051646E-10
   5.302501E+03  2.359932E-08  5.045773E-10
   5.317501E+03  2.360292E-08  5.049487E-10
   5.332501E+03  2.334997E-08  5.018887E-10
   5.347501E+03  2.314258E-08  4.996371E-10
   5.362501E+03  2.319893E-08  5.002945E-10
   5.377501E+03  2.295677E-08  4.976083E-10
   5.392501E+03  2.297475E-08  4.980103E-10
   5.407501E+03  2.284648E-08  4.963896E-10
   5.422501E+03  2.275777E-08  4.956369E-10
   5.437501E+03  2.280093E-08  4.959743E-10
   5.452501E+03  2.253240E-08  4.931868E-10
   5.467501E+03  2.274219E-08  4.954157E-10
   5.482501E+03  2.232621E-08  4.907763E-10
   5.497501E+03  2.212481E-08  4.886185E-10
   5.512501E+03  2.249404E-08  4.927161E-10
   5.527501E+03  2.184789E-08  4.856157E-10
   5.542501E+03  2.194140E-08  4.867825E-10
   5.557501E+03  2.189105E-08  4.857738E-10
   5.572501E+03  2.199175E-08  4.872055E-10
   5.587501E+03  2.166688E-08  4.833402E-10
   5.602501E+03  2.185868E-08  4.854155E-10
   5.617501E+03  2.134560E-08  4.801039E-10
   5.632501E+03  2.150744E-08  4.817247E-10
   5.647501E+03  2.099556E-08  4.761136E-10
   5.662501E+03  2.139715E-08  4.803577E-10
   5.677501E+03  2.107947E-08  4.768433E-10
   5.692501E+03  2.092003E-08  4.750695E-10
   5.707501E+03  2.094760E-08  4.756262E-10
   5.722501E+03  2.087088E-08  4.745129E-10
   5.737501E+03  2.062753E-08  4.717201E-10
   5.752501E+03  2.071144E-08  4.726208E-10
   5.767501E+03  2.065390E-08  4.723493E-10
   5.782501E+03  2.084211E-08  4.742686E-10
   5.797501E+03  2.042014E-08  4.695155E-10
   5.812501E+03  2.048727E-08  4.701462E-10
   5.827501E+03  2.048128E-08  4.699951E-10
   5.842501E+03  1.996220E-08  4.639349E-10
   5.857501E+03  1.993223E-08  4.638106E-10
   5.872501E+03  2.000176E-08  4.644767E-10
   5.887501E+03  1.999097E-08  4.643797E-10
   5.902501E+03  1.974163E-08  4.616514E-10
   5.917501E+03  1.980516E-08  4.622231E-10
   5.932501E+03  1.969967E-08  4.610222E-10
   5.947501E+03  1.973923E-08  4.617075E-10
   5.962501E+03  1.976680E-08  4.616925E-10
   5.977501E+03  1.959178E-08  4.597057E-10
   5.992501E+03  1.929448E-08  4.562997E-10
   6.007501E+03  1.925612E-08  4.559324E-10
   6.022501E+03  1.945152E-08  4.581185E-10
   6.037501E+03  1.914223E-08  4.545587E-10
   6.052501E+03  1.909428E-08  4.539340E-10
   6.067501E+03  1.895162E-08  4.521835E-10
   6.082501E+03  1.883414E-08  4.508127E-10
   6.097501E+03  1.881976E-08  4.508420E-10
   6.112501E+03  1.884014E-08  4.507695E-10
   6.127501E+03  1.862795E-08  4.482884E-10
   6.142501E+03  1.856921E-08  4.475253E-10
   6.157501E+03  1.867710E-08  4.488200E-10
   6.172501E+03  1.851886E-08  4.469776E-10
   6.187501E+03  1.839299E-08  4.454894E-10
   6.202501E+03  1.828150E-08  4.442287E-10
   6.217501E+03  1.842056E-08  4.459962E-10
   6.232501E+03  1.826712E-08  4.439962E-10
   6.247501E+03  1.805973E-08  4.414767E-10
   6.262501E+03  1.802976E-08  4.410527E-10
   6.277501E+03  1.799140E-08  4.406140E-10
   6.292501E+03  1.788590E-08  4.391770E-10
   6.307501E+03  1.781637E-08  4.383541E-10
   6.322501E+03  1.769410E-08  4.369102E-10
   6.337501E+03  1.742077E-08  4.335916E-10
   6.352501E+03  1.752747E-08  4.348538E-10
   6.367501E+03  1.753226E-08  4.347347E-10
   6.382501E+03  1.729850E-08  4.320120E-10
   6.397501E+03  1.738001E-08  4.329662E-10
   6.412501E+03  1.730329E-08  4.321914E-10
   6.427501E+03  1.717262E-08  4.303516E-10
   6.442501E+03  1.737042E-08  4.330561E-10
   6.457501E+03  1.684536E-08  4.264531E-10
   6.472501E+03  1.716184E-08  4.302468E-10
   6.487501E+03  1.674106E-08  4.249528E-10
   6.502501E+03  1.700959E-08  4.284294E-10
   6.517501E+03  1.680580E-08  4.258323E-10
   6.532501E+03  1.709830E-08  4.296021E-10
   6.547501E+03  1.673147E-08  4.248618E-10
   6.562501E+03  1.658042E-08  4.229753E-10
   6.577501E+03  1.653007E-08  4.223956E-10
   6.592501E+03  1.645455E-08  4.214325E-10
   6.607501E+03  1.645815E-08  4.214171E-10
   6.622501E+03  1.616564E-08  4.176349E-10
   6.637501E+03  1.626275E-08  4.189149E-10
   6.652501E+03  1.590431E-08  4.142543E-10
   6.667501E+03  1.620041E-08  4.181135E-10
   6.682501E+03  1.608053E-08  4.166300E-10
   6.697501E+03  1.576165E-08  4.124598E-10
   6.712501E+03  1.599781E-08  4.155915E-10
   6.727501E+03  1.583718E-08  4.134126E-10
   6.742501E+03  1.569212E-08  4.114889E-10
   6.757501E+03  1.549073E-08  4.088784E-10
   6.772501E+03  1.568853E-08  4.114419E-10
   6.787501E+03  1.536485E-08  4.071867E-10
   6.802501E+03  1.558064E-08  4.099969E-10
   6.817501E+03  1.524977E-08  4.057267E-10
   6.832501E+03  1.526535E-08  4.058377E-10
   6.847501E+03  1.547754E-08  4.085782E-10
   6.862501E+03  1.520182E-08  4.051859E-10
   6.877501E+03  1.526775E-08  4.060607E-10
   6.892501E+03  1.525816E-08  4.057105E-10
   6.907501E+03  1.511670E-08  4.038618E-10
   6.922501E+03  1.486136E-08  4.004449E-10
   6.937501E+03  1.487934E-08  4.007187E-10
   6.952501E+03  1.489613E-08  4.009763E-10
   6.967501E+03  1.468994E-08  3.980694E-10
   6.982501E+03  1.469473E-08  3.982641E-10
   6.997501E+03  1.451611E-08  3.959410E-10
   7.012501E+03  1.458444E-08  3.966405E-10
   7.027501E+03  1.438664E-08  3.940459E-10
   7.042501E+03  1.453409E-08  3.960548E-10
   7.057501E+03  1.441661E-08  3.944223E-10
   7.072501E+03  1.436866E-08  3.938003E-10
   7.087501E+03  1.422361E-08  3.916477E-10
   7.102501E+03  1.428954E-08  3.926516E-10
   7.117501E+03  1.406057E-08  3.895667E-10
   7.132501E+03  1.401862E-08  3.891196E-10
   7.147501E+03  1.428954E-08  3.925857E-10
   7.162501E+03  1.409294E-08  3.900137E-10
   7.177501E+03  1.380763E-08  3.862571E-10
   7.192501E+03  1.393710E-08  3.877570E-10
   7.207501E+03  1.368056E-08  3.842467E-10
   7.222501E+03  1.374529E-08  3.850852E-10
   7.237501E+03  1.378965E-08  3.856377E-10
   7.252501E+03  1.376208E-08  3.854204E-10
   7.267501E+03  1.322022E-08  3.777771E-10
   7.282501E+03  1.319625E-08  3.773667E-10
   7.297501E+03  1.342042E-08  3.807549E-10
   7.312501E+03  1.327777E-08  3.786644E-10
   7.327501E+03  1.333051E-08  3.792771E-10
   7.342501E+03  1.313990E-08  3.766995E-10
   7.357501E+03  1.318066E-08  3.771786E-10
   7.372501E+03  1.322742E-08  3.776741E-10
   7.387501E+03  1.297567E-08  3.741724E-10
   7.402501E+03  1.323821E-08  3.779305E-10
   7.417501E+03  1.298286E-08  3.742413E-10
   7.432501E+03  1.303561E-08  3.749992E-10
   7.447501E+03  1.290254E-08  3.730841E-10
   7.462501E+03  1.270594E-08  3.702014E-10
   7.477501E+03  1.276109E-08  3.710373E-10
   7.492501E+03  1.295769E-08  3.738444E-10
   7.507501E+03  1.284620E-08  3.724092E-10
   7.522501E+03  1.252013E-08  3.675245E-10
   7.537501E+03  1.259206E-08  3.685416E-10
   7.552501E+03  1.260764E-08  3.688393E-10
   7.567501E+03  1.250575E-08  3.673138E-10
   7.582501E+03  1.233192E-08  3.646507E-10
   7.597501E+03  1.204661E-08  3.607005E-10
   7.612501E+03  1.230435E-08  3.643854E-10
   7.627501E+03  1.230435E-08  3.643854E-10
   7.642501E+03  1.231154E-08  3.645271E-10
   7.657501E+03  1.208977E-08  3.611651E-10
   7.672501E+03  1.213412E-08  3.618615E-10
   7.687501E+03  1.205141E-08  3.605210E-10
   7.702501E+03  1.193752E-08  3.589243E-10
   7.717501E+03  1.207298E-08  3.608790E-10
   7.732501E+03  1.202623E-08  3.602167E-10
   7.747501E+03  1.219526E-08  3.627343E-10
   7.762501E+03  1.158148E-08  3.535063E-10
   7.777501E+03  1.177089E-08  3.564159E-10
   7.792501E+03  1.202623E-08  3.601090E-10
   7.807501E+03  1.159467E-08  3.535974E-10
   7.822501E+03  1.167139E-08  3.549460E-10
   7.837501E+03  1.166060E-08  3.547823E-10
   7.852501E+03  1.134412E-08  3.497982E-10
   7.867501E+03  1.145441E-08  3.515655E-10
   7.882501E+03  1.145681E-08  3.516390E-10
   7.897501E+03  1.152154E-08  3.525188E-10
   7.912501E+03  1.122784E-08  3.479664E-10
   7.927501E+03  1.135251E-08  3.498904E-10
   7.942501E+03  1.139087E-08  3.505541E-10
   7.957501E+03  1.128778E-08  3.489669E-10
   7.972501E+03  1.102285E-08  3.448920E-10
   7.987501E+03  1.110317E-08  3.462559E-10
   8.002501E+03  1.116191E-08  3.470937E-10
   8.017501E+03  1.092934E-08  3.434666E-10
   8.032501E+03  1.090537E-08  3.429019E-10
   8.047501E+03  1.075432E-08  3.405215E-10
   8.062501E+03  1.082145E-08  3.417330E-10
   8.077501E+03  1.067520E-08  3.393823E-10
   8.092501E+03  1.072795E-08  3.403323E-10
   8.107501E+03  1.067879E-08  3.394394E-10
   8.122501E+03  1.075432E-08  3.406355E-10
   8.137501E+03  1.046181E-08  3.359407E-10
   8.152501E+03  1.046421E-08  3.360177E-10
   8.167501E+03  1.053494E-08  3.372261E-10
   8.182501E+03  1.045702E-08  3.358639E-10
   8.197501E+03  1.034793E-08  3.342262E-10
   8.212501E+03  1.040787E-08  3.353835E-10
   8.227501E+03  1.050377E-08  3.368047E-10
   8.242501E+03  1.015972E-08  3.312185E-10
   8.257501E+03  1.007341E-08  3.298513E-10
   8.272501E+03  1.033954E-08  3.339747E-10
   8.287501E+03  1.012615E-08  3.306723E-10
   8.302501E+03  1.006861E-08  3.295376E-10
   8.317501E+03  1.024004E-08  3.323664E-10
   8.332501E+03  1.002546E-08  3.289101E-10
   8.347501E+03  9.876806E-09  3.263084E-10
   8.362501E+03  1.007341E-08  3.295374E-10
   8.377501E+03  9.981101E-09  3.281042E-10
   8.392501E+03  9.935547E-09  3.274741E-10
   8.407501E+03  9.836048E-09  3.259922E-10
   8.422501E+03  9.669416E-09  3.229472E-10
   8.437501E+03  9.722163E-09  3.237858E-10
   8.452501E+03  9.543544E-09  3.208813E-10
   8.467501E+03  9.735350E-09  3.241647E-10
   8.482501E+03  9.517170E-09  3.203575E-10
   8.497501E+03  9.735350E-09  3.240050E-10
   8.512501E+03  9.560327E-09  3.212434E-10
   8.527501E+03  9.619067E-09  3.221063E-10
   8.542501E+03  9.488399E-09  3.199543E-10
   8.557501E+03  9.378111E-09  3.181328E-10
   8.572501E+03  9.379310E-09  3.180312E-10
   8.587501E+03  9.408081E-09  3.187210E-10
   8.602501E+03  9.333756E-09  3.173810E-10
   8.617501E+03  9.213877E-09  3.153398E-10
   8.632501E+03  9.295395E-09  3.166884E-10
   8.647501E+03  9.271419E-09  3.162394E-10
   8.662501E+03  9.157534E-09  3.142525E-10
   8.677501E+03  9.004089E-09  3.116942E-10
   8.692501E+03  9.089203E-09  3.130790E-10
   8.707501E+03  9.116775E-09  3.135943E-10
   8.722501E+03  9.023270E-09  3.120669E-10
   8.737501E+03  9.005288E-09  3.117564E-10
   8.752501E+03  8.951343E-09  3.107812E-10
   8.767501E+03  8.739158E-09  3.069549E-10
   8.782501E+03  8.868627E-09  3.093024E-10
   8.797501E+03  8.717579E-09  3.066604E-10
   8.812501E+03  8.607291E-09  3.046744E-10
   8.827501E+03  8.692405E-09  3.062601E-10
   8.842501E+03  8.392708E-09  3.009852E-10
   8.857501E+03  8.648050E-09  3.054365E-10
   8.872501E+03  8.505394E-09  3.030381E-10
   8.887501E+03  8.513786E-09  3.030592E-10
   8.902501E+03  8.640857E-09  3.052673E-10
   8.917501E+03  8.362738E-09  3.004052E-10
   8.932501E+03  8.463437E-09  3.020773E-10
   8.947501E+03  8.206896E-09  2.975973E-10
   8.962501E+03  8.318383E-09  2.996087E-10
   8.977501E+03  8.188914E-09  2.973151E-10
   8.992501E+03  8.369931E-09  3.004481E-10
   9.007501E+03  8.136168E-09  2.962268E-10
   9.022501E+03  8.282420E-09  2.990046E-10
   9.037501E+03  8.258444E-09  2.985723E-10
   9.052501E+03  8.073831E-09  2.951785E-10
   9.067501E+03  8.096608E-09  2.955940E-10
   9.082501E+03  8.034271E-09  2.943677E-10
   9.097501E+03  8.076228E-09  2.952223E-10
   9.112501E+03  8.063042E-09  2.949377E-10
   9.127501E+03  7.844862E-09  2.908360E-10
   9.142501E+03  7.882025E-09  2.916123E-10
   9.157501E+03  7.830477E-09  2.905694E-10
   9.172501E+03  7.742966E-09  2.890317E-10
   9.187501E+03  7.968337E-09  2.931144E-10
   9.202501E+03  7.619490E-09  2.866756E-10
   9.217501E+03  7.587123E-09  2.861118E-10
   9.232501E+03  7.504407E-09  2.846408E-10
   9.247501E+03  7.602707E-09  2.865406E-10
   9.262501E+03  7.654255E-09  2.873732E-10
   9.277501E+03  7.506804E-09  2.845498E-10
   9.292501E+03  7.643466E-09  2.871709E-10
   9.307501E+03  7.406106E-09  2.827281E-10
   9.322501E+03  7.448064E-09  2.835722E-10
   9.337501E+03  7.552358E-09  2.853658E-10
   9.352501E+03  7.513997E-09  2.846405E-10
   9.367501E+03  7.397715E-09  2.824766E-10
   9.382501E+03  7.277836E-09  2.801344E-10
   9.397501E+03  7.235879E-09  2.794188E-10
   9.412501E+03  7.349763E-09  2.816982E-10
   9.427501E+03  7.386926E-09  2.822249E-10
   9.442501E+03  7.245469E-09  2.796499E-10
   9.457501E+03  7.127988E-09  2.773304E-10
   9.472501E+03  7.181933E-09  2.784231E-10
   9.487501E+03  7.203511E-09  2.787476E-10
   9.502501E+03  7.181933E-09  2.783301E-10
   9.517501E+03  7.237077E-09  2.793956E-10
   9.532501E+03  7.057259E-09  2.759059E-10
   9.547501E+03  6.893025E-09  2.726795E-10
   9.562501E+03  6.988928E-09  2.746153E-10
   9.577501E+03  7.081235E-09  2.764206E-10
   9.592501E+03  6.793526E-09  2.707539E-10
   9.607501E+03  6.861857E-09  2.722530E-10
   9.622501E+03  6.694027E-09  2.686701E-10
   9.637501E+03  6.803116E-09  2.710402E-10
   9.652501E+03  6.708412E-09  2.691988E-10
   9.667501E+03  6.869050E-09  2.723003E-10
   9.682501E+03  6.807912E-09  2.710878E-10
   9.697501E+03  6.691629E-09  2.687664E-10
   9.712501E+03  6.696424E-09  2.688625E-10
   9.727501E+03  6.588534E-09  2.666913E-10
   9.742501E+03  6.490233E-09  2.646487E-10
   9.757501E+03  6.444679E-09  2.636213E-10
   9.772501E+03  6.582540E-09  2.664245E-10
   9.787501E+03  6.287638E-09  2.603913E-10
   9.802501E+03  6.548974E-09  2.658421E-10
   9.817501E+03  6.349975E-09  2.617770E-10
   9.832501E+03  6.287638E-09  2.604906E-10
   9.847501E+03  6.324800E-09  2.613078E-10
   9.862501E+03  6.201325E-09  2.585987E-10
   9.877501E+03  6.267259E-09  2.600686E-10
   9.892501E+03  6.396728E-09  2.626885E-10
   9.907501E+03  6.300825E-09  2.608128E-10
   9.922501E+03  6.088639E-09  2.563405E-10
   9.937501E+03  6.242084E-09  2.594467E-10
   9.952501E+03  6.279247E-09  2.603169E-10
   9.967501E+03  6.053875E-09  2.555074E-10
   9.982501E+03  6.086242E-09  2.562396E-10
   9.997501E+03  6.062266E-09  2.558866E-10
   1.001250E+04  6.069459E-09  2.559369E-10
   1.002750E+04  5.986742E-09  2.541383E-10
   1.004250E+04  5.978351E-09  2.540112E-10
   1.005750E+04  6.017911E-09  2.548492E-10
   1.007250E+04  5.845286E-09  2.511206E-10
   1.008750E+04  5.845286E-09  2.510691E-10
   1.010250E+04  5.750581E-09  2.491317E-10
   1.011750E+04  5.864466E-09  2.515319E-10
   1.013250E+04  6.149778E-09  2.575725E-10
   1.014750E+04  5.839292E-09  2.509404E-10
   1.016250E+04  5.798533E-09  2.501152E-10
   1.017750E+04  5.895635E-09  2.521475E-10
   1.019250E+04  5.720612E-09  2.484304E-10
   1.020750E+04  5.657076E-09  2.469958E-10
   1.022250E+04  5.761371E-09  2.493650E-10
   1.023750E+04  5.702630E-09  2.480400E-10
   1.025250E+04  5.522812E-09  2.441544E-10
   1.026750E+04  5.565968E-09  2.451580E-10
   1.028250E+04  5.540794E-09  2.444453E-10
   1.029750E+04  5.460475E-09  2.427212E-10
   1.031250E+04  5.506029E-09  2.436775E-10
   1.032750E+04  5.384951E-09  2.410382E-10
   1.034250E+04  5.383753E-09  2.409578E-10
   1.035750E+04  5.411325E-09  2.417878E-10
   1.037250E+04  5.273464E-09  2.385322E-10
   1.038750E+04  5.259079E-09  2.382069E-10
   1.040250E+04  5.381355E-09  2.409041E-10
   1.041750E+04  5.256681E-09  2.382070E-10
   1.043250E+04  5.279458E-09  2.386676E-10
   1.044750E+04  5.247091E-09  2.378812E-10
   1.046250E+04  5.417319E-09  2.418144E-10
   1.047750E+04  5.191947E-09  2.366284E-10
   1.049250E+04  5.215922E-09  2.371739E-10
   1.050750E+04  5.159579E-09  2.359448E-10
   1.052250E+04  5.048092E-09  2.333286E-10
   1.053750E+04  5.178760E-09  2.363278E-10
   1.055250E+04  5.054086E-09  2.335777E-10
   1.056750E+04  4.900641E-09  2.298970E-10
   1.058250E+04  4.895846E-09  2.298408E-10
   1.059750E+04  4.862280E-09  2.291087E-10
   1.061250E+04  4.970171E-09  2.315215E-10
   1.062750E+04  4.897045E-09  2.298689E-10
   1.064250E+04  5.121218E-09  2.350118E-10
   1.065750E+04  4.780763E-09  2.270688E-10
   1.067250E+04  4.881461E-09  2.294468E-10
   1.068750E+04  4.704040E-09  2.252975E-10
   1.070250E+04  4.791552E-09  2.273817E-10
   1.071750E+04  4.856286E-09  2.289676E-10
   1.073250E+04  4.798745E-09  2.274953E-10
   1.074750E+04  4.726817E-09  2.259564E-10
   1.076250E+04  4.773570E-09  2.268980E-10
   1.077750E+04  4.686059E-09  2.249819E-10
   1.079250E+04  4.714829E-09  2.255555E-10
   1.080750E+04  4.682462E-09  2.247807E-10
   1.082250E+04  4.650095E-09  2.239454E-10
   1.083750E+04  4.489457E-09  2.201035E-10
   1.085250E+04  4.586559E-09  2.224108E-10
   1.086750E+04  4.407940E-09  2.180385E-10
   1.088250E+04  4.479867E-09  2.198096E-10
   1.089750E+04  4.410338E-09  2.180978E-10
   1.091250E+04  4.530216E-09  2.210995E-10
   1.092750E+04  4.387561E-09  2.175935E-10
   1.094250E+04  4.433114E-09  2.187192E-10
   1.095750E+04  4.490656E-09  2.200741E-10
   1.097250E+04  4.406741E-09  2.181275E-10
   1.098750E+04  4.307242E-09  2.155345E-10
   1.100250E+04  4.316832E-09  2.157742E-10
   1.101750E+04  4.328820E-09  2.161334E-10
   1.103250E+04  4.365982E-09  2.169987E-10
   1.104750E+04  4.264086E-09  2.145127E-10
   1.106250E+04  4.210140E-09  2.132134E-10
   1.107750E+04  4.283266E-09  2.149942E-10
   1.109250E+04  4.057894E-09  2.092049E-10
   1.110750E+04  4.183767E-09  2.124846E-10
   1.112250E+04  4.122629E-09  2.111117E-10
   1.113750E+04  4.219730E-09  2.133951E-10
   1.115250E+04  4.038714E-09  2.087101E-10
   1.116750E+04  4.049503E-09  2.089886E-10
   1.118250E+04  4.015937E-09  2.081209E-10
   1.119750E+04  4.093858E-09  2.101296E-10
   1.121250E+04  3.987166E-09  2.073743E-10
   1.122750E+04  4.044707E-09  2.089267E-10
   1.124250E+04  3.899654E-09  2.051497E-10
   1.125750E+04  3.932022E-09  2.059985E-10
   1.127250E+04  4.059093E-09  2.092358E-10
   1.128750E+04  3.981172E-09  2.072808E-10
   1.130250E+04  3.746210E-09  2.010125E-10
   1.131750E+04  3.694662E-09  1.996251E-10
   1.133250E+04  3.759396E-09  2.013658E-10
   1.134750E+04  3.746210E-09  2.010768E-10
   1.136250E+04  3.709047E-09  2.000779E-10
   1.137750E+04  3.687469E-09  1.994308E-10
   1.139250E+04  3.739017E-09  2.008838E-10
   1.140750E+04  3.633524E-09  1.980324E-10
   1.142250E+04  3.620337E-09  1.977385E-10
   1.143750E+04  3.706650E-09  2.000779E-10
   1.145250E+04  3.689867E-09  1.994956E-10
   1.146750E+04  3.725830E-09  2.004651E-10
   1.148250E+04  3.691065E-09  1.996576E-10
   1.149750E+04  3.587970E-09  1.967883E-10
   1.151250E+04  3.596361E-09  1.969524E-10
   1.152750E+04  3.554404E-09  1.958004E-10
   1.154250E+04  3.614343E-09  1.975095E-10
   1.155750E+04  3.625132E-09  1.978692E-10
   1.157250E+04  3.465693E-09  1.933423E-10
   1.158750E+04  3.484874E-09  1.938764E-10
   1.160250E+04  3.366194E-09  1.906153E-10
   1.161750E+04  3.309851E-09  1.890149E-10
   1.163250E+04  3.444115E-09  1.928067E-10
   1.164750E+04  3.362598E-09  1.904457E-10
   1.166250E+04  3.379381E-09  1.909879E-10
   1.167750E+04  3.345815E-09  1.899699E-10
   1.169250E+04  3.306255E-09  1.888438E-10
   1.170750E+04  3.194767E-09  1.856334E-10
   1.172250E+04  3.234327E-09  1.868482E-10
   1.173750E+04  3.240321E-09  1.869519E-10
   1.175250E+04  3.305056E-09  1.888096E-10
   1.176750E+04  3.177984E-09  1.852152E-10
   1.178250E+04  3.146816E-09  1.843056E-10
   1.179750E+04  3.164798E-09  1.847609E-10
   1.181250E+04  3.149214E-09  1.843757E-10
   1.182750E+04  3.148015E-09  1.843407E-10
   1.184250E+04  3.104858E-09  1.830740E-10
   1.185750E+04  3.071292E-09  1.820117E-10
   1.187250E+04  3.011353E-09  1.802273E-10
   1.188750E+04  2.992172E-09  1.796526E-10
   1.190250E+04  3.007757E-09  1.801197E-10
   1.191750E+04  3.160003E-09  1.846209E-10
   1.193250E+04  2.887878E-09  1.764946E-10
   1.194750E+04  2.928637E-09  1.777354E-10
   1.196250E+04  3.062901E-09  1.818341E-10
   1.197750E+04  3.004160E-09  1.800120E-10
   1.199250E+04  2.992172E-09  1.796526E-10
   1.200750E+04  2.839927E-09  1.750235E-10
   1.202250E+04  2.904661E-09  1.770066E-10
   1.203750E+04  2.793174E-09  1.736516E-10
   1.205250E+04  2.886679E-09  1.764579E-10
   1.206750E+04  2.797969E-09  1.737260E-10
   1.208250E+04  2.845920E-09  1.752080E-10
   1.209750E+04  2.818348E-09  1.743574E-10
   1.211250E+04  2.718849E-09  1.713282E-10
   1.212750E+04  2.752415E-09  1.723063E-10
   1.214250E+04  2.790776E-09  1.735027E-10
   1.215750E+04  2.698470E-09  1.706098E-10
   1.217250E+04  2.676891E-09  1.699264E-10
   1.218750E+04  2.681687E-09  1.700785E-10
   1.220250E+04  2.565404E-09  1.663510E-10
   1.221750E+04  2.658910E-09  1.693549E-10
   1.223250E+04  2.627741E-09  1.683595E-10
   1.224750E+04  2.631338E-09  1.684747E-10
   1.226250E+04  2.561808E-09  1.662344E-10
   1.227750E+04  2.565404E-09  1.663510E-10
   1.229250E+04  2.652916E-09  1.691639E-10
   1.230750E+04  2.584585E-09  1.669716E-10
   1.232250E+04  2.658910E-09  1.694312E-10
   1.233750E+04  2.580989E-09  1.668554E-10
   1.235250E+04  2.524646E-09  1.650245E-10
   1.236750E+04  2.447923E-09  1.624982E-10
   1.238250E+04  2.446724E-09  1.624584E-10
   1.239750E+04  2.518652E-09  1.649070E-10
   1.241250E+04  2.417953E-09  1.615006E-10
   1.242750E+04  2.446724E-09  1.624584E-10
   1.244250E+04  2.476694E-09  1.634501E-10
   1.245750E+04  2.380791E-09  1.602549E-10
   1.247250E+04  2.389183E-09  1.605371E-10
   1.248750E+04  2.247726E-09  1.557130E-10
   1.250250E+04  2.336436E-09  1.589182E-10
   1.251750E+04  2.347225E-09  1.591214E-10
   1.253250E+04  2.276497E-09  1.567062E-10
   1.254750E+04  2.224949E-09  1.549221E-10
   1.256250E+04  2.302870E-09  1.576111E-10
   1.257750E+04  2.172202E-09  1.530751E-10
   1.259250E+04  2.260912E-09  1.561690E-10
   1.260750E+04  2.167407E-09  1.529061E-10
   1.262250E+04  2.185389E-09  1.535389E-10
   1.263750E+04  2.259714E-09  1.561276E-10
   1.265250E+04  2.108666E-09  1.508202E-10
   1.266750E+04  2.175798E-09  1.532017E-10
   1.268250E+04  2.169805E-09  1.529906E-10
   1.269750E+04  2.069106E-09  1.493990E-10
   1.271250E+04  2.079896E-09  1.497879E-10
   1.272750E+04  2.058317E-09  1.490090E-10
   1.274250E+04  1.970806E-09  1.458075E-10
   1.275750E+04  2.037938E-09  1.482696E-10
   1.277250E+04  1.927650E-09  1.442025E-10
   1.278750E+04  1.925252E-09  1.441128E-10
   1.280250E+04  1.987589E-09  1.464269E-10
   1.281750E+04  1.969607E-09  1.457631E-10
   1.283250E+04  1.976800E-09  1.460290E-10
   1.284750E+04  1.912065E-09  1.436185E-10
   1.286250E+04  1.898879E-09  1.431225E-10
   1.287750E+04  1.963613E-09  1.455412E-10
   1.289250E+04  1.835343E-09  1.407080E-10
   1.290750E+04  1.945631E-09  1.448734E-10
   1.292250E+04  1.836542E-09  1.407540E-10
   1.293750E+04  1.853325E-09  1.413955E-10
   1.295250E+04  1.825753E-09  1.403400E-10
   1.296750E+04  1.781398E-09  1.386250E-10
   1.298250E+04  1.795783E-09  1.391835E-10
   1.299750E+04  1.729850E-09  1.366996E-10
   1.301250E+04  1.781398E-09  1.386250E-10
   1.302750E+04  1.727452E-09  1.365102E-10
   1.304250E+04  1.696284E-09  1.352733E-10
   1.305750E+04  1.661519E-09  1.338801E-10
   1.307250E+04  1.728651E-09  1.365576E-10
   1.308750E+04  1.663916E-09  1.339766E-10
   1.310250E+04  1.666314E-09  1.340731E-10
   1.311750E+04  1.709470E-09  1.357980E-10
   1.313250E+04  1.618363E-09  1.321302E-10
   1.314750E+04  1.621959E-09  1.322769E-10
   1.316250E+04  1.578803E-09  1.305055E-10
   1.317750E+04  1.581200E-09  1.306045E-10
   1.319250E+04  1.576405E-09  1.304063E-10
   1.320750E+04  1.553628E-09  1.294609E-10
   1.322250E+04  1.526056E-09  1.283072E-10
   1.323750E+04  1.553628E-09  1.294609E-10
   1.325250E+04  1.546435E-09  1.291609E-10
   1.326750E+04  1.496086E-09  1.270412E-10
   1.328250E+04  1.536845E-09  1.288603E-10
   1.329750E+04  1.458924E-09  1.254536E-10
   1.331250E+04  1.461321E-09  1.255566E-10
   1.332750E+04  1.481701E-09  1.265313E-10
   1.334250E+04  1.359425E-09  1.211006E-10
   1.335750E+04  1.404978E-09  1.231126E-10
   1.337250E+04  1.467315E-09  1.258138E-10
   1.338750E+04  1.363021E-09  1.212606E-10
   1.340250E+04  1.373810E-09  1.217395E-10
   1.341750E+04  1.287497E-09  1.178536E-10
   1.343250E+04  1.324660E-09  1.195422E-10
   1.344750E+04  1.256329E-09  1.164185E-10
   1.346250E+04  1.221564E-09  1.149092E-10
   1.347750E+04  1.307877E-09  1.187826E-10
   1.349250E+04  1.252732E-09  1.162518E-10
   1.350750E+04  1.305479E-09  1.186737E-10
   1.352250E+04  1.286298E-09  1.177988E-10
   1.353750E+04  1.238347E-09  1.155824E-10
   1.355250E+04  1.241943E-09  1.157501E-10
   1.356750E+04  1.288696E-09  1.179085E-10
   1.358250E+04  1.239546E-09  1.156384E-10
   1.359750E+04  1.209576E-09  1.142320E-10
   1.361250E+04  1.234751E-09  1.154145E-10
   1.362750E+04  1.124462E-09  1.101400E-10
   1.364250E+04  1.177209E-09  1.126934E-10
   1.365750E+04  1.137649E-09  1.107839E-10
   1.367250E+04  1.122065E-09  1.100225E-10
   1.368750E+04  1.045342E-09  1.061948E-10
   1.370250E+04  1.092095E-09  1.085434E-10
   1.371750E+04  1.054933E-09  1.066808E-10
   1.373250E+04  1.040547E-09  1.059510E-10
   1.374750E+04  1.083703E-09  1.081256E-10
   1.376250E+04  1.045342E-09  1.061948E-10
   1.377750E+04  1.039348E-09  1.058899E-10
   1.379250E+04  1.002186E-09  1.039798E-10
   1.380750E+04  1.035752E-09  1.057066E-10
   1.382250E+04  9.901981E-10  1.033561E-10
   1.383750E+04  9.602284E-10  1.017801E-10
   1.385250E+04  9.122769E-10  9.920641E-11
   1.386750E+04  1.021367E-09  1.049700E-10
   1.388250E+04  8.966927E-10  9.835546E-11
   1.389750E+04  9.470418E-10  1.010789E-10
   1.391250E+04  8.859036E-10  9.776200E-11
   1.392750E+04  9.458430E-10  1.010149E-10
   1.394250E+04  8.871024E-10  9.782812E-11
   1.395750E+04  8.895000E-10  9.796022E-11
   1.397250E+04  8.763133E-10  9.736437E-11
   1.398750E+04  8.918976E-10  9.809214E-11
   1.400250E+04  8.271631E-10  9.446554E-11
   1.401750E+04  7.995910E-10  9.287788E-11
   1.403250E+04  7.804104E-10  9.175721E-11
   1.404750E+04  8.343558E-10  9.487534E-11
   1.406250E+04  7.684225E-10  9.104978E-11
   1.407750E+04  7.564346E-10  9.033682E-11
   1.409250E+04  7.276637E-10  8.860229E-11
   1.410750E+04  7.804104E-10  9.175721E-11
   1.412250E+04  7.744164E-10  9.140418E-11
   1.413750E+04  6.917001E-10  8.638516E-11
   1.415250E+04  6.940977E-10  8.653474E-11
   1.416750E+04  6.617304E-10  8.449311E-11
   1.418250E+04  7.060856E-10  8.727877E-11
   1.419750E+04  6.761159E-10  8.540653E-11
   1.421250E+04  6.857062E-10  8.601008E-11
   1.422750E+04  6.125802E-10  8.129486E-11
   1.424250E+04  6.413511E-10  8.318193E-11
   1.425750E+04  6.197729E-10  8.177071E-11
   1.427250E+04  5.790141E-10  7.903633E-11
   1.428750E+04  5.862069E-10  7.952570E-11
   1.430250E+04  5.898032E-10  7.976926E-11
   1.431750E+04  6.125802E-10  8.129486E-11
   1.433250E+04  5.718214E-10  7.854391E-11
   1.434750E+04  5.454481E-10  7.687974E-11
   1.436250E+04  5.142796E-10  7.448743E-11
   1.437750E+04  5.646287E-10  7.804838E-11
   1.439250E+04  5.250687E-10  7.526468E-11
   1.440750E+04  5.346590E-10  7.594888E-11
   1.442250E+04  5.022918E-10  7.361419E-11
   1.443750E+04  5.010930E-10  7.352630E-11
   1.445250E+04  5.034906E-10  7.370198E-11
   1.446750E+04  4.771172E-10  7.174580E-11
   1.448250E+04  4.663282E-10  7.093000E-11
   1.449750E+04  4.339609E-10  6.842424E-11
   1.451250E+04  4.171779E-10  6.708812E-11
   1.452750E+04  4.159791E-10  6.699167E-11
   1.454250E+04  4.051900E-10  6.611722E-11
   1.455750E+04  3.680276E-10  6.301241E-11
   1.457250E+04  3.800155E-10  6.403041E-11
   1.458750E+04  3.860094E-10  6.453339E-11
   1.460250E+04  3.392567E-10  6.049933E-11
   1.461750E+04  4.051900E-10  6.611722E-11
   1.463250E+04  3.620337E-10  6.249718E-11
   1.464750E+04  3.416543E-10  6.071273E-11
   1.466250E+04  3.200761E-10  5.876427E-11
   1.467750E+04  3.224737E-10  5.898394E-11
   1.469250E+04  2.673295E-10  5.370455E-11
   1.470750E+04  2.769198E-10  5.465935E-11
   1.472250E+04  2.685283E-10  5.382482E-11
   1.473750E+04  2.996968E-10  5.686278E-11
   1.475250E+04  2.337635E-10  5.021998E-11
   1.476750E+04  2.301671E-10  4.983218E-11
   1.478250E+04  2.205768E-10  4.878298E-11
   1.479750E+04  2.001974E-10  4.647485E-11
   1.481250E+04  1.894084E-10  4.520521E-11
   1.482750E+04  1.690290E-10  4.270413E-11
   1.484250E+04  1.894084E-10  4.520521E-11
   1.485750E+04  1.342641E-10  3.806010E-11
   1.487250E+04  1.510472E-10  4.036881E-11
   1.488750E+04  1.306678E-10  3.754692E-11
   1.490250E+04  1.090896E-10  3.430695E-11
   1.491750E+04  9.590296E-11  3.216671E-11
   1.493250E+04  8.391509E-11  3.008921E-11
   1.494750E+04  8.391509E-11  3.008921E-11
   1.496250E+04  6.473450E-11  2.642768E-11
   1.497750E+04  4.195755E-11  2.127632E-11
   1.499250E+04  3.476482E-11  1.936697E-11
