 #  Results from PENEPMA.
 #  Energy distribution of downbound photons.
 #  1st column: E (eV).
 #  2nd and 3rd columns: probability density and STU (1/(eV*particle)).

   7.500001E+00  1.000000E-35  1.000000E-35
   2.250000E+01  1.000000E-35  1.000000E-35
   3.750000E+01  1.000000E-35  1.000000E-35
   5.250001E+01  1.000000E-35  1.000000E-35
   6.750001E+01  1.000000E-35  1.000000E-35
   8.250001E+01  1.000000E-35  1.000000E-35
   9.750001E+01  1.000000E-35  1.000000E-35
   1.125000E+02  1.000000E-35  1.000000E-35
   1.275000E+02  1.000000E-35  1.000000E-35
   1.425000E+02  1.000000E-35  1.000000E-35
   1.575000E+02  1.000000E-35  1.000000E-35
   1.725000E+02  1.000000E-35  1.000000E-35
   1.875000E+02  1.000000E-35  1.000000E-35
   2.025000E+02  1.000000E-35  1.000000E-35
   2.175000E+02  1.000000E-35  1.000000E-35
   2.325000E+02  1.000000E-35  1.000000E-35
   2.475000E+02  1.000000E-35  1.000000E-35
   2.625000E+02  1.000000E-35  1.000000E-35
   2.775000E+02  1.000000E-35  1.000000E-35
   2.925000E+02  1.000000E-35  1.000000E-35
   3.075000E+02  1.000000E-35  1.000000E-35
   3.225000E+02  1.000000E-35  1.000000E-35
   3.375000E+02  1.000000E-35  1.000000E-35
   3.525000E+02  1.000000E-35  1.000000E-35
   3.675000E+02  1.000000E-35  1.000000E-35
   3.825000E+02  1.000000E-35  1.000000E-35
   3.975000E+02  1.000000E-35  1.000000E-35
   4.125000E+02  1.000000E-35  1.000000E-35
   4.275000E+02  1.000000E-35  1.000000E-35
   4.425000E+02  1.000000E-35  1.000000E-35
   4.575000E+02  1.000000E-35  1.000000E-35
   4.725000E+02  1.000000E-35  1.000000E-35
   4.875000E+02  1.000000E-35  1.000000E-35
   5.025001E+02  1.000000E-35  1.000000E-35
   5.175001E+02  1.000000E-35  1.000000E-35
   5.325001E+02  1.000000E-35  1.000000E-35
   5.475001E+02  1.000000E-35  1.000000E-35
   5.625001E+02  1.000000E-35  1.000000E-35
   5.775001E+02  1.000000E-35  1.000000E-35
   5.925001E+02  1.000000E-35  1.000000E-35
   6.075001E+02  1.000000E-35  1.000000E-35
   6.225001E+02  1.000000E-35  1.000000E-35
   6.375001E+02  1.000000E-35  1.000000E-35
   6.525001E+02  1.000000E-35  1.000000E-35
   6.675001E+02  1.000000E-35  1.000000E-35
   6.825001E+02  1.000000E-35  1.000000E-35
   6.975001E+02  1.000000E-35  1.000000E-35
   7.125001E+02  1.000000E-35  1.000000E-35
   7.275001E+02  1.000000E-35  1.000000E-35
   7.425001E+02  1.000000E-35  1.000000E-35
   7.575001E+02  1.000000E-35  1.000000E-35
   7.725001E+02  1.000000E-35  1.000000E-35
   7.875001E+02  1.000000E-35  1.000000E-35
   8.025001E+02  1.000000E-35  1.000000E-35
   8.175001E+02  1.000000E-35  1.000000E-35
   8.325001E+02  1.000000E-35  1.000000E-35
   8.475001E+02  1.000000E-35  1.000000E-35
   8.625001E+02  1.000000E-35  1.000000E-35
   8.775001E+02  1.000000E-35  1.000000E-35
   8.925001E+02  1.000000E-35  1.000000E-35
   9.075001E+02  1.000000E-35  1.000000E-35
   9.225001E+02  1.000000E-35  1.000000E-35
   9.375001E+02  1.000000E-35  1.000000E-35
   9.525001E+02  1.000000E-35  1.000000E-35
   9.675001E+02  1.000000E-35  1.000000E-35
   9.825001E+02  1.000000E-35  1.000000E-35
   9.975001E+02  1.000000E-35  1.000000E-35
   1.012500E+03  1.000000E-35  1.000000E-35
   1.027500E+03  1.000000E-35  1.000000E-35
   1.042500E+03  1.000000E-35  1.000000E-35
   1.057500E+03  1.000000E-35  1.000000E-35
   1.072500E+03  1.000000E-35  1.000000E-35
   1.087500E+03  1.000000E-35  1.000000E-35
   1.102500E+03  1.000000E-35  1.000000E-35
   1.117500E+03  1.000000E-35  1.000000E-35
   1.132500E+03  1.000000E-35  1.000000E-35
   1.147500E+03  1.000000E-35  1.000000E-35
   1.162500E+03  1.000000E-35  1.000000E-35
   1.177500E+03  1.000000E-35  1.000000E-35
   1.192500E+03  1.000000E-35  1.000000E-35
   1.207500E+03  1.000000E-35  1.000000E-35
   1.222500E+03  1.000000E-35  1.000000E-35
   1.237500E+03  1.000000E-35  1.000000E-35
   1.252500E+03  1.000000E-35  1.000000E-35
   1.267500E+03  1.000000E-35  1.000000E-35
   1.282500E+03  1.000000E-35  1.000000E-35
   1.297500E+03  1.000000E-35  1.000000E-35
   1.312500E+03  1.000000E-35  1.000000E-35
   1.327500E+03  1.000000E-35  1.000000E-35
   1.342500E+03  1.000000E-35  1.000000E-35
   1.357500E+03  1.000000E-35  1.000000E-35
   1.372500E+03  1.000000E-35  1.000000E-35
   1.387500E+03  1.000000E-35  1.000000E-35
   1.402500E+03  1.000000E-35  1.000000E-35
   1.417500E+03  1.000000E-35  1.000000E-35
   1.432500E+03  1.000000E-35  1.000000E-35
   1.447500E+03  1.000000E-35  1.000000E-35
   1.462500E+03  1.000000E-35  1.000000E-35
   1.477500E+03  1.000000E-35  1.000000E-35
   1.492500E+03  1.000000E-35  1.000000E-35
   1.507500E+03  1.000000E-35  1.000000E-35
   1.522500E+03  1.000000E-35  1.000000E-35
   1.537500E+03  1.000000E-35  1.000000E-35
   1.552500E+03  1.000000E-35  1.000000E-35
   1.567500E+03  1.000000E-35  1.000000E-35
   1.582500E+03  1.000000E-35  1.000000E-35
   1.597500E+03  1.000000E-35  1.000000E-35
   1.612500E+03  1.000000E-35  1.000000E-35
   1.627500E+03  1.000000E-35  1.000000E-35
   1.642500E+03  1.000000E-35  1.000000E-35
   1.657500E+03  1.000000E-35  1.000000E-35
   1.672500E+03  1.000000E-35  1.000000E-35
   1.687500E+03  1.000000E-35  1.000000E-35
   1.702500E+03  1.000000E-35  1.000000E-35
   1.717500E+03  1.000000E-35  1.000000E-35
   1.732500E+03  1.000000E-35  1.000000E-35
   1.747500E+03  1.000000E-35  1.000000E-35
   1.762500E+03  1.000000E-35  1.000000E-35
   1.777500E+03  1.000000E-35  1.000000E-35
   1.792500E+03  1.000000E-35  1.000000E-35
   1.807500E+03  1.000000E-35  1.000000E-35
   1.822500E+03  1.000000E-35  1.000000E-35
   1.837500E+03  1.000000E-35  1.000000E-35
   1.852500E+03  1.000000E-35  1.000000E-35
   1.867500E+03  1.000000E-35  1.000000E-35
   1.882500E+03  1.000000E-35  1.000000E-35
   1.897500E+03  1.000000E-35  1.000000E-35
   1.912500E+03  1.000000E-35  1.000000E-35
   1.927500E+03  1.000000E-35  1.000000E-35
   1.942500E+03  1.000000E-35  1.000000E-35
   1.957500E+03  1.000000E-35  1.000000E-35
   1.972500E+03  1.000000E-35  1.000000E-35
   1.987500E+03  1.000000E-35  1.000000E-35
   2.002500E+03  1.000000E-35  1.000000E-35
   2.017500E+03  1.000000E-35  1.000000E-35
   2.032500E+03  1.000000E-35  1.000000E-35
   2.047500E+03  1.000000E-35  1.000000E-35
   2.062500E+03  1.000000E-35  1.000000E-35
   2.077500E+03  1.000000E-35  1.000000E-35
   2.092500E+03  1.000000E-35  1.000000E-35
   2.107500E+03  1.000000E-35  1.000000E-35
   2.122500E+03  1.000000E-35  1.000000E-35
   2.137500E+03  1.000000E-35  1.000000E-35
   2.152500E+03  1.000000E-35  1.000000E-35
   2.167500E+03  1.000000E-35  1.000000E-35
   2.182500E+03  1.000000E-35  1.000000E-35
   2.197500E+03  1.000000E-35  1.000000E-35
   2.212500E+03  1.000000E-35  1.000000E-35
   2.227500E+03  1.000000E-35  1.000000E-35
   2.242500E+03  1.000000E-35  1.000000E-35
   2.257500E+03  1.000000E-35  1.000000E-35
   2.272500E+03  1.000000E-35  1.000000E-35
   2.287500E+03  1.000000E-35  1.000000E-35
   2.302500E+03  1.000000E-35  1.000000E-35
   2.317500E+03  1.000000E-35  1.000000E-35
   2.332500E+03  1.000000E-35  1.000000E-35
   2.347500E+03  1.000000E-35  1.000000E-35
   2.362500E+03  1.000000E-35  1.000000E-35
   2.377500E+03  1.000000E-35  1.000000E-35
   2.392500E+03  1.000000E-35  1.000000E-35
   2.407500E+03  1.000000E-35  1.000000E-35
   2.422500E+03  1.000000E-35  1.000000E-35
   2.437500E+03  1.000000E-35  1.000000E-35
   2.452500E+03  1.000000E-35  1.000000E-35
   2.467500E+03  1.000000E-35  1.000000E-35
   2.482500E+03  1.000000E-35  1.000000E-35
   2.497500E+03  1.000000E-35  1.000000E-35
   2.512500E+03  1.000000E-35  1.000000E-35
   2.527500E+03  1.000000E-35  1.000000E-35
   2.542500E+03  1.000000E-35  1.000000E-35
   2.557500E+03  1.000000E-35  1.000000E-35
   2.572500E+03  1.000000E-35  1.000000E-35
   2.587500E+03  1.000000E-35  1.000000E-35
   2.602500E+03  1.000000E-35  1.000000E-35
   2.617500E+03  1.000000E-35  1.000000E-35
   2.632500E+03  1.000000E-35  1.000000E-35
   2.647500E+03  1.000000E-35  1.000000E-35
   2.662500E+03  1.000000E-35  1.000000E-35
   2.677500E+03  1.000000E-35  1.000000E-35
   2.692500E+03  1.000000E-35  1.000000E-35
   2.707500E+03  1.000000E-35  1.000000E-35
   2.722500E+03  1.000000E-35  1.000000E-35
   2.737500E+03  1.000000E-35  1.000000E-35
   2.752500E+03  1.000000E-35  1.000000E-35
   2.767500E+03  1.000000E-35  1.000000E-35
   2.782500E+03  1.000000E-35  1.000000E-35
   2.797500E+03  1.000000E-35  1.000000E-35
   2.812500E+03  1.000000E-35  1.000000E-35
   2.827500E+03  1.000000E-35  1.000000E-35
   2.842500E+03  1.000000E-35  1.000000E-35
   2.857500E+03  1.000000E-35  1.000000E-35
   2.872500E+03  1.000000E-35  1.000000E-35
   2.887500E+03  1.000000E-35  1.000000E-35
   2.902500E+03  1.000000E-35  1.000000E-35
   2.917500E+03  1.000000E-35  1.000000E-35
   2.932500E+03  1.000000E-35  1.000000E-35
   2.947500E+03  1.000000E-35  1.000000E-35
   2.962500E+03  1.000000E-35  1.000000E-35
   2.977500E+03  1.000000E-35  1.000000E-35
   2.992500E+03  1.000000E-35  1.000000E-35
   3.007500E+03  1.000000E-35  1.000000E-35
   3.022500E+03  1.000000E-35  1.000000E-35
   3.037500E+03  1.000000E-35  1.000000E-35
   3.052500E+03  1.000000E-35  1.000000E-35
   3.067500E+03  1.000000E-35  1.000000E-35
   3.082500E+03  1.000000E-35  1.000000E-35
   3.097500E+03  1.000000E-35  1.000000E-35
   3.112500E+03  1.000000E-35  1.000000E-35
   3.127500E+03  1.000000E-35  1.000000E-35
   3.142500E+03  1.000000E-35  1.000000E-35
   3.157500E+03  1.000000E-35  1.000000E-35
   3.172500E+03  1.000000E-35  1.000000E-35
   3.187500E+03  1.000000E-35  1.000000E-35
   3.202500E+03  1.000000E-35  1.000000E-35
   3.217500E+03  1.000000E-35  1.000000E-35
   3.232500E+03  1.000000E-35  1.000000E-35
   3.247500E+03  1.000000E-35  1.000000E-35
   3.262500E+03  1.000000E-35  1.000000E-35
   3.277500E+03  1.000000E-35  1.000000E-35
   3.292500E+03  1.000000E-35  1.000000E-35
   3.307500E+03  1.198787E-12  3.596361E-12
   3.322500E+03  1.000000E-35  1.000000E-35
   3.337500E+03  1.000000E-35  1.000000E-35
   3.352500E+03  1.000000E-35  1.000000E-35
   3.367500E+03  1.000000E-35  1.000000E-35
   3.382500E+03  1.000000E-35  1.000000E-35
   3.397500E+03  1.000000E-35  1.000000E-35
   3.412500E+03  1.000000E-35  1.000000E-35
   3.427500E+03  1.000000E-35  1.000000E-35
   3.442500E+03  1.000000E-35  1.000000E-35
   3.457500E+03  1.000000E-35  1.000000E-35
   3.472500E+03  1.000000E-35  1.000000E-35
   3.487500E+03  1.000000E-35  1.000000E-35
   3.502500E+03  1.000000E-35  1.000000E-35
   3.517500E+03  1.000000E-35  1.000000E-35
   3.532500E+03  1.000000E-35  1.000000E-35
   3.547500E+03  1.000000E-35  1.000000E-35
   3.562500E+03  1.000000E-35  1.000000E-35
   3.577500E+03  1.000000E-35  1.000000E-35
   3.592500E+03  1.198787E-12  3.596361E-12
   3.607500E+03  1.000000E-35  1.000000E-35
   3.622500E+03  1.000000E-35  1.000000E-35
   3.637500E+03  1.000000E-35  1.000000E-35
   3.652500E+03  1.000000E-35  1.000000E-35
   3.667500E+03  1.000000E-35  1.000000E-35
   3.682500E+03  1.000000E-35  1.000000E-35
   3.697500E+03  1.000000E-35  1.000000E-35
   3.712500E+03  1.000000E-35  1.000000E-35
   3.727500E+03  1.000000E-35  1.000000E-35
   3.742500E+03  1.000000E-35  1.000000E-35
   3.757500E+03  1.000000E-35  1.000000E-35
   3.772500E+03  1.000000E-35  1.000000E-35
   3.787500E+03  1.000000E-35  1.000000E-35
   3.802500E+03  1.000000E-35  1.000000E-35
   3.817500E+03  1.000000E-35  1.000000E-35
   3.832500E+03  1.000000E-35  1.000000E-35
   3.847500E+03  1.000000E-35  1.000000E-35
   3.862500E+03  1.000000E-35  1.000000E-35
   3.877500E+03  1.000000E-35  1.000000E-35
   3.892500E+03  1.000000E-35  1.000000E-35
   3.907500E+03  1.000000E-35  1.000000E-35
   3.922500E+03  1.000000E-35  1.000000E-35
   3.937500E+03  1.000000E-35  1.000000E-35
   3.952500E+03  1.000000E-35  1.000000E-35
   3.967500E+03  1.000000E-35  1.000000E-35
   3.982500E+03  1.000000E-35  1.000000E-35
   3.997500E+03  1.000000E-35  1.000000E-35
   4.012500E+03  1.000000E-35  1.000000E-35
   4.027500E+03  1.000000E-35  1.000000E-35
   4.042500E+03  1.000000E-35  1.000000E-35
   4.057500E+03  1.000000E-35  1.000000E-35
   4.072500E+03  1.000000E-35  1.000000E-35
   4.087500E+03  1.000000E-35  1.000000E-35
   4.102500E+03  1.000000E-35  1.000000E-35
   4.117500E+03  1.000000E-35  1.000000E-35
   4.132500E+03  1.000000E-35  1.000000E-35
   4.147500E+03  1.000000E-35  1.000000E-35
   4.162500E+03  1.000000E-35  1.000000E-35
   4.177500E+03  1.000000E-35  1.000000E-35
   4.192500E+03  1.000000E-35  1.000000E-35
   4.207500E+03  1.000000E-35  1.000000E-35
   4.222500E+03  1.000000E-35  1.000000E-35
   4.237500E+03  1.000000E-35  1.000000E-35
   4.252500E+03  1.000000E-35  1.000000E-35
   4.267500E+03  1.000000E-35  1.000000E-35
   4.282500E+03  1.000000E-35  1.000000E-35
   4.297500E+03  1.000000E-35  1.000000E-35
   4.312500E+03  1.000000E-35  1.000000E-35
   4.327500E+03  1.000000E-35  1.000000E-35
   4.342500E+03  1.000000E-35  1.000000E-35
   4.357500E+03  1.000000E-35  1.000000E-35
   4.372500E+03  1.000000E-35  1.000000E-35
   4.387500E+03  1.000000E-35  1.000000E-35
   4.402500E+03  1.000000E-35  1.000000E-35
   4.417500E+03  1.000000E-35  1.000000E-35
   4.432500E+03  1.000000E-35  1.000000E-35
   4.447500E+03  1.000000E-35  1.000000E-35
   4.462500E+03  1.000000E-35  1.000000E-35
   4.477500E+03  1.000000E-35  1.000000E-35
   4.492500E+03  1.000000E-35  1.000000E-35
   4.507500E+03  1.000000E-35  1.000000E-35
   4.522500E+03  1.000000E-35  1.000000E-35
   4.537500E+03  1.000000E-35  1.000000E-35
   4.552500E+03  1.000000E-35  1.000000E-35
   4.567500E+03  1.000000E-35  1.000000E-35
   4.582500E+03  1.000000E-35  1.000000E-35
   4.597500E+03  1.000000E-35  1.000000E-35
   4.612500E+03  1.000000E-35  1.000000E-35
   4.627500E+03  1.000000E-35  1.000000E-35
   4.642500E+03  1.000000E-35  1.000000E-35
   4.657500E+03  1.000000E-35  1.000000E-35
   4.672500E+03  1.000000E-35  1.000000E-35
   4.687500E+03  1.000000E-35  1.000000E-35
   4.702500E+03  1.000000E-35  1.000000E-35
   4.717500E+03  1.000000E-35  1.000000E-35
   4.732500E+03  1.000000E-35  1.000000E-35
   4.747500E+03  1.000000E-35  1.000000E-35
   4.762500E+03  1.000000E-35  1.000000E-35
   4.777500E+03  1.000000E-35  1.000000E-35
   4.792500E+03  1.000000E-35  1.000000E-35
   4.807500E+03  1.000000E-35  1.000000E-35
   4.822500E+03  1.000000E-35  1.000000E-35
   4.837500E+03  1.000000E-35  1.000000E-35
   4.852500E+03  1.000000E-35  1.000000E-35
   4.867500E+03  1.000000E-35  1.000000E-35
   4.882500E+03  1.000000E-35  1.000000E-35
   4.897500E+03  1.000000E-35  1.000000E-35
   4.912500E+03  1.000000E-35  1.000000E-35
   4.927500E+03  1.000000E-35  1.000000E-35
   4.942500E+03  1.000000E-35  1.000000E-35
   4.957500E+03  1.000000E-35  1.000000E-35
   4.972500E+03  1.000000E-35  1.000000E-35
   4.987500E+03  1.000000E-35  1.000000E-35
   5.002501E+03  1.000000E-35  1.000000E-35
   5.017501E+03  1.000000E-35  1.000000E-35
   5.032501E+03  1.000000E-35  1.000000E-35
   5.047501E+03  1.000000E-35  1.000000E-35
   5.062501E+03  1.000000E-35  1.000000E-35
   5.077501E+03  1.000000E-35  1.000000E-35
   5.092501E+03  1.000000E-35  1.000000E-35
   5.107501E+03  1.000000E-35  1.000000E-35
   5.122501E+03  1.000000E-35  1.000000E-35
   5.137501E+03  1.000000E-35  1.000000E-35
   5.152501E+03  1.000000E-35  1.000000E-35
   5.167501E+03  1.000000E-35  1.000000E-35
   5.182501E+03  1.000000E-35  1.000000E-35
   5.197501E+03  1.000000E-35  1.000000E-35
   5.212501E+03  1.000000E-35  1.000000E-35
   5.227501E+03  1.000000E-35  1.000000E-35
   5.242501E+03  1.000000E-35  1.000000E-35
   5.257501E+03  1.000000E-35  1.000000E-35
   5.272501E+03  1.000000E-35  1.000000E-35
   5.287501E+03  1.000000E-35  1.000000E-35
   5.302501E+03  1.000000E-35  1.000000E-35
   5.317501E+03  1.000000E-35  1.000000E-35
   5.332501E+03  1.000000E-35  1.000000E-35
   5.347501E+03  1.000000E-35  1.000000E-35
   5.362501E+03  1.000000E-35  1.000000E-35
   5.377501E+03  1.000000E-35  1.000000E-35
   5.392501E+03  1.000000E-35  1.000000E-35
   5.407501E+03  1.000000E-35  1.000000E-35
   5.422501E+03  1.000000E-35  1.000000E-35
   5.437501E+03  1.000000E-35  1.000000E-35
   5.452501E+03  1.000000E-35  1.000000E-35
   5.467501E+03  1.000000E-35  1.000000E-35
   5.482501E+03  1.000000E-35  1.000000E-35
   5.497501E+03  1.000000E-35  1.000000E-35
   5.512501E+03  1.000000E-35  1.000000E-35
   5.527501E+03  1.000000E-35  1.000000E-35
   5.542501E+03  1.000000E-35  1.000000E-35
   5.557501E+03  1.000000E-35  1.000000E-35
   5.572501E+03  1.000000E-35  1.000000E-35
   5.587501E+03  1.000000E-35  1.000000E-35
   5.602501E+03  1.000000E-35  1.000000E-35
   5.617501E+03  1.000000E-35  1.000000E-35
   5.632501E+03  1.000000E-35  1.000000E-35
   5.647501E+03  1.000000E-35  1.000000E-35
   5.662501E+03  1.000000E-35  1.000000E-35
   5.677501E+03  1.000000E-35  1.000000E-35
   5.692501E+03  1.000000E-35  1.000000E-35
   5.707501E+03  1.000000E-35  1.000000E-35
   5.722501E+03  1.000000E-35  1.000000E-35
   5.737501E+03  1.000000E-35  1.000000E-35
   5.752501E+03  1.000000E-35  1.000000E-35
   5.767501E+03  1.000000E-35  1.000000E-35
   5.782501E+03  1.000000E-35  1.000000E-35
   5.797501E+03  1.000000E-35  1.000000E-35
   5.812501E+03  1.000000E-35  1.000000E-35
   5.827501E+03  1.000000E-35  1.000000E-35
   5.842501E+03  1.000000E-35  1.000000E-35
   5.857501E+03  1.000000E-35  1.000000E-35
   5.872501E+03  1.000000E-35  1.000000E-35
   5.887501E+03  1.000000E-35  1.000000E-35
   5.902501E+03  1.000000E-35  1.000000E-35
   5.917501E+03  1.000000E-35  1.000000E-35
   5.932501E+03  1.000000E-35  1.000000E-35
   5.947501E+03  1.000000E-35  1.000000E-35
   5.962501E+03  1.000000E-35  1.000000E-35
   5.977501E+03  1.000000E-35  1.000000E-35
   5.992501E+03  1.000000E-35  1.000000E-35
   6.007501E+03  1.000000E-35  1.000000E-35
   6.022501E+03  1.000000E-35  1.000000E-35
   6.037501E+03  1.000000E-35  1.000000E-35
   6.052501E+03  1.000000E-35  1.000000E-35
   6.067501E+03  1.000000E-35  1.000000E-35
   6.082501E+03  1.000000E-35  1.000000E-35
   6.097501E+03  1.000000E-35  1.000000E-35
   6.112501E+03  1.000000E-35  1.000000E-35
   6.127501E+03  1.000000E-35  1.000000E-35
   6.142501E+03  1.000000E-35  1.000000E-35
   6.157501E+03  1.000000E-35  1.000000E-35
   6.172501E+03  1.000000E-35  1.000000E-35
   6.187501E+03  1.000000E-35  1.000000E-35
   6.202501E+03  1.000000E-35  1.000000E-35
   6.217501E+03  1.000000E-35  1.000000E-35
   6.232501E+03  1.000000E-35  1.000000E-35
   6.247501E+03  1.000000E-35  1.000000E-35
   6.262501E+03  1.000000E-35  1.000000E-35
   6.277501E+03  1.000000E-35  1.000000E-35
   6.292501E+03  1.000000E-35  1.000000E-35
   6.307501E+03  1.000000E-35  1.000000E-35
   6.322501E+03  1.000000E-35  1.000000E-35
   6.337501E+03  1.000000E-35  1.000000E-35
   6.352501E+03  1.000000E-35  1.000000E-35
   6.367501E+03  1.000000E-35  1.000000E-35
   6.382501E+03  1.000000E-35  1.000000E-35
   6.397501E+03  1.000000E-35  1.000000E-35
   6.412501E+03  1.000000E-35  1.000000E-35
   6.427501E+03  1.000000E-35  1.000000E-35
   6.442501E+03  1.000000E-35  1.000000E-35
   6.457501E+03  1.000000E-35  1.000000E-35
   6.472501E+03  1.000000E-35  1.000000E-35
   6.487501E+03  1.000000E-35  1.000000E-35
   6.502501E+03  1.000000E-35  1.000000E-35
   6.517501E+03  1.000000E-35  1.000000E-35
   6.532501E+03  1.000000E-35  1.000000E-35
   6.547501E+03  1.000000E-35  1.000000E-35
   6.562501E+03  1.000000E-35  1.000000E-35
   6.577501E+03  1.000000E-35  1.000000E-35
   6.592501E+03  1.000000E-35  1.000000E-35
   6.607501E+03  1.000000E-35  1.000000E-35
   6.622501E+03  1.000000E-35  1.000000E-35
   6.637501E+03  1.000000E-35  1.000000E-35
   6.652501E+03  1.000000E-35  1.000000E-35
   6.667501E+03  1.000000E-35  1.000000E-35
   6.682501E+03  1.000000E-35  1.000000E-35
   6.697501E+03  1.000000E-35  1.000000E-35
   6.712501E+03  1.000000E-35  1.000000E-35
   6.727501E+03  1.000000E-35  1.000000E-35
   6.742501E+03  1.000000E-35  1.000000E-35
   6.757501E+03  1.000000E-35  1.000000E-35
   6.772501E+03  1.000000E-35  1.000000E-35
   6.787501E+03  1.000000E-35  1.000000E-35
   6.802501E+03  1.000000E-35  1.000000E-35
   6.817501E+03  1.000000E-35  1.000000E-35
   6.832501E+03  1.000000E-35  1.000000E-35
   6.847501E+03  1.000000E-35  1.000000E-35
   6.862501E+03  1.000000E-35  1.000000E-35
   6.877501E+03  1.000000E-35  1.000000E-35
   6.892501E+03  1.000000E-35  1.000000E-35
   6.907501E+03  1.000000E-35  1.000000E-35
   6.922501E+03  1.000000E-35  1.000000E-35
   6.937501E+03  1.000000E-35  1.000000E-35
   6.952501E+03  1.000000E-35  1.000000E-35
   6.967501E+03  1.000000E-35  1.000000E-35
   6.982501E+03  1.000000E-35  1.000000E-35
   6.997501E+03  1.000000E-35  1.000000E-35
   7.012501E+03  1.000000E-35  1.000000E-35
   7.027501E+03  1.000000E-35  1.000000E-35
   7.042501E+03  1.000000E-35  1.000000E-35
   7.057501E+03  1.000000E-35  1.000000E-35
   7.072501E+03  1.000000E-35  1.000000E-35
   7.087501E+03  1.000000E-35  1.000000E-35
   7.102501E+03  1.000000E-35  1.000000E-35
   7.117501E+03  1.000000E-35  1.000000E-35
   7.132501E+03  1.000000E-35  1.000000E-35
   7.147501E+03  1.000000E-35  1.000000E-35
   7.162501E+03  1.000000E-35  1.000000E-35
   7.177501E+03  1.000000E-35  1.000000E-35
   7.192501E+03  1.000000E-35  1.000000E-35
   7.207501E+03  1.000000E-35  1.000000E-35
   7.222501E+03  1.000000E-35  1.000000E-35
   7.237501E+03  1.000000E-35  1.000000E-35
   7.252501E+03  1.000000E-35  1.000000E-35
   7.267501E+03  1.000000E-35  1.000000E-35
   7.282501E+03  1.000000E-35  1.000000E-35
   7.297501E+03  1.000000E-35  1.000000E-35
   7.312501E+03  1.000000E-35  1.000000E-35
   7.327501E+03  1.000000E-35  1.000000E-35
   7.342501E+03  1.000000E-35  1.000000E-35
   7.357501E+03  1.000000E-35  1.000000E-35
   7.372501E+03  1.000000E-35  1.000000E-35
   7.387501E+03  1.000000E-35  1.000000E-35
   7.402501E+03  1.000000E-35  1.000000E-35
   7.417501E+03  1.000000E-35  1.000000E-35
   7.432501E+03  1.000000E-35  1.000000E-35
   7.447501E+03  1.000000E-35  1.000000E-35
   7.462501E+03  1.000000E-35  1.000000E-35
   7.477501E+03  1.000000E-35  1.000000E-35
   7.492501E+03  1.000000E-35  1.000000E-35
   7.507501E+03  1.000000E-35  1.000000E-35
   7.522501E+03  1.000000E-35  1.000000E-35
   7.537501E+03  1.000000E-35  1.000000E-35
   7.552501E+03  1.000000E-35  1.000000E-35
   7.567501E+03  1.000000E-35  1.000000E-35
   7.582501E+03  1.000000E-35  1.000000E-35
   7.597501E+03  1.000000E-35  1.000000E-35
   7.612501E+03  1.000000E-35  1.000000E-35
   7.627501E+03  1.000000E-35  1.000000E-35
   7.642501E+03  1.000000E-35  1.000000E-35
   7.657501E+03  1.000000E-35  1.000000E-35
   7.672501E+03  1.000000E-35  1.000000E-35
   7.687501E+03  1.000000E-35  1.000000E-35
   7.702501E+03  1.000000E-35  1.000000E-35
   7.717501E+03  1.000000E-35  1.000000E-35
   7.732501E+03  1.000000E-35  1.000000E-35
   7.747501E+03  1.000000E-35  1.000000E-35
   7.762501E+03  1.000000E-35  1.000000E-35
   7.777501E+03  1.000000E-35  1.000000E-35
   7.792501E+03  1.000000E-35  1.000000E-35
   7.807501E+03  1.000000E-35  1.000000E-35
   7.822501E+03  1.000000E-35  1.000000E-35
   7.837501E+03  1.000000E-35  1.000000E-35
   7.852501E+03  1.000000E-35  1.000000E-35
   7.867501E+03  1.000000E-35  1.000000E-35
   7.882501E+03  1.000000E-35  1.000000E-35
   7.897501E+03  1.000000E-35  1.000000E-35
   7.912501E+03  1.000000E-35  1.000000E-35
   7.927501E+03  1.000000E-35  1.000000E-35
   7.942501E+03  1.000000E-35  1.000000E-35
   7.957501E+03  1.000000E-35  1.000000E-35
   7.972501E+03  1.000000E-35  1.000000E-35
   7.987501E+03  1.000000E-35  1.000000E-35
   8.002501E+03  1.000000E-35  1.000000E-35
   8.017501E+03  1.000000E-35  1.000000E-35
   8.032501E+03  1.000000E-35  1.000000E-35
   8.047501E+03  1.000000E-35  1.000000E-35
   8.062501E+03  1.000000E-35  1.000000E-35
   8.077501E+03  1.000000E-35  1.000000E-35
   8.092501E+03  1.000000E-35  1.000000E-35
   8.107501E+03  1.000000E-35  1.000000E-35
   8.122501E+03  1.000000E-35  1.000000E-35
   8.137501E+03  1.000000E-35  1.000000E-35
   8.152501E+03  1.000000E-35  1.000000E-35
   8.167501E+03  1.000000E-35  1.000000E-35
   8.182501E+03  1.000000E-35  1.000000E-35
   8.197501E+03  1.000000E-35  1.000000E-35
   8.212501E+03  1.000000E-35  1.000000E-35
   8.227501E+03  1.000000E-35  1.000000E-35
   8.242501E+03  1.000000E-35  1.000000E-35
   8.257501E+03  1.000000E-35  1.000000E-35
   8.272501E+03  1.000000E-35  1.000000E-35
   8.287501E+03  1.000000E-35  1.000000E-35
   8.302501E+03  1.000000E-35  1.000000E-35
   8.317501E+03  1.000000E-35  1.000000E-35
   8.332501E+03  1.000000E-35  1.000000E-35
   8.347501E+03  1.000000E-35  1.000000E-35
   8.362501E+03  1.000000E-35  1.000000E-35
   8.377501E+03  1.000000E-35  1.000000E-35
   8.392501E+03  1.000000E-35  1.000000E-35
   8.407501E+03  1.000000E-35  1.000000E-35
   8.422501E+03  1.000000E-35  1.000000E-35
   8.437501E+03  1.000000E-35  1.000000E-35
   8.452501E+03  1.000000E-35  1.000000E-35
   8.467501E+03  1.000000E-35  1.000000E-35
   8.482501E+03  1.000000E-35  1.000000E-35
   8.497501E+03  1.000000E-35  1.000000E-35
   8.512501E+03  1.000000E-35  1.000000E-35
   8.527501E+03  1.000000E-35  1.000000E-35
   8.542501E+03  1.000000E-35  1.000000E-35
   8.557501E+03  1.000000E-35  1.000000E-35
   8.572501E+03  1.000000E-35  1.000000E-35
   8.587501E+03  1.000000E-35  1.000000E-35
   8.602501E+03  1.000000E-35  1.000000E-35
   8.617501E+03  1.000000E-35  1.000000E-35
   8.632501E+03  1.000000E-35  1.000000E-35
   8.647501E+03  1.000000E-35  1.000000E-35
   8.662501E+03  1.000000E-35  1.000000E-35
   8.677501E+03  1.000000E-35  1.000000E-35
   8.692501E+03  1.000000E-35  1.000000E-35
   8.707501E+03  1.000000E-35  1.000000E-35
   8.722501E+03  1.000000E-35  1.000000E-35
   8.737501E+03  1.000000E-35  1.000000E-35
   8.752501E+03  1.000000E-35  1.000000E-35
   8.767501E+03  1.000000E-35  1.000000E-35
   8.782501E+03  1.000000E-35  1.000000E-35
   8.797501E+03  1.000000E-35  1.000000E-35
   8.812501E+03  1.000000E-35  1.000000E-35
   8.827501E+03  1.000000E-35  1.000000E-35
   8.842501E+03  1.000000E-35  1.000000E-35
   8.857501E+03  1.000000E-35  1.000000E-35
   8.872501E+03  1.000000E-35  1.000000E-35
   8.887501E+03  1.000000E-35  1.000000E-35
   8.902501E+03  1.000000E-35  1.000000E-35
   8.917501E+03  1.000000E-35  1.000000E-35
   8.932501E+03  1.000000E-35  1.000000E-35
   8.947501E+03  1.000000E-35  1.000000E-35
   8.962501E+03  1.000000E-35  1.000000E-35
   8.977501E+03  1.000000E-35  1.000000E-35
   8.992501E+03  1.000000E-35  1.000000E-35
   9.007501E+03  1.000000E-35  1.000000E-35
   9.022501E+03  1.000000E-35  1.000000E-35
   9.037501E+03  1.000000E-35  1.000000E-35
   9.052501E+03  1.000000E-35  1.000000E-35
   9.067501E+03  1.000000E-35  1.000000E-35
   9.082501E+03  1.000000E-35  1.000000E-35
   9.097501E+03  1.000000E-35  1.000000E-35
   9.112501E+03  1.000000E-35  1.000000E-35
   9.127501E+03  1.198787E-12  3.596361E-12
   9.142501E+03  1.198787E-12  3.596361E-12
   9.157501E+03  1.000000E-35  1.000000E-35
   9.172501E+03  1.000000E-35  1.000000E-35
   9.187501E+03  1.198787E-12  3.596361E-12
   9.202501E+03  1.198787E-12  3.596361E-12
   9.217501E+03  1.000000E-35  1.000000E-35
   9.232501E+03  1.000000E-35  1.000000E-35
   9.247501E+03  1.198787E-12  3.596361E-12
   9.262501E+03  1.000000E-35  1.000000E-35
   9.277501E+03  1.000000E-35  1.000000E-35
   9.292501E+03  1.000000E-35  1.000000E-35
   9.307501E+03  1.000000E-35  1.000000E-35
   9.322501E+03  1.000000E-35  1.000000E-35
   9.337501E+03  1.000000E-35  1.000000E-35
   9.352501E+03  1.000000E-35  1.000000E-35
   9.367501E+03  1.000000E-35  1.000000E-35
   9.382501E+03  1.198787E-12  3.596361E-12
   9.397501E+03  1.000000E-35  1.000000E-35
   9.412501E+03  1.198787E-12  3.596361E-12
   9.427501E+03  1.000000E-35  1.000000E-35
   9.442501E+03  1.000000E-35  1.000000E-35
   9.457501E+03  1.000000E-35  1.000000E-35
   9.472501E+03  1.198787E-12  3.596361E-12
   9.487501E+03  1.198787E-12  3.596361E-12
   9.502501E+03  1.000000E-35  1.000000E-35
   9.517501E+03  2.397574E-12  5.086022E-12
   9.532501E+03  1.000000E-35  1.000000E-35
   9.547501E+03  1.000000E-35  1.000000E-35
   9.562501E+03  1.198787E-12  3.596361E-12
   9.577501E+03  1.198787E-12  3.596361E-12
   9.592501E+03  1.000000E-35  1.000000E-35
   9.607501E+03  1.198787E-12  3.596361E-12
   9.622501E+03  1.000000E-35  1.000000E-35
   9.637501E+03  1.198787E-12  3.596361E-12
   9.652501E+03  1.000000E-35  1.000000E-35
   9.667501E+03  1.000000E-35  1.000000E-35
   9.682501E+03  2.397574E-12  5.086022E-12
   9.697501E+03  2.397574E-12  5.086022E-12
   9.712501E+03  1.198787E-12  3.596361E-12
   9.727501E+03  1.198787E-12  3.596361E-12
   9.742501E+03  1.000000E-35  1.000000E-35
   9.757501E+03  1.198787E-12  3.596361E-12
   9.772501E+03  1.000000E-35  1.000000E-35
   9.787501E+03  1.000000E-35  1.000000E-35
   9.802501E+03  1.198787E-12  3.596361E-12
   9.817501E+03  3.596361E-12  6.229079E-12
   9.832501E+03  1.198787E-12  3.596361E-12
   9.847501E+03  2.397574E-12  5.086022E-12
   9.862501E+03  1.198787E-12  3.596361E-12
   9.877501E+03  1.198787E-12  3.596361E-12
   9.892501E+03  1.198787E-12  3.596361E-12
   9.907501E+03  1.000000E-35  1.000000E-35
   9.922501E+03  1.000000E-35  1.000000E-35
   9.937501E+03  2.397574E-12  5.086022E-12
   9.952501E+03  1.000000E-35  1.000000E-35
   9.967501E+03  1.198787E-12  3.596361E-12
   9.982501E+03  1.198787E-12  3.596361E-12
   9.997501E+03  1.198787E-12  3.596361E-12
   1.001250E+04  2.397574E-12  5.086022E-12
   1.002750E+04  1.000000E-35  1.000000E-35
   1.004250E+04  2.397574E-12  5.086022E-12
   1.005750E+04  2.397574E-12  5.086022E-12
   1.007250E+04  1.000000E-35  1.000000E-35
   1.008750E+04  1.198787E-12  3.596361E-12
   1.010250E+04  2.397574E-12  5.086022E-12
   1.011750E+04  1.000000E-35  1.000000E-35
   1.013250E+04  4.795148E-12  7.192721E-12
   1.014750E+04  1.198787E-12  3.596361E-12
   1.016250E+04  2.397574E-12  5.086022E-12
   1.017750E+04  1.198787E-12  3.596361E-12
   1.019250E+04  1.000000E-35  1.000000E-35
   1.020750E+04  3.596361E-12  6.229079E-12
   1.022250E+04  1.198787E-12  3.596361E-12
   1.023750E+04  2.397574E-12  5.086022E-12
   1.025250E+04  1.198787E-12  3.596361E-12
   1.026750E+04  2.397574E-12  5.086022E-12
   1.028250E+04  5.993935E-12  8.041706E-12
   1.029750E+04  2.397574E-12  5.086022E-12
   1.031250E+04  3.596361E-12  6.229079E-12
   1.032750E+04  2.397574E-12  5.086022E-12
   1.034250E+04  1.198787E-12  3.596361E-12
   1.035750E+04  1.198787E-12  3.596361E-12
   1.037250E+04  1.198787E-12  3.596361E-12
   1.038750E+04  2.397574E-12  5.086022E-12
   1.040250E+04  2.397574E-12  5.086022E-12
   1.041750E+04  3.596361E-12  6.229079E-12
   1.043250E+04  1.198787E-12  3.596361E-12
   1.044750E+04  1.198787E-12  3.596361E-12
   1.046250E+04  1.198787E-12  3.596361E-12
   1.047750E+04  1.000000E-35  1.000000E-35
   1.049250E+04  1.198787E-12  3.596361E-12
   1.050750E+04  2.397574E-12  5.086022E-12
   1.052250E+04  1.000000E-35  1.000000E-35
   1.053750E+04  8.391509E-12  9.515074E-12
   1.055250E+04  3.596361E-12  6.229079E-12
   1.056750E+04  2.397574E-12  5.086022E-12
   1.058250E+04  3.596361E-12  6.229079E-12
   1.059750E+04  5.993935E-12  8.041706E-12
   1.061250E+04  3.596361E-12  6.229079E-12
   1.062750E+04  7.192722E-12  8.809247E-12
   1.064250E+04  5.993935E-12  8.041706E-12
   1.065750E+04  2.397574E-12  5.086022E-12
   1.067250E+04  2.397574E-12  5.086022E-12
   1.068750E+04  3.596361E-12  6.229079E-12
   1.070250E+04  4.795148E-12  7.192721E-12
   1.071750E+04  3.596361E-12  6.229079E-12
   1.073250E+04  3.596361E-12  6.229079E-12
   1.074750E+04  1.198787E-12  3.596361E-12
   1.076250E+04  5.993935E-12  8.041706E-12
   1.077750E+04  2.397574E-12  5.086022E-12
   1.079250E+04  4.795148E-12  7.192721E-12
   1.080750E+04  4.795148E-12  7.192721E-12
   1.082250E+04  2.397574E-12  5.086022E-12
   1.083750E+04  4.795148E-12  7.192721E-12
   1.085250E+04  2.397574E-12  5.086022E-12
   1.086750E+04  7.192722E-12  8.809247E-12
   1.088250E+04  3.596361E-12  6.229079E-12
   1.089750E+04  3.596361E-12  6.229079E-12
   1.091250E+04  3.596361E-12  6.229079E-12
   1.092750E+04  1.198787E-12  3.596361E-12
   1.094250E+04  5.993935E-12  8.041706E-12
   1.095750E+04  5.993935E-12  8.041706E-12
   1.097250E+04  4.795148E-12  7.192721E-12
   1.098750E+04  7.192722E-12  8.809247E-12
   1.100250E+04  4.795148E-12  7.192721E-12
   1.101750E+04  4.795148E-12  7.192721E-12
   1.103250E+04  3.596361E-12  6.229079E-12
   1.104750E+04  5.993935E-12  8.041706E-12
   1.106250E+04  3.596361E-12  6.229079E-12
   1.107750E+04  3.596361E-12  6.229079E-12
   1.109250E+04  8.391509E-12  9.515074E-12
   1.110750E+04  5.993935E-12  8.041706E-12
   1.112250E+04  5.993935E-12  8.041706E-12
   1.113750E+04  3.596361E-12  6.229079E-12
   1.115250E+04  1.198787E-12  3.596361E-12
   1.116750E+04  7.192722E-12  8.809247E-12
   1.118250E+04  5.993935E-12  8.041706E-12
   1.119750E+04  5.993935E-12  8.041706E-12
   1.121250E+04  9.590296E-12  1.017204E-11
   1.122750E+04  7.192722E-12  8.809247E-12
   1.124250E+04  1.198787E-11  1.137269E-11
   1.125750E+04  1.438544E-11  1.245815E-11
   1.127250E+04  3.596361E-12  6.229079E-12
   1.128750E+04  3.596361E-12  6.229079E-12
   1.130250E+04  5.993935E-12  8.041706E-12
   1.131750E+04  8.391509E-12  9.515074E-12
   1.133250E+04  9.590296E-12  1.017204E-11
   1.134750E+04  4.795148E-12  7.192721E-12
   1.136250E+04  1.078908E-11  1.078908E-11
   1.137750E+04  1.078908E-11  1.078908E-11
   1.139250E+04  7.192722E-12  8.809247E-12
   1.140750E+04  5.993935E-12  8.041706E-12
   1.142250E+04  4.795148E-12  7.192721E-12
   1.143750E+04  1.318666E-11  1.192777E-11
   1.145250E+04  9.590296E-12  1.017204E-11
   1.146750E+04  7.192722E-12  8.809247E-12
   1.148250E+04  1.318666E-11  1.192777E-11
   1.149750E+04  1.798181E-11  1.392864E-11
   1.151250E+04  5.993935E-12  8.041706E-12
   1.152750E+04  8.391509E-12  9.515074E-12
   1.154250E+04  1.318666E-11  1.192777E-11
   1.155750E+04  1.438544E-11  1.245815E-11
   1.157250E+04  9.590296E-12  1.017204E-11
   1.158750E+04  7.192722E-12  8.809247E-12
   1.160250E+04  9.590296E-12  1.017204E-11
   1.161750E+04  9.590296E-12  1.017204E-11
   1.163250E+04  9.590296E-12  1.017204E-11
   1.164750E+04  9.590296E-12  1.017204E-11
   1.166250E+04  7.192722E-12  8.809247E-12
   1.167750E+04  9.590296E-12  1.017204E-11
   1.169250E+04  1.078908E-11  1.078908E-11
   1.170750E+04  1.318666E-11  1.192777E-11
   1.172250E+04  1.078908E-11  1.078908E-11
   1.173750E+04  1.078908E-11  1.078908E-11
   1.175250E+04  1.798181E-11  1.392864E-11
   1.176750E+04  1.318666E-11  1.192777E-11
   1.178250E+04  1.798181E-11  1.392864E-11
   1.179750E+04  8.391509E-12  9.515074E-12
   1.181250E+04  1.918059E-11  1.438543E-11
   1.182750E+04  1.918059E-11  1.438543E-11
   1.184250E+04  1.318666E-11  1.192777E-11
   1.185750E+04  1.798181E-11  1.392864E-11
   1.187250E+04  1.318666E-11  1.192777E-11
   1.188750E+04  9.590296E-12  1.017204E-11
   1.190250E+04  1.438544E-11  1.245815E-11
   1.191750E+04  1.318666E-11  1.192777E-11
   1.193250E+04  1.678302E-11  1.345634E-11
   1.194750E+04  2.037938E-11  1.482816E-11
   1.196250E+04  1.678302E-11  1.345634E-11
   1.197750E+04  1.078908E-11  1.078908E-11
   1.199250E+04  5.993935E-12  8.041706E-12
   1.200750E+04  1.078908E-11  1.078908E-11
   1.202250E+04  7.192722E-12  8.809247E-12
   1.203750E+04  1.678302E-11  1.345634E-11
   1.205250E+04  1.318666E-11  1.192777E-11
   1.206750E+04  1.438544E-11  1.245815E-11
   1.208250E+04  1.678302E-11  1.345634E-11
   1.209750E+04  1.918059E-11  1.438543E-11
   1.211250E+04  1.318666E-11  1.192777E-11
   1.212750E+04  1.918059E-11  1.438543E-11
   1.214250E+04  1.438544E-11  1.245815E-11
   1.215750E+04  2.037938E-11  1.482816E-11
   1.217250E+04  8.391509E-12  9.515074E-12
   1.218750E+04  1.078908E-11  1.078908E-11
   1.220250E+04  1.918059E-11  1.438543E-11
   1.221750E+04  1.318666E-11  1.192777E-11
   1.223250E+04  1.678302E-11  1.345634E-11
   1.224750E+04  1.198787E-11  1.137269E-11
   1.226250E+04  1.438544E-11  1.245815E-11
   1.227750E+04  1.198787E-11  1.137269E-11
   1.229250E+04  2.037938E-11  1.482816E-11
   1.230750E+04  1.078908E-11  1.078908E-11
   1.232250E+04  1.318666E-11  1.192777E-11
   1.233750E+04  1.318666E-11  1.192777E-11
   1.235250E+04  1.438544E-11  1.245815E-11
   1.236750E+04  1.558423E-11  1.296686E-11
   1.238250E+04  2.037938E-11  1.482816E-11
   1.239750E+04  1.318666E-11  1.192777E-11
   1.241250E+04  1.918059E-11  1.438543E-11
   1.242750E+04  2.157817E-11  1.525805E-11
   1.244250E+04  1.318666E-11  1.192777E-11
   1.245750E+04  1.558423E-11  1.296686E-11
   1.247250E+04  2.277695E-11  1.567616E-11
   1.248750E+04  1.798181E-11  1.392864E-11
   1.250250E+04  1.318666E-11  1.192777E-11
   1.251750E+04  1.918059E-11  1.438543E-11
   1.253250E+04  1.798181E-11  1.392864E-11
   1.254750E+04  2.397574E-11  1.608340E-11
   1.256250E+04  2.277695E-11  1.567616E-11
   1.257750E+04  1.078908E-11  1.078908E-11
   1.259250E+04  1.678302E-11  1.345634E-11
   1.260750E+04  1.918059E-11  1.438543E-11
   1.262250E+04  1.678302E-11  1.345634E-11
   1.263750E+04  2.277695E-11  1.567616E-11
   1.265250E+04  2.877089E-11  1.761848E-11
   1.266750E+04  2.757210E-11  1.724752E-11
   1.268250E+04  3.356604E-11  1.903013E-11
   1.269750E+04  2.637331E-11  1.686841E-11
   1.271250E+04  2.996968E-11  1.798178E-11
   1.272750E+04  2.397574E-11  1.608340E-11
   1.274250E+04  2.397574E-11  1.608340E-11
   1.275750E+04  2.037938E-11  1.482816E-11
   1.277250E+04  1.798181E-11  1.392864E-11
   1.278750E+04  2.517453E-11  1.648058E-11
   1.280250E+04  2.277695E-11  1.567616E-11
   1.281750E+04  7.192722E-12  8.809247E-12
   1.283250E+04  2.397574E-11  1.608340E-11
   1.284750E+04  2.037938E-11  1.482816E-11
   1.286250E+04  1.798181E-11  1.392864E-11
   1.287750E+04  2.996968E-11  1.798178E-11
   1.289250E+04  1.918059E-11  1.438543E-11
   1.290750E+04  1.918059E-11  1.438543E-11
   1.292250E+04  2.637331E-11  1.686841E-11
   1.293750E+04  2.157817E-11  1.525805E-11
   1.295250E+04  1.918059E-11  1.438543E-11
   1.296750E+04  1.918059E-11  1.438543E-11
   1.298250E+04  2.157817E-11  1.525805E-11
   1.299750E+04  2.877089E-11  1.761848E-11
   1.301250E+04  2.277695E-11  1.567616E-11
   1.302750E+04  2.157817E-11  1.525805E-11
   1.304250E+04  1.558423E-11  1.296686E-11
   1.305750E+04  3.356604E-11  1.903013E-11
   1.307250E+04  2.757210E-11  1.724752E-11
   1.308750E+04  2.637331E-11  1.686841E-11
   1.310250E+04  2.877089E-11  1.761848E-11
   1.311750E+04  3.116846E-11  1.833789E-11
   1.313250E+04  3.716240E-11  2.002366E-11
   1.314750E+04  1.558423E-11  1.296686E-11
   1.316250E+04  3.116846E-11  1.833789E-11
   1.317750E+04  2.037938E-11  1.482816E-11
   1.319250E+04  2.397574E-11  1.608340E-11
   1.320750E+04  2.037938E-11  1.482816E-11
   1.322250E+04  2.517453E-11  1.648058E-11
   1.323750E+04  3.476482E-11  1.936697E-11
   1.325250E+04  2.037938E-11  1.482816E-11
   1.326750E+04  2.877089E-11  1.761848E-11
   1.328250E+04  3.596361E-11  1.969805E-11
   1.329750E+04  2.277695E-11  1.567616E-11
   1.331250E+04  3.476482E-11  1.936697E-11
   1.332750E+04  3.116846E-11  1.833789E-11
   1.334250E+04  2.157817E-11  1.525805E-11
   1.335750E+04  2.157817E-11  1.525805E-11
   1.337250E+04  2.517453E-11  1.648058E-11
   1.338750E+04  2.517453E-11  1.648058E-11
   1.340250E+04  2.517453E-11  1.648058E-11
   1.341750E+04  3.476482E-11  1.936697E-11
   1.343250E+04  2.877089E-11  1.761848E-11
   1.344750E+04  2.277695E-11  1.567616E-11
   1.346250E+04  2.637331E-11  1.686841E-11
   1.347750E+04  2.517453E-11  1.648058E-11
   1.349250E+04  1.918059E-11  1.438543E-11
   1.350750E+04  2.517453E-11  1.648058E-11
   1.352250E+04  2.637331E-11  1.686841E-11
   1.353750E+04  2.877089E-11  1.761848E-11
   1.355250E+04  2.637331E-11  1.686841E-11
   1.356750E+04  2.877089E-11  1.761848E-11
   1.358250E+04  1.918059E-11  1.438543E-11
   1.359750E+04  2.877089E-11  1.761848E-11
   1.361250E+04  2.157817E-11  1.525805E-11
   1.362750E+04  2.517453E-11  1.648058E-11
   1.364250E+04  2.637331E-11  1.686841E-11
   1.365750E+04  2.757210E-11  1.724752E-11
   1.367250E+04  2.397574E-11  1.608340E-11
   1.368750E+04  1.558423E-11  1.296686E-11
   1.370250E+04  3.236725E-11  1.868722E-11
   1.371750E+04  1.678302E-11  1.345634E-11
   1.373250E+04  3.836119E-11  2.034406E-11
   1.374750E+04  1.798181E-11  1.392864E-11
   1.376250E+04  2.277695E-11  1.567616E-11
   1.377750E+04  2.397574E-11  1.608340E-11
   1.379250E+04  2.517453E-11  1.648058E-11
   1.380750E+04  1.918059E-11  1.438543E-11
   1.382250E+04  2.397574E-11  1.608340E-11
   1.383750E+04  1.798181E-11  1.392864E-11
   1.385250E+04  3.356604E-11  1.903013E-11
   1.386750E+04  2.277695E-11  1.567616E-11
   1.388250E+04  2.157817E-11  1.525805E-11
   1.389750E+04  3.356604E-11  1.903013E-11
   1.391250E+04  2.397574E-11  1.608340E-11
   1.392750E+04  2.037938E-11  1.482816E-11
   1.394250E+04  2.877089E-11  1.761848E-11
   1.395750E+04  2.637331E-11  1.686841E-11
   1.397250E+04  2.996968E-11  1.798178E-11
   1.398750E+04  2.277695E-11  1.567616E-11
   1.400250E+04  3.116846E-11  1.833789E-11
   1.401750E+04  2.037938E-11  1.482816E-11
   1.403250E+04  2.037938E-11  1.482816E-11
   1.404750E+04  2.037938E-11  1.482816E-11
   1.406250E+04  1.798181E-11  1.392864E-11
   1.407750E+04  2.996968E-11  1.798178E-11
   1.409250E+04  2.277695E-11  1.567616E-11
   1.410750E+04  2.517453E-11  1.648058E-11
   1.412250E+04  3.236725E-11  1.868722E-11
   1.413750E+04  1.918059E-11  1.438543E-11
   1.415250E+04  2.037938E-11  1.482816E-11
   1.416750E+04  2.757210E-11  1.724752E-11
   1.418250E+04  2.637331E-11  1.686841E-11
   1.419750E+04  3.116846E-11  1.833789E-11
   1.421250E+04  2.277695E-11  1.567616E-11
   1.422750E+04  2.517453E-11  1.648058E-11
   1.424250E+04  2.397574E-11  1.608340E-11
   1.425750E+04  2.877089E-11  1.761848E-11
   1.427250E+04  2.757210E-11  1.724752E-11
   1.428750E+04  3.116846E-11  1.833789E-11
   1.430250E+04  2.037938E-11  1.482816E-11
   1.431750E+04  1.798181E-11  1.392864E-11
   1.433250E+04  1.438544E-11  1.245815E-11
   1.434750E+04  2.037938E-11  1.482816E-11
   1.436250E+04  1.798181E-11  1.392864E-11
   1.437750E+04  2.157817E-11  1.525805E-11
   1.439250E+04  2.996968E-11  1.798178E-11
   1.440750E+04  1.078908E-11  1.078908E-11
   1.442250E+04  2.397574E-11  1.608340E-11
   1.443750E+04  1.438544E-11  1.245815E-11
   1.445250E+04  1.678302E-11  1.345634E-11
   1.446750E+04  1.558423E-11  1.296686E-11
   1.448250E+04  1.678302E-11  1.345634E-11
   1.449750E+04  1.558423E-11  1.296686E-11
   1.451250E+04  8.391509E-12  9.515074E-12
   1.452750E+04  1.798181E-11  1.392864E-11
   1.454250E+04  2.157817E-11  1.525805E-11
   1.455750E+04  1.438544E-11  1.245815E-11
   1.457250E+04  5.993935E-12  8.041706E-12
   1.458750E+04  1.438544E-11  1.245815E-11
   1.460250E+04  9.590296E-12  1.017204E-11
   1.461750E+04  4.795148E-12  7.192721E-12
   1.463250E+04  1.318666E-11  1.192777E-11
   1.464750E+04  1.438544E-11  1.245815E-11
   1.466250E+04  5.993935E-12  8.041706E-12
   1.467750E+04  1.198787E-11  1.137269E-11
   1.469250E+04  5.993935E-12  8.041706E-12
   1.470750E+04  1.078908E-11  1.078908E-11
   1.472250E+04  1.558423E-11  1.296686E-11
   1.473750E+04  1.318666E-11  1.192777E-11
   1.475250E+04  1.078908E-11  1.078908E-11
   1.476750E+04  9.590296E-12  1.017204E-11
   1.478250E+04  9.590296E-12  1.017204E-11
   1.479750E+04  7.192722E-12  8.809247E-12
   1.481250E+04  1.198787E-11  1.137269E-11
   1.482750E+04  7.192722E-12  8.809247E-12
   1.484250E+04  7.192722E-12  8.809247E-12
   1.485750E+04  7.192722E-12  8.809247E-12
   1.487250E+04  7.192722E-12  8.809247E-12
   1.488750E+04  8.391509E-12  9.515074E-12
   1.490250E+04  7.192722E-12  8.809247E-12
   1.491750E+04  5.993935E-12  8.041706E-12
   1.493250E+04  1.198787E-12  3.596361E-12
   1.494750E+04  2.397574E-12  5.086022E-12
   1.496250E+04  5.993935E-12  8.041706E-12
   1.497750E+04  3.596361E-12  6.229079E-12
   1.499250E+04  5.993935E-12  8.041706E-12
