 #  Results from PENEPMA.
 #  Probability of emission of bremmstrahlung photons.
 #  1st column: E (eV).
 #  2nd and 3rd columns: probability density and STU (1/(eV*sr*electron)).

   6.750001E+01  1.049212E-06  4.952862E-09
   8.250001E+01  7.921442E-07  3.897852E-09
   9.750001E+01  6.368297E-07  2.900518E-09
   1.125000E+02  5.343293E-07  2.364382E-09
   1.275000E+02  4.630019E-07  2.271601E-09
   1.425000E+02  4.066997E-07  2.095920E-09
   1.575000E+02  3.622365E-07  1.949144E-09
   1.725000E+02  3.257223E-07  1.778569E-09
   1.875000E+02  2.959609E-07  1.638627E-09
   2.025000E+02  2.712859E-07  1.581040E-09
   2.175000E+02  2.488293E-07  1.388081E-09
   2.325000E+02  2.310021E-07  1.278311E-09
   2.475000E+02  2.151395E-07  1.227649E-09
   2.625000E+02  2.009253E-07  1.153910E-09
   2.775000E+02  1.885482E-07  1.033929E-09
   2.925000E+02  1.780686E-07  1.077343E-09
   3.075000E+02  1.683457E-07  1.049639E-09
   3.225000E+02  1.592525E-07  9.837663E-10
   3.375000E+02  1.514420E-07  9.001252E-10
   3.525000E+02  1.440538E-07  8.606661E-10
   3.675000E+02  1.377864E-07  8.791080E-10
   3.825000E+02  1.316105E-07  8.394439E-10
   3.975000E+02  1.254840E-07  6.597941E-10
   4.125000E+02  1.206408E-07  6.941529E-10
   4.275000E+02  1.160976E-07  7.351230E-10
   4.425000E+02  1.115714E-07  6.788692E-10
   4.575000E+02  1.072766E-07  5.536776E-10
   4.725000E+02  1.038584E-07  6.053725E-10
   4.875000E+02  1.002020E-07  6.128951E-10
   5.025001E+02  9.642002E-08  4.708571E-10
   5.175001E+02  9.316021E-08  4.541220E-10
   5.325001E+02  9.033831E-08  4.075958E-10
   5.475001E+02  8.779158E-08  5.018332E-10
   5.625001E+02  8.522048E-08  5.119939E-10
   5.775001E+02  8.276352E-08  4.974316E-10
   5.925001E+02  8.047534E-08  4.417478E-10
   6.075001E+02  7.806346E-08  3.942835E-10
   6.225001E+02  7.571599E-08  3.581996E-10
   6.375001E+02  7.395178E-08  3.896197E-10
   6.525001E+02  7.196684E-08  3.707484E-10
   6.675001E+02  7.008760E-08  3.512691E-10
   6.825001E+02  6.841802E-08  3.833948E-10
   6.975001E+02  6.685333E-08  3.815910E-10
   7.125001E+02  6.532825E-08  3.961055E-10
   7.275001E+02  6.381898E-08  3.944810E-10
   7.425001E+02  6.229683E-08  3.224660E-10
   7.575001E+02  6.084652E-08  3.205119E-10
   7.725001E+02  5.936905E-08  3.377493E-10
   7.875001E+02  5.804053E-08  3.169208E-10
   8.025001E+02  5.706725E-08  3.530199E-10
   8.175001E+02  5.570065E-08  3.134216E-10
   8.325001E+02  5.478000E-08  4.004610E-10
   8.475001E+02  5.367481E-08  3.831443E-10
   8.625001E+02  5.256978E-08  3.473833E-10
   8.775001E+02  5.157165E-08  3.462486E-10
   8.925001E+02  5.050054E-08  2.619783E-10
   9.075001E+02  4.949747E-08  2.835927E-10
   9.225001E+02  4.860969E-08  2.589501E-10
   9.375001E+02  4.778520E-08  3.595673E-10
   9.525001E+02  4.668802E-08  2.558276E-10
   9.675001E+02  4.591350E-08  2.543627E-10
   9.825001E+02  4.514007E-08  2.985696E-10
   9.975001E+02  4.441370E-08  2.755880E-10
   1.012500E+03  4.372830E-08  2.965810E-10
   1.027500E+03  4.287176E-08  2.224494E-10
   1.042500E+03  4.241068E-08  3.703112E-10
   1.057500E+03  4.143315E-08  1.889225E-10
   1.072500E+03  4.080218E-08  2.698277E-10
   1.087500E+03  4.005015E-08  2.441906E-10
   1.102500E+03  3.955306E-08  2.678777E-10
   1.117500E+03  3.879430E-08  1.827937E-10
   1.132500E+03  3.829895E-08  2.410249E-10
   1.147500E+03  3.767446E-08  2.121962E-10
   1.162500E+03  3.713273E-08  2.389769E-10
   1.177500E+03  3.653851E-08  2.378663E-10
   1.192500E+03  3.600405E-08  1.761008E-10
   1.207500E+03  3.558051E-08  2.078208E-10
   1.222500E+03  3.496921E-08  2.065479E-10
   1.237500E+03  3.447790E-08  1.723255E-10
   1.252500E+03  3.403092E-08  2.334008E-10
   1.267500E+03  3.346376E-08  2.034343E-10
   1.282500E+03  3.310652E-08  2.315734E-10
   1.297500E+03  3.266446E-08  2.307811E-10
   1.312500E+03  3.210186E-08  1.662931E-10
   1.327500E+03  3.180071E-08  1.998302E-10
   1.342500E+03  3.135035E-08  1.989318E-10
   1.357500E+03  3.081641E-08  1.978668E-10
   1.372500E+03  3.051847E-08  1.620244E-10
   1.387500E+03  3.017008E-08  1.611794E-10
   1.402500E+03  2.963109E-08  1.596972E-10
   1.417500E+03  2.924607E-08  1.586546E-10
   1.432500E+03  2.903739E-08  2.238553E-10
   1.447500E+03  2.857581E-08  1.567888E-10
   1.462500E+03  2.821397E-08  1.557958E-10
   1.477500E+03  2.788355E-08  1.911772E-10
   1.492500E+03  2.756015E-08  1.904319E-10
   1.507500E+03  2.724656E-08  1.530902E-10
   1.522500E+03  2.685174E-08  1.888359E-10
   1.537500E+03  2.655226E-08  1.511880E-10
   1.552500E+03  2.615227E-08  1.498985E-10
   1.567500E+03  2.604039E-08  1.870178E-10
   1.582500E+03  2.560297E-08  1.484233E-10
   1.597500E+03  2.540848E-08  1.855837E-10
   1.612500E+03  2.510462E-08  1.469334E-10
   1.627500E+03  2.486263E-08  1.842808E-10
   1.642500E+03  2.456470E-08  1.835640E-10
   1.657500E+03  2.434462E-08  1.830705E-10
   1.672500E+03  2.399507E-08  1.436974E-10
   1.687500E+03  2.370964E-08  1.427905E-10
   1.702500E+03  2.350387E-08  1.421742E-10
   1.717500E+03  2.323314E-08  1.413752E-10
   1.732500E+03  2.295105E-08  1.405591E-10
   1.747500E+03  2.266266E-08  1.396941E-10
   1.762500E+03  2.258332E-08  1.788763E-10
   1.777500E+03  2.226629E-08  1.384098E-10
   1.792500E+03  2.198640E-08  1.375262E-10
   1.807500E+03  2.172539E-08  1.366745E-10
   1.822500E+03  2.149730E-08  1.359249E-10
   1.837500E+03  2.129210E-08  1.353107E-10
   1.852500E+03  2.114624E-08  1.348810E-10
   1.867500E+03  2.092759E-08  1.341837E-10
   1.882500E+03  2.072306E-08  1.334511E-10
   1.897500E+03  2.043964E-08  1.325336E-10
   1.912500E+03  2.039492E-08  1.735314E-10
   1.927500E+03  2.009898E-08  1.315152E-10
   1.942500E+03  1.990838E-08  1.308511E-10
   1.957500E+03  1.968756E-08  1.717640E-10
   1.972500E+03  1.950466E-08  1.295143E-10
   1.987500E+03  1.938398E-08  1.291440E-10
   2.002500E+03  1.920254E-08  1.285255E-10
   2.017500E+03  1.912761E-08  2.038958E-10
   2.032500E+03  1.878480E-08  1.270574E-10
   2.047500E+03  1.864247E-08  1.266565E-10
   2.062500E+03  1.852065E-08  1.262059E-10
   2.077500E+03  1.818275E-08  1.250124E-10
   2.092500E+03  1.814567E-08  1.678327E-10
   2.107500E+03  1.794178E-08  1.242145E-10
   2.122500E+03  1.777245E-08  1.235835E-10
   2.137500E+03  1.758757E-08  1.229747E-10
   2.152500E+03  1.745202E-08  1.224966E-10
   2.167500E+03  1.727954E-08  1.218750E-10
   2.182500E+03  1.712070E-08  1.213702E-10
   2.197500E+03  1.697103E-08  1.208362E-10
   2.212500E+03  1.691055E-08  1.205749E-10
   2.227500E+03  1.669638E-08  1.197505E-10
   2.242500E+03  1.653802E-08  1.192597E-10
   2.257500E+03  1.643795E-08  1.188834E-10
   2.272500E+03  1.634341E-08  1.185052E-10
   2.287500E+03  1.607525E-08  1.175520E-10
   2.302500E+03  1.607201E-08  1.175406E-10
   2.317500E+03  1.592873E-08  1.169784E-10
   2.332500E+03  1.563338E-08  1.159526E-10
   2.347500E+03  1.562250E-08  1.158959E-10
   2.362500E+03  1.547798E-08  1.153365E-10
   2.377500E+03  1.533593E-08  1.148588E-10
   2.392500E+03  1.518606E-08  1.143031E-10
   2.407500E+03  1.506987E-08  1.138116E-10
   2.422500E+03  1.495082E-08  1.133884E-10
   2.437500E+03  1.483436E-08  1.591340E-10
   2.452500E+03  1.474428E-08  1.125356E-10
   2.467500E+03  1.458907E-08  1.120115E-10
   2.482500E+03  1.441860E-08  1.113373E-10
   2.497500E+03  1.437710E-08  1.111405E-10
   2.512500E+03  1.430307E-08  1.108980E-10
   2.527500E+03  1.410150E-08  1.100899E-10
   2.542500E+03  1.398531E-08  1.096495E-10
   2.557500E+03  1.385538E-08  1.090894E-10
   2.572500E+03  1.377715E-08  1.087822E-10
   2.587500E+03  1.369368E-08  1.084607E-10
   2.602500E+03  1.358817E-08  1.080614E-10
   2.617500E+03  1.343344E-08  1.074420E-10
   2.632500E+03  1.339767E-08  1.072723E-10
   2.647500E+03  1.326488E-08  1.067624E-10
   2.662500E+03  1.314811E-08  1.062960E-10
   2.677500E+03  1.304699E-08  1.059216E-10
   2.692500E+03  1.296361E-08  1.055509E-10
   2.707500E+03  1.284437E-08  1.050954E-10
   2.722500E+03  1.282243E-08  1.049972E-10
   2.737500E+03  1.276567E-08  1.047466E-10
   2.752500E+03  1.258575E-08  1.040036E-10
   2.767500E+03  1.247728E-08  1.035734E-10
   2.782500E+03  1.241155E-08  1.032583E-10
   2.797500E+03  1.231940E-08  1.029207E-10
   2.812500E+03  1.221284E-08  1.024400E-10
   2.827500E+03  1.209608E-08  1.019382E-10
   2.842500E+03  1.204247E-08  1.017934E-10
   2.857500E+03  1.197378E-08  1.014716E-10
   2.872500E+03  1.186579E-08  1.009550E-10
   2.887500E+03  1.182305E-08  1.007994E-10
   2.902500E+03  1.172155E-08  1.003504E-10
   2.917500E+03  1.164142E-08  1.000151E-10
   2.932500E+03  1.154574E-08  9.963544E-11
   2.947500E+03  1.143393E-08  9.916956E-11
   2.962500E+03  1.138871E-08  9.896325E-11
   2.977500E+03  1.131764E-08  9.862337E-11
   2.992500E+03  1.115242E-08  9.790290E-11
   3.007500E+03  1.114851E-08  9.785936E-11
   3.022500E+03  1.103994E-08  9.742967E-11
   3.037500E+03  1.102802E-08  9.736399E-11
   3.052500E+03  1.084457E-08  9.653838E-11
   3.067500E+03  1.079754E-08  9.629193E-11
   3.082500E+03  1.079888E-08  9.632922E-11
   3.097500E+03  1.068841E-08  9.584382E-11
   3.112500E+03  1.060637E-08  9.543810E-11
   3.127500E+03  1.054894E-08  9.521938E-11
   3.142500E+03  1.047167E-08  9.484670E-11
   3.157500E+03  1.038762E-08  9.449786E-11
   3.172500E+03  1.034489E-08  9.428239E-11
   3.187500E+03  1.027029E-08  9.394135E-11
   3.202500E+03  1.018386E-08  9.357738E-11
   3.217500E+03  1.011212E-08  9.321230E-11
   3.232500E+03  1.002931E-08  9.285736E-11
   3.247500E+03  9.968737E-09  9.256309E-11
   3.262500E+03  9.956431E-09  9.250006E-11
   3.277500E+03  9.953379E-09  9.252159E-11
   3.292500E+03  9.829649E-09  9.187171E-11
   3.307500E+03  9.761822E-09  9.158913E-11
   3.322500E+03  9.670623E-09  9.116460E-11
   3.337500E+03  9.645248E-09  9.105366E-11
   3.352500E+03  9.533634E-09  9.051987E-11
   3.367500E+03  9.501009E-09  9.034714E-11
   3.382500E+03  9.444534E-09  9.010173E-11
   3.397500E+03  9.410000E-09  8.992197E-11
   3.412500E+03  9.311074E-09  8.944552E-11
   3.427500E+03  9.262327E-09  8.918627E-11
   3.442500E+03  9.182861E-09  8.885159E-11
   3.457500E+03  9.119995E-09  8.849282E-11
   3.472500E+03  9.066382E-09  8.828633E-11
   3.487500E+03  9.043201E-09  8.815609E-11
   3.502500E+03  8.935212E-09  8.763357E-11
   3.517500E+03  8.915942E-09  8.751276E-11
   3.532500E+03  8.865668E-09  8.727117E-11
   3.547500E+03  8.786489E-09  8.687364E-11
   3.562500E+03  8.720857E-09  8.655163E-11
   3.577500E+03  8.678024E-09  8.632748E-11
   3.592500E+03  8.589973E-09  8.590952E-11
   3.607500E+03  8.557824E-09  8.573719E-11
   3.622500E+03  8.505928E-09  8.548144E-11
   3.637500E+03  8.468915E-09  8.527838E-11
   3.652500E+03  8.406525E-09  8.502788E-11
   3.667500E+03  8.378383E-09  8.486686E-11
   3.682500E+03  8.338412E-09  8.463495E-11
   3.697500E+03  8.263335E-09  8.423539E-11
   3.712500E+03  8.187877E-09  8.388957E-11
   3.727500E+03  8.181676E-09  8.384371E-11
   3.742500E+03  8.134741E-09  8.359428E-11
   3.757500E+03  8.066723E-09  8.324113E-11
   3.772500E+03  8.019788E-09  8.297899E-11
   3.787500E+03  7.973521E-09  8.276988E-11
   3.802500E+03  7.934885E-09  8.257446E-11
   3.817500E+03  7.882513E-09  8.230908E-11
   3.832500E+03  7.843400E-09  8.210110E-11
   3.847500E+03  7.808008E-09  8.194275E-11
   3.862500E+03  7.736365E-09  8.151623E-11
   3.877500E+03  7.678937E-09  8.122502E-11
   3.892500E+03  7.616452E-09  8.088910E-11
   3.907500E+03  7.631620E-09  8.096933E-11
   3.922500E+03  7.570948E-09  8.068446E-11
   3.937500E+03  7.522868E-09  8.041382E-11
   3.952500E+03  7.447600E-09  7.997819E-11
   3.967500E+03  7.462005E-09  8.007988E-11
   3.982500E+03  7.380060E-09  7.961720E-11
   3.997500E+03  7.382158E-09  7.960469E-11
   4.012500E+03  7.378438E-09  7.959110E-11
   4.027500E+03  7.278844E-09  7.911705E-11
   4.042500E+03  7.216073E-09  7.871000E-11
   4.057500E+03  7.194800E-09  7.860079E-11
   4.072500E+03  7.078607E-09  7.798228E-11
   4.087500E+03  7.106558E-09  7.814742E-11
   4.102500E+03  7.057333E-09  7.784151E-11
   4.117500E+03  7.011734E-09  7.761115E-11
   4.132500E+03  6.980062E-09  7.743402E-11
   4.147500E+03  6.909850E-09  7.703120E-11
   4.162500E+03  6.879514E-09  7.684406E-11
   4.177500E+03  6.945338E-09  7.725352E-11
   4.192500E+03  6.850800E-09  7.677004E-11
   4.207500E+03  6.786980E-09  7.635079E-11
   4.222500E+03  6.782878E-09  7.632160E-11
   4.237500E+03  6.727452E-09  7.603287E-11
   4.252500E+03  6.652566E-09  7.559295E-11
   4.267500E+03  6.651898E-09  7.557946E-11
   4.282500E+03  6.595615E-09  7.524597E-11
   4.297500E+03  6.595615E-09  7.529602E-11
   4.312500E+03  6.508804E-09  7.475785E-11
   4.327500E+03  6.491442E-09  7.466488E-11
   4.342500E+03  6.479613E-09  7.461749E-11
   4.357500E+03  6.380496E-09  7.405251E-11
   4.372500E+03  6.383167E-09  7.406227E-11
   4.387500E+03  6.401006E-09  7.412560E-11
   4.402500E+03  6.313432E-09  7.364993E-11
   4.417500E+03  6.271553E-09  7.336389E-11
   4.432500E+03  6.276323E-09  7.342826E-11
   4.447500E+03  6.197716E-09  7.296971E-11
   4.462500E+03  6.196285E-09  7.297711E-11
   4.477500E+03  6.149827E-09  7.270335E-11
   4.492500E+03  6.142005E-09  7.260133E-11
   4.507500E+03  6.104228E-09  7.239057E-11
   4.522500E+03  6.059010E-09  7.211160E-11
   4.537500E+03  6.006542E-09  7.180239E-11
   4.552500E+03  6.005778E-09  7.180473E-11
   4.567500E+03  5.961514E-09  7.154053E-11
   4.582500E+03  5.915056E-09  7.127145E-11
   4.597500E+03  5.931655E-09  7.138509E-11
   4.612500E+03  5.916678E-09  7.129030E-11
   4.627500E+03  5.816416E-09  7.065062E-11
   4.642500E+03  5.802775E-09  7.062435E-11
   4.657500E+03  5.768337E-09  7.040436E-11
   4.672500E+03  5.775968E-09  7.043988E-11
   4.687500E+03  5.707092E-09  7.002609E-11
   4.702500E+03  5.671032E-09  6.980136E-11
   4.717500E+03  5.657581E-09  6.971131E-11
   4.732500E+03  5.649473E-09  6.965135E-11
   4.747500E+03  5.613890E-09  6.948136E-11
   4.762500E+03  5.590422E-09  6.933786E-11
   4.777500E+03  5.558178E-09  6.908924E-11
   4.792500E+03  5.531944E-09  6.889935E-11
   4.807500E+03  5.483292E-09  6.861087E-11
   4.822500E+03  5.444466E-09  6.837858E-11
   4.837500E+03  5.434354E-09  6.832895E-11
   4.852500E+03  5.409646E-09  6.816203E-11
   4.867500E+03  5.386465E-09  6.800904E-11
   4.882500E+03  5.368339E-09  6.789216E-11
   4.897500E+03  5.348592E-09  6.778304E-11
   4.912500E+03  5.275614E-09  6.733399E-11
   4.927500E+03  5.256058E-09  6.718614E-11
   4.942500E+03  5.252147E-09  6.718458E-11
   4.957500E+03  5.203304E-09  6.682729E-11
   4.972500E+03  5.178500E-09  6.672838E-11
   4.987500E+03  5.137957E-09  6.644265E-11
   5.002501E+03  5.119641E-09  6.632420E-11
   5.017501E+03  5.122217E-09  6.632835E-11
   5.032501E+03  5.081196E-09  6.607251E-11
   5.047501E+03  5.043991E-09  6.580918E-11
   5.062501E+03  5.044087E-09  6.581975E-11
   5.077501E+03  4.992477E-09  6.549196E-11
   5.092501E+03  4.966339E-09  6.531210E-11
   5.107501E+03  4.964335E-09  6.529404E-11
   5.122501E+03  4.905285E-09  6.492242E-11
   5.137501E+03  4.941726E-09  6.515552E-11
   5.152501E+03  4.901946E-09  6.491443E-11
   5.167501E+03  4.862643E-09  6.461348E-11
   5.182501E+03  4.847379E-09  6.451553E-11
   5.197501E+03  4.833642E-09  6.442750E-11
   5.212501E+03  4.835169E-09  6.447315E-11
   5.227501E+03  4.726512E-09  6.374106E-11
   5.242501E+03  4.736147E-09  6.379632E-11
   5.257501E+03  4.704666E-09  6.357198E-11
   5.272501E+03  4.670228E-09  6.333475E-11
   5.287501E+03  4.671468E-09  6.333919E-11
   5.302501E+03  4.662310E-09  6.327638E-11
   5.317501E+03  4.642849E-09  6.318695E-11
   5.332501E+03  4.625869E-09  6.304529E-11
   5.347501E+03  4.567200E-09  6.262080E-11
   5.362501E+03  4.569871E-09  6.262456E-11
   5.377501E+03  4.521219E-09  6.232084E-11
   5.392501E+03  4.531808E-09  6.237469E-11
   5.407501E+03  4.493649E-09  6.212183E-11
   5.422501E+03  4.473330E-09  6.198781E-11
   5.437501E+03  4.453201E-09  6.182965E-11
   5.452501E+03  4.430306E-09  6.167855E-11
   5.467501E+03  4.433073E-09  6.169232E-11
   5.482501E+03  4.369062E-09  6.124392E-11
   5.497501E+03  4.376407E-09  6.131497E-11
   5.512501E+03  4.337104E-09  6.105636E-11
   5.527501E+03  4.323176E-09  6.093503E-11
   5.542501E+03  4.312969E-09  6.088388E-11
   5.557501E+03  4.287498E-09  6.066375E-11
   5.572501E+03  4.272616E-09  6.057278E-11
   5.587501E+03  4.247908E-09  6.037180E-11
   5.602501E+03  4.258116E-09  6.043830E-11
   5.617501E+03  4.179509E-09  5.992455E-11
   5.632501E+03  4.165963E-09  5.982414E-11
   5.647501E+03  4.137630E-09  5.960708E-11
   5.662501E+03  4.136485E-09  5.959203E-11
   5.677501E+03  4.111587E-09  5.942906E-11
   5.692501E+03  4.082968E-09  5.921954E-11
   5.707501E+03  4.070662E-09  5.915454E-11
   5.722501E+03  4.071711E-09  5.914271E-11
   5.737501E+03  4.025634E-09  5.880727E-11
   5.752501E+03  4.068277E-09  5.909581E-11
   5.767501E+03  4.007032E-09  5.868778E-11
   5.782501E+03  4.025730E-09  5.881354E-11
   5.797501E+03  3.961051E-09  5.834477E-11
   5.812501E+03  3.939682E-09  5.815761E-11
   5.827501E+03  3.966393E-09  5.838235E-11
   5.842501E+03  3.897422E-09  5.784589E-11
   5.857501E+03  3.860312E-09  5.758481E-11
   5.872501E+03  3.882063E-09  5.773128E-11
   5.887501E+03  3.857069E-09  5.755797E-11
   5.902501E+03  3.829595E-09  5.735429E-11
   5.917501E+03  3.801834E-09  5.713913E-11
   5.932501E+03  3.809848E-09  5.722032E-11
   5.947501E+03  3.783327E-09  5.700817E-11
   5.962501E+03  3.811565E-09  5.722022E-11
   5.977501E+03  3.782564E-09  5.699097E-11
   5.992501E+03  3.742402E-09  5.669429E-11
   6.007501E+03  3.713783E-09  5.648316E-11
   6.022501E+03  3.740971E-09  5.669799E-11
   6.037501E+03  3.695754E-09  5.634118E-11
   6.052501E+03  3.650917E-09  5.600983E-11
   6.067501E+03  3.645384E-09  5.593405E-11
   6.082501E+03  3.608561E-09  5.565428E-11
   6.097501E+03  3.628690E-09  5.584780E-11
   6.112501E+03  3.635845E-09  5.587306E-11
   6.127501E+03  3.585666E-09  5.550082E-11
   6.142501E+03  3.569735E-09  5.537540E-11
   6.157501E+03  3.574600E-09  5.539952E-11
   6.172501E+03  3.547698E-09  5.522481E-11
   6.187501E+03  3.554758E-09  5.524963E-11
   6.202501E+03  3.518889E-09  5.498563E-11
   6.217501E+03  3.513165E-09  5.492782E-11
   6.232501E+03  3.487026E-09  5.471862E-11
   6.247501E+03  3.454114E-09  5.447816E-11
   6.262501E+03  3.435035E-09  5.432112E-11
   6.277501E+03  3.438183E-09  5.432622E-11
   6.292501E+03  3.427785E-09  5.425211E-11
   6.307501E+03  3.429407E-09  5.426335E-11
   6.322501E+03  3.375889E-09  5.383514E-11
   6.337501E+03  3.355761E-09  5.368159E-11
   6.352501E+03  3.386097E-09  5.389617E-11
   6.367501E+03  3.357955E-09  5.368986E-11
   6.382501E+03  3.327714E-09  5.343844E-11
   6.397501E+03  3.350228E-09  5.363610E-11
   6.412501E+03  3.304914E-09  5.327926E-11
   6.427501E+03  3.288220E-09  5.314856E-11
   6.442501E+03  3.294039E-09  5.320754E-11
   6.457501E+03  3.248821E-09  5.283613E-11
   6.472501E+03  3.247009E-09  5.281065E-11
   6.487501E+03  3.213906E-09  5.253017E-11
   6.502501E+03  3.217054E-09  5.256351E-11
   6.517501E+03  3.186527E-09  5.231053E-11
   6.532501E+03  3.230982E-09  5.270127E-11
   6.547501E+03  3.175843E-09  5.222961E-11
   6.562501E+03  3.154474E-09  5.206425E-11
   6.577501E+03  3.135109E-09  5.187377E-11
   6.592501E+03  3.127286E-09  5.182837E-11
   6.607501E+03  3.114503E-09  5.170722E-11
   6.622501E+03  3.081114E-09  5.145012E-11
   6.637501E+03  3.085598E-09  5.147137E-11
   6.652501E+03  3.043051E-09  5.112231E-11
   6.667501E+03  3.057838E-09  5.122797E-11
   6.682501E+03  3.068236E-09  5.131769E-11
   6.697501E+03  3.003843E-09  5.081176E-11
   6.712501E+03  3.015386E-09  5.089572E-11
   6.727501E+03  2.993063E-09  5.070662E-11
   6.742501E+03  2.992396E-09  5.068484E-11
   6.757501E+03  2.972935E-09  5.053533E-11
   6.772501E+03  2.977323E-09  5.056103E-11
   6.787501E+03  2.947368E-09  5.030759E-11
   6.802501E+03  2.915697E-09  5.003821E-11
   6.817501E+03  2.900815E-09  4.991276E-11
   6.832501E+03  2.910450E-09  4.999016E-11
   6.847501E+03  2.910832E-09  5.001471E-11
   6.862501E+03  2.909401E-09  4.998448E-11
   6.877501E+03  2.918750E-09  5.006751E-11
   6.892501E+03  2.868666E-09  4.964041E-11
   6.907501E+03  2.872482E-09  4.966661E-11
   6.922501E+03  2.837281E-09  4.936318E-11
   6.937501E+03  2.818965E-09  4.918957E-11
   6.952501E+03  2.821827E-09  4.922771E-11
   6.967501E+03  2.805323E-09  4.906938E-11
   6.982501E+03  2.791395E-09  4.897818E-11
   6.997501E+03  2.763444E-09  4.872051E-11
   7.012501E+03  2.792922E-09  4.896305E-11
   7.027501E+03  2.714220E-09  4.828556E-11
   7.042501E+03  2.772221E-09  4.881078E-11
   7.057501E+03  2.733967E-09  4.846829E-11
   7.072501E+03  2.721088E-09  4.834117E-11
   7.087501E+03  2.697621E-09  4.813517E-11
   7.102501E+03  2.702295E-09  4.818001E-11
   7.117501E+03  2.672245E-09  4.792323E-11
   7.132501E+03  2.667857E-09  4.787899E-11
   7.147501E+03  2.662801E-09  4.782018E-11
   7.162501E+03  2.668715E-09  4.787467E-11
   7.177501E+03  2.626455E-09  4.751177E-11
   7.192501E+03  2.599362E-09  4.724858E-11
   7.207501E+03  2.607948E-09  4.732784E-11
   7.222501E+03  2.566450E-09  4.695715E-11
   7.237501E+03  2.590490E-09  4.718048E-11
   7.252501E+03  2.582095E-09  4.710617E-11
   7.267501E+03  2.515604E-09  4.649239E-11
   7.282501E+03  2.516367E-09  4.649412E-11
   7.297501E+03  2.553190E-09  4.685388E-11
   7.312501E+03  2.509690E-09  4.645390E-11
   7.327501E+03  2.517226E-09  4.651257E-11
   7.342501E+03  2.499673E-09  4.634934E-11
   7.357501E+03  2.491278E-09  4.625244E-11
   7.372501E+03  2.484600E-09  4.617122E-11
   7.387501E+03  2.458271E-09  4.597156E-11
   7.402501E+03  2.476015E-09  4.611127E-11
   7.417501E+03  2.426122E-09  4.563418E-11
   7.432501E+03  2.451879E-09  4.590500E-11
   7.447501E+03  2.449971E-09  4.586582E-11
   7.462501E+03  2.407520E-09  4.547232E-11
   7.477501E+03  2.410954E-09  4.549737E-11
   7.492501E+03  2.425550E-09  4.562164E-11
   7.507501E+03  2.405517E-09  4.545349E-11
   7.522501E+03  2.374704E-09  4.515570E-11
   7.537501E+03  2.378329E-09  4.520267E-11
   7.552501E+03  2.378615E-09  4.520719E-11
   7.567501E+03  2.351427E-09  4.492764E-11
   7.582501E+03  2.347993E-09  4.490227E-11
   7.597501E+03  2.291709E-09  4.436346E-11
   7.612501E+03  2.324048E-09  4.467201E-11
   7.627501E+03  2.312696E-09  4.457433E-11
   7.642501E+03  2.308975E-09  4.455336E-11
   7.657501E+03  2.298005E-09  4.441853E-11
   7.672501E+03  2.281311E-09  4.425764E-11
   7.687501E+03  2.265093E-09  4.411006E-11
   7.702501E+03  2.249067E-09  4.395825E-11
   7.717501E+03  2.272534E-09  4.416355E-11
   7.732501E+03  2.270531E-09  4.417198E-11
   7.747501E+03  2.251642E-09  4.397770E-11
   7.762501E+03  2.226458E-09  4.370793E-11
   7.777501E+03  2.219207E-09  4.365200E-11
   7.792501E+03  2.222260E-09  4.368750E-11
   7.807501E+03  2.193450E-09  4.340098E-11
   7.822501E+03  2.192878E-09  4.339157E-11
   7.837501E+03  2.193164E-09  4.341326E-11
   7.852501E+03  2.153193E-09  4.299319E-11
   7.867501E+03  2.150427E-09  4.295995E-11
   7.882501E+03  2.154433E-09  4.301123E-11
   7.897501E+03  2.168266E-09  4.313897E-11
   7.912501E+03  2.124479E-09  4.270868E-11
   7.927501E+03  2.131061E-09  4.276110E-11
   7.942501E+03  2.116752E-09  4.262358E-11
   7.957501E+03  2.105018E-09  4.251153E-11
   7.972501E+03  2.109502E-09  4.256429E-11
   7.987501E+03  2.086129E-09  4.232504E-11
   8.002501E+03  2.094429E-09  4.240492E-11
   8.017501E+03  2.063330E-09  4.211164E-11
   8.032501E+03  2.070580E-09  4.214827E-11
   8.047501E+03  2.061708E-09  4.206987E-11
   8.062501E+03  2.043296E-09  4.188236E-11
   8.077501E+03  2.038240E-09  4.184051E-11
   8.092501E+03  2.016013E-09  4.162064E-11
   8.107501E+03  2.011434E-09  4.154993E-11
   8.122501E+03  2.007809E-09  4.151261E-11
   8.137501E+03  1.988730E-09  4.132951E-11
   8.152501E+03  1.968124E-09  4.112575E-11
   8.167501E+03  1.983578E-09  4.127222E-11
   8.182501E+03  1.967170E-09  4.108992E-11
   8.197501E+03  1.959061E-09  4.102343E-11
   8.212501E+03  1.966216E-09  4.111587E-11
   8.227501E+03  1.952193E-09  4.096177E-11
   8.242501E+03  1.911077E-09  4.053634E-11
   8.257501E+03  1.917373E-09  4.059464E-11
   8.272501E+03  1.940268E-09  4.082707E-11
   8.287501E+03  1.914130E-09  4.054228E-11
   8.302501E+03  1.915561E-09  4.057150E-11
   8.317501E+03  1.924337E-09  4.062965E-11
   8.332501E+03  1.876353E-09  4.013571E-11
   8.347501E+03  1.883412E-09  4.018641E-11
   8.362501E+03  1.884271E-09  4.020980E-11
   8.377501E+03  1.882553E-09  4.021802E-11
   8.392501E+03  1.889517E-09  4.028590E-11
   8.407501E+03  1.864142E-09  4.002176E-11
   8.422501E+03  1.840770E-09  3.975062E-11
   8.437501E+03  1.831802E-09  3.964989E-11
   8.452501E+03  1.813582E-09  3.946738E-11
   8.467501E+03  1.826746E-09  3.961185E-11
   8.482501E+03  1.810815E-09  3.942492E-11
   8.497501E+03  1.794025E-09  3.923609E-11
   8.512501E+03  1.794693E-09  3.926006E-11
   8.527501E+03  1.800417E-09  3.932237E-11
   8.542501E+03  1.778571E-09  3.907144E-11
   8.557501E+03  1.771226E-09  3.898674E-11
   8.572501E+03  1.761591E-09  3.891036E-11
   8.587501E+03  1.756725E-09  3.883997E-11
   8.602501E+03  1.746518E-09  3.872950E-11
   8.617501E+03  1.735929E-09  3.860388E-11
   8.632501E+03  1.731064E-09  3.855631E-11
   8.647501E+03  1.739459E-09  3.863874E-11
   8.662501E+03  1.715705E-09  3.837485E-11
   8.677501E+03  1.722001E-09  3.845136E-11
   8.692501E+03  1.731541E-09  3.855735E-11
   8.707501E+03  1.702731E-09  3.824493E-11
   8.722501E+03  1.713511E-09  3.836106E-11
   8.737501E+03  1.693001E-09  3.812304E-11
   8.752501E+03  1.682602E-09  3.801479E-11
   8.767501E+03  1.655605E-09  3.769452E-11
   8.782501E+03  1.674780E-09  3.792881E-11
   8.797501E+03  1.667053E-09  3.782856E-11
   8.812501E+03  1.641296E-09  3.753830E-11
   8.827501E+03  1.642727E-09  3.757641E-11
   8.842501E+03  1.603614E-09  3.709747E-11
   8.857501E+03  1.642822E-09  3.755787E-11
   8.872501E+03  1.614776E-09  3.724798E-11
   8.887501E+03  1.603900E-09  3.709856E-11
   8.902501E+03  1.614966E-09  3.723038E-11
   8.917501E+03  1.581673E-09  3.685019E-11
   8.932501E+03  1.585203E-09  3.688005E-11
   8.947501E+03  1.553436E-09  3.651632E-11
   8.962501E+03  1.566314E-09  3.668256E-11
   8.977501E+03  1.566696E-09  3.668478E-11
   8.992501E+03  1.561258E-09  3.660116E-11
   9.007501E+03  1.545709E-09  3.643689E-11
   9.022501E+03  1.554294E-09  3.651517E-11
   9.037501E+03  1.551814E-09  3.649506E-11
   9.052501E+03  1.508981E-09  3.598928E-11
   9.067501E+03  1.527202E-09  3.622340E-11
   9.082501E+03  1.513083E-09  3.604257E-11
   9.097501E+03  1.527583E-09  3.621886E-11
   9.112501E+03  1.503734E-09  3.593823E-11
   9.127501E+03  1.482938E-09  3.568052E-11
   9.142501E+03  1.489425E-09  3.576970E-11
   9.157501E+03  1.488852E-09  3.574453E-11
   9.172501E+03  1.470345E-09  3.553837E-11
   9.187501E+03  1.483128E-09  3.569429E-11
   9.202501E+03  1.479026E-09  3.562208E-11
   9.217501E+03  1.462237E-09  3.542208E-11
   9.232501E+03  1.438388E-09  3.515369E-11
   9.247501E+03  1.439532E-09  3.517927E-11
   9.262501E+03  1.433236E-09  3.507457E-11
   9.277501E+03  1.417114E-09  3.487491E-11
   9.292501E+03  1.433904E-09  3.509439E-11
   9.307501E+03  1.423220E-09  3.496851E-11
   9.322501E+03  1.392788E-09  3.457741E-11
   9.337501E+03  1.423315E-09  3.495797E-11
   9.352501E+03  1.419499E-09  3.491591E-11
   9.367501E+03  1.398416E-09  3.465647E-11
   9.382501E+03  1.403568E-09  3.471061E-11
   9.397501E+03  1.378288E-09  3.440456E-11
   9.412501E+03  1.374186E-09  3.435825E-11
   9.427501E+03  1.368080E-09  3.427015E-11
   9.442501E+03  1.379814E-09  3.443544E-11
   9.457501E+03  1.348810E-09  3.403338E-11
   9.472501E+03  1.352722E-09  3.406572E-11
   9.487501E+03  1.349573E-09  3.403576E-11
   9.502501E+03  1.353294E-09  3.408734E-11
   9.517501E+03  1.343087E-09  3.396372E-11
   9.532501E+03  1.354248E-09  3.408971E-11
   9.547501E+03  1.317902E-09  3.363258E-11
   9.562501E+03  1.310843E-09  3.355236E-11
   9.577501E+03  1.335264E-09  3.385287E-11
   9.592501E+03  1.307885E-09  3.351949E-11
   9.607501E+03  1.305500E-09  3.350124E-11
   9.622501E+03  1.273638E-09  3.306427E-11
   9.637501E+03  1.277645E-09  3.312354E-11
   9.652501E+03  1.274019E-09  3.308407E-11
   9.667501E+03  1.286421E-09  3.325650E-11
   9.682501E+03  1.276977E-09  3.311490E-11
   9.697501E+03  1.270013E-09  3.303465E-11
   9.712501E+03  1.262190E-09  3.292316E-11
   9.727501E+03  1.256753E-09  3.285236E-11
   9.742501E+03  1.257134E-09  3.285733E-11
   9.757501E+03  1.238723E-09  3.260646E-11
   9.772501E+03  1.241108E-09  3.263777E-11
   9.787501E+03  1.212298E-09  3.226771E-11
   9.802501E+03  1.221742E-09  3.239280E-11
   9.817501E+03  1.233381E-09  3.255636E-11
   9.832501E+03  1.216209E-09  3.230437E-11
   9.847501E+03  1.215160E-09  3.229806E-11
   9.862501E+03  1.189594E-09  3.197009E-11
   9.877501E+03  1.199610E-09  3.209123E-11
   9.892501E+03  1.194650E-09  3.202496E-11
   9.907501E+03  1.192742E-09  3.201479E-11
   9.922501E+03  1.167652E-09  3.166447E-11
   9.937501E+03  1.198370E-09  3.206701E-11
   9.952501E+03  1.177955E-09  3.180866E-11
   9.967501E+03  1.175380E-09  3.177138E-11
   9.982501E+03  1.164504E-09  3.162186E-11
   9.997501E+03  1.162024E-09  3.159084E-11
   1.001250E+04  1.140751E-09  3.129325E-11
   1.002750E+04  1.135313E-09  3.122399E-11
   1.004250E+04  1.121290E-09  3.104686E-11
   1.005750E+04  1.141323E-09  3.130893E-11
   1.007250E+04  1.126727E-09  3.110599E-11
   1.008750E+04  1.128349E-09  3.112305E-11
   1.010250E+04  1.115184E-09  3.094929E-11
   1.011750E+04  1.116997E-09  3.097701E-11
   1.013250E+04  1.140274E-09  3.128672E-11
   1.014750E+04  1.112132E-09  3.089111E-11
   1.016250E+04  1.081414E-09  3.047027E-11
   1.017750E+04  1.101924E-09  3.075990E-11
   1.019250E+04  1.085802E-09  3.052921E-11
   1.020750E+04  1.082368E-09  3.047830E-11
   1.022250E+04  1.082082E-09  3.047965E-11
   1.023750E+04  1.097441E-09  3.069207E-11
   1.025250E+04  1.056325E-09  3.011005E-11
   1.026750E+04  1.049361E-09  3.002446E-11
   1.028250E+04  1.046785E-09  2.997676E-11
   1.029750E+04  1.049456E-09  3.002582E-11
   1.031250E+04  1.056993E-09  3.011683E-11
   1.032750E+04  1.032285E-09  2.977982E-11
   1.034250E+04  1.043160E-09  2.992217E-11
   1.035750E+04  1.031522E-09  2.977985E-11
   1.037250E+04  1.036482E-09  2.983191E-11
   1.038750E+04  1.020360E-09  2.960779E-11
   1.040250E+04  1.024558E-09  2.965189E-11
   1.041750E+04  1.021028E-09  2.961192E-11
   1.043250E+04  1.008245E-09  2.942918E-11
   1.044750E+04  1.003189E-09  2.934712E-11
   1.046250E+04  1.007673E-09  2.942085E-11
   1.047750E+04  9.982284E-10  2.927741E-11
   1.049250E+04  9.978468E-10  2.927742E-11
   1.050750E+04  9.740931E-10  2.891924E-11
   1.052250E+04  9.788629E-10  2.899264E-11
   1.053750E+04  9.869716E-10  2.910940E-11
   1.055250E+04  9.830603E-10  2.906024E-11
   1.056750E+04  9.512933E-10  2.857659E-11
   1.058250E+04  9.535828E-10  2.862520E-11
   1.059750E+04  9.519611E-10  2.859233E-11
   1.061250E+04  9.473821E-10  2.852363E-11
   1.062750E+04  9.324048E-10  2.828907E-11
   1.064250E+04  9.542506E-10  2.862089E-11
   1.065750E+04  9.296383E-10  2.825583E-11
   1.067250E+04  9.384148E-10  2.837706E-11
   1.068750E+04  9.299245E-10  2.824857E-11
   1.070250E+04  9.305923E-10  2.827029E-11
   1.071750E+04  9.288752E-10  2.823845E-11
   1.073250E+04  9.286844E-10  2.822685E-11
   1.074750E+04  9.175230E-10  2.808317E-11
   1.076250E+04  9.171414E-10  2.805400E-11
   1.077750E+04  8.980621E-10  2.776991E-11
   1.079250E+04  9.138979E-10  2.800442E-11
   1.080750E+04  9.021642E-10  2.783607E-11
   1.082250E+04  8.830849E-10  2.754080E-11
   1.083750E+04  8.850882E-10  2.756007E-11
   1.085250E+04  8.862329E-10  2.758677E-11
   1.086750E+04  8.665813E-10  2.727379E-11
   1.088250E+04  8.702063E-10  2.733669E-11
   1.089750E+04  8.572324E-10  2.712348E-11
   1.091250E+04  8.713511E-10  2.735462E-11
   1.092750E+04  8.548475E-10  2.709485E-11
   1.094250E+04  8.475974E-10  2.697386E-11
   1.095750E+04  8.569462E-10  2.712198E-11
   1.097250E+04  8.457849E-10  2.694809E-11
   1.098750E+04  8.277549E-10  2.665367E-11
   1.100250E+04  8.402519E-10  2.685690E-11
   1.101750E+04  8.226989E-10  2.659689E-11
   1.103250E+04  8.413966E-10  2.688126E-11
   1.104750E+04  8.309984E-10  2.671497E-11
   1.106250E+04  8.008531E-10  2.622378E-11
   1.107750E+04  8.203140E-10  2.654301E-11
   1.109250E+04  7.923628E-10  2.608779E-11
   1.110750E+04  8.061953E-10  2.631094E-11
   1.112250E+04  8.033334E-10  2.626740E-11
   1.113750E+04  8.070539E-10  2.632804E-11
   1.115250E+04  7.890240E-10  2.602658E-11
   1.116750E+04  7.950339E-10  2.612536E-11
   1.118250E+04  7.826324E-10  2.591479E-11
   1.119750E+04  7.919813E-10  2.608780E-11
   1.121250E+04  7.607866E-10  2.555412E-11
   1.122750E+04  7.779580E-10  2.584053E-11
   1.124250E+04  7.690861E-10  2.569933E-11
   1.125750E+04  7.738559E-10  2.578194E-11
   1.127250E+04  7.670828E-10  2.567866E-11
   1.128750E+04  7.611682E-10  2.557654E-11
   1.130250E+04  7.508654E-10  2.538071E-11
   1.131750E+04  7.521055E-10  2.540165E-11
   1.133250E+04  7.460002E-10  2.530489E-11
   1.134750E+04  7.275887E-10  2.499107E-11
   1.136250E+04  7.263485E-10  2.497634E-11
   1.137750E+04  7.268255E-10  2.497469E-11
   1.139250E+04  7.255853E-10  2.495996E-11
   1.140750E+04  7.078416E-10  2.465002E-11
   1.142250E+04  7.042165E-10  2.458690E-11
   1.143750E+04  7.223419E-10  2.491077E-11
   1.145250E+04  7.150917E-10  2.477578E-11
   1.146750E+04  7.157595E-10  2.478403E-11
   1.148250E+04  7.100357E-10  2.470473E-11
   1.149750E+04  7.040257E-10  2.458358E-11
   1.151250E+04  7.050751E-10  2.460520E-11
   1.152750E+04  6.945815E-10  2.441834E-11
   1.154250E+04  6.895255E-10  2.433951E-11
   1.155750E+04  6.868544E-10  2.429242E-11
   1.157250E+04  6.751206E-10  2.409126E-11
   1.158750E+04  6.697784E-10  2.397893E-11
   1.160250E+04  6.642454E-10  2.388667E-11
   1.161750E+04  6.619559E-10  2.383867E-11
   1.163250E+04  6.756930E-10  2.409125E-11
   1.164750E+04  6.593802E-10  2.379230E-11
   1.166250E+04  6.611927E-10  2.382838E-11
   1.167750E+04  6.590940E-10  2.378370E-11
   1.169250E+04  6.547058E-10  2.370101E-11
   1.170750E+04  6.385838E-10  2.342156E-11
   1.172250E+04  6.375344E-10  2.340235E-11
   1.173750E+04  6.433536E-10  2.350174E-11
   1.175250E+04  6.373436E-10  2.339885E-11
   1.176750E+04  6.342909E-10  2.333232E-11
   1.178250E+04  6.236065E-10  2.314931E-11
   1.179750E+04  6.221756E-10  2.311571E-11
   1.181250E+04  6.226526E-10  2.312101E-11
   1.182750E+04  6.026193E-10  2.274649E-11
   1.184250E+04  6.104418E-10  2.289346E-11
   1.185750E+04  6.312383E-10  2.329375E-11
   1.187250E+04  6.089155E-10  2.286128E-11
   1.188750E+04  5.989943E-10  2.267444E-11
   1.190250E+04  5.949876E-10  2.259493E-11
   1.191750E+04  6.135899E-10  2.294878E-11
   1.193250E+04  5.860203E-10  2.243142E-11
   1.194750E+04  5.885006E-10  2.247513E-11
   1.196250E+04  5.973725E-10  2.264737E-11
   1.197750E+04  5.892638E-10  2.248969E-11
   1.199250E+04  5.767669E-10  2.225751E-11
   1.200750E+04  5.720925E-10  2.215989E-11
   1.202250E+04  5.634114E-10  2.199871E-11
   1.203750E+04  5.579738E-10  2.189247E-11
   1.205250E+04  5.629344E-10  2.198196E-11
   1.206750E+04  5.625528E-10  2.197079E-11
   1.208250E+04  5.690398E-10  2.209703E-11
   1.209750E+04  5.647469E-10  2.202473E-11
   1.211250E+04  5.477664E-10  2.169162E-11
   1.212750E+04  5.500559E-10  2.172929E-11
   1.214250E+04  5.482434E-10  2.169727E-11
   1.215750E+04  5.392761E-10  2.151170E-11
   1.217250E+04  5.402301E-10  2.153832E-11
   1.218750E+04  5.365096E-10  2.146411E-11
   1.220250E+04  5.204830E-10  2.113375E-11
   1.221750E+04  5.181935E-10  2.109501E-11
   1.223250E+04  5.261114E-10  2.124765E-11
   1.224750E+04  5.197198E-10  2.112214E-11
   1.226250E+04  5.137098E-10  2.100366E-11
   1.227750E+04  5.154270E-10  2.103090E-11
   1.229250E+04  5.224863E-10  2.118209E-11
   1.230750E+04  5.183843E-10  2.109112E-11
   1.232250E+04  5.032162E-10  2.078830E-11
   1.233750E+04  5.100848E-10  2.092169E-11
   1.235250E+04  4.952983E-10  2.062432E-11
   1.236750E+04  5.000681E-10  2.072326E-11
   1.238250E+04  4.936766E-10  2.058659E-11
   1.239750E+04  4.979694E-10  2.067978E-11
   1.241250E+04  4.828014E-10  2.035475E-11
   1.242750E+04  4.946306E-10  2.060248E-11
   1.244250E+04  4.877620E-10  2.046300E-11
   1.245750E+04  4.809889E-10  2.032056E-11
   1.247250E+04  4.810843E-10  2.031854E-11
   1.248750E+04  4.656300E-10  2.000197E-11
   1.250250E+04  4.664886E-10  2.002037E-11
   1.251750E+04  4.714492E-10  2.012228E-11
   1.253250E+04  4.602878E-10  1.987885E-11
   1.254750E+04  4.471231E-10  1.959694E-11
   1.256250E+04  4.555180E-10  1.977981E-11
   1.257750E+04  4.432119E-10  1.950695E-11
   1.259250E+04  4.496988E-10  1.965323E-11
   1.260750E+04  4.393006E-10  1.942076E-11
   1.262250E+04  4.363433E-10  1.935111E-11
   1.263750E+04  4.455014E-10  1.955304E-11
   1.265250E+04  4.281392E-10  1.917268E-11
   1.266750E+04  4.312873E-10  1.924298E-11
   1.268250E+04  4.332906E-10  1.929182E-11
   1.269750E+04  4.169778E-10  1.892567E-11
   1.271250E+04  4.320505E-10  1.925998E-11
   1.272750E+04  4.251819E-10  1.910641E-11
   1.274250E+04  4.061980E-10  1.867099E-11
   1.275750E+04  4.057211E-10  1.866441E-11
   1.277250E+04  4.015236E-10  1.856770E-11
   1.278750E+04  4.004743E-10  1.854786E-11
   1.280250E+04  3.986617E-10  1.849704E-11
   1.281750E+04  4.001881E-10  1.853682E-11
   1.283250E+04  3.987571E-10  1.849925E-11
   1.284750E+04  3.935103E-10  1.838165E-11
   1.286250E+04  3.923656E-10  1.835045E-11
   1.287750E+04  3.901714E-10  1.830357E-11
   1.289250E+04  3.723323E-10  1.787603E-11
   1.290750E+04  3.886451E-10  1.827225E-11
   1.292250E+04  3.762436E-10  1.797420E-11
   1.293750E+04  3.713783E-10  1.785313E-11
   1.295250E+04  3.640328E-10  1.767575E-11
   1.296750E+04  3.709014E-10  1.784166E-11
   1.298250E+04  3.638420E-10  1.767575E-11
   1.299750E+04  3.564965E-10  1.749658E-11
   1.301250E+04  3.569735E-10  1.750359E-11
   1.302750E+04  3.582136E-10  1.753396E-11
   1.304250E+04  3.543978E-10  1.744504E-11
   1.305750E+04  3.566873E-10  1.749657E-11
   1.307250E+04  3.533484E-10  1.741452E-11
   1.308750E+04  3.478154E-10  1.728242E-11
   1.310250E+04  3.391344E-10  1.706558E-11
   1.311750E+04  3.403745E-10  1.709673E-11
   1.313250E+04  3.377988E-10  1.703198E-11
   1.314750E+04  3.310257E-10  1.685565E-11
   1.316250E+04  3.253973E-10  1.671179E-11
   1.317750E+04  3.263512E-10  1.674605E-11
   1.319250E+04  3.296901E-10  1.682163E-11
   1.320750E+04  3.317888E-10  1.687992E-11
   1.322250E+04  3.183379E-10  1.652958E-11
   1.323750E+04  3.240617E-10  1.667747E-11
   1.325250E+04  3.182425E-10  1.652710E-11
   1.326750E+04  3.170024E-10  1.649984E-11
   1.328250E+04  3.136635E-10  1.641280E-11
   1.329750E+04  3.055548E-10  1.619440E-11
   1.331250E+04  3.092753E-10  1.629267E-11
   1.332750E+04  3.070811E-10  1.624488E-11
   1.334250E+04  2.905776E-10  1.579264E-11
   1.335750E+04  2.918177E-10  1.582629E-11
   1.337250E+04  2.981139E-10  1.599606E-11
   1.338750E+04  2.901960E-10  1.578227E-11
   1.340250E+04  2.886696E-10  1.574592E-11
   1.341750E+04  2.722614E-10  1.528695E-11
   1.343250E+04  2.738832E-10  1.533240E-11
   1.344750E+04  2.764589E-10  1.540430E-11
   1.346250E+04  2.731200E-10  1.531637E-11
   1.347750E+04  2.783668E-10  1.545735E-11
   1.349250E+04  2.712121E-10  1.525747E-11
   1.350750E+04  2.777944E-10  1.544676E-11
   1.352250E+04  2.706397E-10  1.524136E-11
   1.353750E+04  2.677778E-10  1.516599E-11
   1.355250E+04  2.611955E-10  1.497314E-11
   1.356750E+04  2.677778E-10  1.516599E-11
   1.358250E+04  2.617678E-10  1.498953E-11
   1.359750E+04  2.513696E-10  1.468888E-11
   1.361250E+04  2.450735E-10  1.450380E-11
   1.362750E+04  2.399221E-10  1.435630E-11
   1.364250E+04  2.504157E-10  1.467216E-11
   1.365750E+04  2.405898E-10  1.438194E-11
   1.367250E+04  2.408760E-10  1.438478E-11
   1.368750E+04  2.313364E-10  1.409154E-11
   1.370250E+04  2.352476E-10  1.421590E-11
   1.371750E+04  2.269481E-10  1.396315E-11
   1.373250E+04  2.221783E-10  1.380987E-11
   1.374750E+04  2.311456E-10  1.409155E-11
   1.376250E+04  2.185532E-10  1.370872E-11
   1.377750E+04  2.181717E-10  1.369079E-11
   1.379250E+04  2.123525E-10  1.350111E-11
   1.380750E+04  2.165499E-10  1.363386E-11
   1.382250E+04  2.091090E-10  1.339763E-11
   1.383750E+04  2.067241E-10  1.332717E-11
   1.385250E+04  2.027174E-10  1.319133E-11
   1.386750E+04  2.038622E-10  1.322851E-11
   1.388250E+04  1.922238E-10  1.284544E-11
   1.389750E+04  2.036714E-10  1.322852E-11
   1.391250E+04  1.944179E-10  1.291852E-11
   1.392750E+04  1.939410E-10  1.290267E-11
   1.394250E+04  1.949903E-10  1.293752E-11
   1.395750E+04  1.881218E-10  1.270766E-11
   1.397250E+04  1.822072E-10  1.251943E-11
   1.398750E+04  1.846875E-10  1.259116E-11
   1.400250E+04  1.791545E-10  1.240115E-11
   1.401750E+04  1.766742E-10  1.231502E-11
   1.403250E+04  1.778190E-10  1.235485E-11
   1.404750E+04  1.747663E-10  1.224836E-11
   1.406250E+04  1.687563E-10  1.203595E-11
   1.407750E+04  1.684701E-10  1.202574E-11
   1.409250E+04  1.636049E-10  1.185085E-11
   1.410750E+04  1.713320E-10  1.212744E-11
   1.412250E+04  1.613154E-10  1.176765E-11
   1.413750E+04  1.558778E-10  1.156765E-11
   1.415250E+04  1.516803E-10  1.141805E-11
   1.416750E+04  1.461473E-10  1.120085E-11
   1.418250E+04  1.481507E-10  1.127734E-11
   1.419750E+04  1.489138E-10  1.130635E-11
   1.421250E+04  1.460520E-10  1.119719E-11
   1.422750E+04  1.412821E-10  1.101286E-11
   1.424250E+04  1.395650E-10  1.094574E-11
   1.425750E+04  1.385156E-10  1.090452E-11
   1.427250E+04  1.316471E-10  1.063076E-11
   1.428750E+04  1.354629E-10  1.078370E-11
   1.430250E+04  1.255417E-10  1.038135E-11
   1.431750E+04  1.329826E-10  1.068454E-11
   1.433250E+04  1.246831E-10  1.034580E-11
   1.434750E+04  1.193409E-10  1.012985E-11
   1.436250E+04  1.188640E-10  1.010962E-11
   1.437750E+04  1.199133E-10  1.014600E-11
   1.439250E+04  1.100875E-10  9.721476E-12
   1.440750E+04  1.154297E-10  9.954531E-12
   1.442250E+04  1.113276E-10  9.776074E-12
   1.443750E+04  1.131402E-10  9.855326E-12
   1.445250E+04  1.096105E-10  9.700395E-12
   1.446750E+04  1.023604E-10  9.374128E-12
   1.448250E+04  9.844913E-11  9.193306E-12
   1.449750E+04  9.844913E-11  9.202211E-12
   1.451250E+04  9.539644E-11  9.049666E-12
   1.452750E+04  9.081741E-11  8.829823E-12
   1.454250E+04  9.081741E-11  8.829823E-12
   1.455750E+04  8.824171E-11  8.703721E-12
   1.457250E+04  8.232713E-11  8.406995E-12
   1.458750E+04  8.766933E-11  8.675449E-12
   1.460250E+04  7.917905E-11  8.244705E-12
   1.461750E+04  8.280411E-11  8.431312E-12
   1.463250E+04  7.975143E-11  8.274449E-12
   1.464750E+04  7.240590E-11  7.884215E-12
   1.466250E+04  7.030718E-11  7.769119E-12
   1.467750E+04  6.868544E-11  7.678999E-12
   1.469250E+04  6.143531E-11  7.262446E-12
   1.470750E+04  6.172150E-11  7.279341E-12
   1.472250E+04  6.057674E-11  7.211523E-12
   1.473750E+04  6.029055E-11  7.194469E-12
   1.475250E+04  5.561613E-11  6.909960E-12
   1.476750E+04  5.103710E-11  6.619408E-12
   1.478250E+04  4.922456E-11  6.500810E-12
   1.479750E+04  4.531331E-11  6.237209E-12
   1.481250E+04  4.483633E-11  6.204296E-12
   1.482750E+04  4.054349E-11  5.899823E-12
   1.484250E+04  3.901714E-11  5.787707E-12
   1.485750E+04  3.291177E-11  5.315643E-12
   1.487250E+04  3.548748E-11  5.519721E-12
   1.488750E+04  3.109924E-11  5.167202E-12
   1.490250E+04  2.594783E-11  4.719893E-12
   1.491750E+04  2.499387E-11  4.632321E-12
   1.493250E+04  1.927008E-11  4.067475E-12
   1.494750E+04  1.764834E-11  3.892561E-12
   1.496250E+04  1.345090E-11  3.398287E-12
   1.497750E+04  1.001663E-11  2.932553E-12
   1.499250E+04  9.444248E-12  2.847534E-12
