 #  Results from PENEPMA.
 #  Energy distribution of upbound electrons.
 #  1st column: E (eV).
 #  2nd and 3rd columns: probability density and STU (1/(eV*particle)).

   2.500000E+00  1.000000E-35  1.000000E-35
   7.500001E+00  1.000000E-35  1.000000E-35
   1.250000E+01  1.000000E-35  1.000000E-35
   1.750000E+01  1.000000E-35  1.000000E-35
   2.250000E+01  1.000000E-35  1.000000E-35
   2.750000E+01  1.000000E-35  1.000000E-35
   3.250000E+01  1.000000E-35  1.000000E-35
   3.750000E+01  1.000000E-35  1.000000E-35
   4.250000E+01  1.000000E-35  1.000000E-35
   4.750000E+01  1.000000E-35  1.000000E-35
   5.250001E+01  1.232559E-04  2.393225E-06
   5.750001E+01  1.167922E-04  2.327422E-06
   6.250001E+01  1.586636E-04  2.357884E-06
   6.750001E+01  3.869767E-04  2.614244E-06
   7.250001E+01  5.755996E-05  2.126110E-06
   7.750001E+01  5.662730E-05  2.105729E-06
   8.250001E+01  5.385762E-05  2.055089E-06
   8.750001E+01  5.331047E-05  2.042697E-06
   9.250001E+01  5.203414E-05  2.018797E-06
   9.750001E+01  5.206149E-05  2.005570E-06
   1.025000E+02  5.002608E-05  1.972472E-06
   1.075000E+02  4.886116E-05  1.959167E-06
   1.125000E+02  4.602087E-05  1.901117E-06
   1.175000E+02  4.531953E-05  1.888257E-06
   1.225000E+02  4.331890E-05  1.842658E-06
   1.275000E+02  4.152935E-05  1.805694E-06
   1.325000E+02  4.085358E-05  1.790644E-06
   1.375000E+02  4.036161E-05  1.779512E-06
   1.425000E+02  3.794795E-05  1.726428E-06
   1.475000E+02  3.793149E-05  1.724199E-06
   1.525000E+02  3.584849E-05  1.676148E-06
   1.575000E+02  3.608469E-05  1.683353E-06
   1.625000E+02  3.315533E-05  1.611908E-06
   1.675000E+02  3.259333E-05  1.598091E-06
   1.725000E+02  3.142200E-05  1.569521E-06
   1.775000E+02  3.031023E-05  1.540057E-06
   1.825000E+02  2.926843E-05  1.514498E-06
   1.875000E+02  2.826612E-05  1.487903E-06
   1.925000E+02  2.787069E-05  1.477832E-06
   1.975000E+02  2.730167E-05  1.463134E-06
   2.025000E+02  2.578952E-05  1.419828E-06
   2.075000E+02  2.438647E-05  1.380320E-06
   2.125000E+02  2.481441E-05  1.393402E-06
   2.175000E+02  2.367069E-05  1.360558E-06
   2.225000E+02  2.249569E-05  1.326151E-06
   2.275000E+02  2.170866E-05  1.303391E-06
   2.325000E+02  2.103493E-05  1.281379E-06
   2.375000E+02  2.034083E-05  1.259520E-06
   2.425000E+02  1.927672E-05  1.226997E-06
   2.475000E+02  1.938313E-05  1.229916E-06
   2.525000E+02  1.853115E-05  1.202110E-06
   2.575000E+02  1.844358E-05  1.199263E-06
   2.625000E+02  1.754016E-05  1.167904E-06
   2.675000E+02  1.703751E-05  1.151473E-06
   2.725000E+02  1.700253E-05  1.150493E-06
   2.775000E+02  1.632422E-05  1.127100E-06
   2.825000E+02  1.697174E-05  1.149018E-06
   2.875000E+02  1.623388E-05  1.123283E-06
   2.925000E+02  1.619595E-05  1.122038E-06
   2.975000E+02  1.613374E-05  1.119870E-06
   3.025000E+02  1.529292E-05  1.089146E-06
   3.075000E+02  1.591193E-05  1.111550E-06
   3.125000E+02  1.605840E-05  1.117130E-06
   3.175000E+02  1.554838E-05  1.098363E-06
   3.225000E+02  1.543311E-05  1.093016E-06
   3.275000E+02  1.542137E-05  1.092982E-06
   3.325000E+02  1.487774E-05  1.073395E-06
   3.375000E+02  1.474659E-05  1.069181E-06
   3.425000E+02  1.499886E-05  1.077614E-06
   3.475000E+02  1.429000E-05  1.050878E-06
   3.525000E+02  1.463598E-05  1.065310E-06
   3.575000E+02  1.457052E-05  1.063370E-06
   3.625000E+02  1.386503E-05  1.035496E-06
   3.675000E+02  1.426693E-05  1.050204E-06
   3.725000E+02  1.405255E-05  1.040990E-06
   3.775000E+02  1.384725E-05  1.034567E-06
   3.825000E+02  1.372238E-05  1.028863E-06
   3.875000E+02  1.342844E-05  1.018643E-06
   3.925000E+02  1.395239E-05  1.039205E-06
   3.975000E+02  1.332482E-05  1.013546E-06
   4.025000E+02  1.342871E-05  1.019326E-06
   4.075000E+02  1.373802E-05  1.029221E-06
   4.125000E+02  1.417978E-05  1.045359E-06
   4.175000E+02  1.334069E-05  1.013595E-06
   4.225000E+02  1.340064E-05  1.015045E-06
   4.275000E+02  1.373126E-05  1.028890E-06
   4.325000E+02  1.382418E-05  1.031966E-06
   4.375000E+02  1.315765E-05  1.006220E-06
   4.425000E+02  1.381565E-05  1.032304E-06
   4.475000E+02  1.358044E-05  1.023129E-06
   4.525000E+02  1.322879E-05  1.008501E-06
   4.575000E+02  1.299668E-05  1.000508E-06
   4.625000E+02  1.384306E-05  1.032749E-06
   4.675000E+02  1.332834E-05  1.013927E-06
   4.725000E+02  1.313676E-05  1.003762E-06
   4.775000E+02  1.311680E-05  1.002428E-06
   4.825000E+02  1.341534E-05  1.015717E-06
   4.875000E+02  1.372278E-05  1.027360E-06
   4.925000E+02  1.277163E-05  9.901556E-07
   4.975000E+02  1.348858E-05  1.018826E-06
   5.025001E+02  1.334657E-05  1.012665E-06
   5.075001E+02  1.355923E-05  1.020929E-06
   5.125001E+02  1.308747E-05  1.000414E-06
   5.175001E+02  1.361915E-05  1.023613E-06
   5.225001E+02  1.340570E-05  1.013162E-06
   5.275001E+02  1.319461E-05  1.005216E-06
   5.325001E+02  1.290410E-05  9.934204E-07
   5.375001E+02  1.341188E-05  1.013181E-06
   5.425001E+02  1.287483E-05  9.926841E-07
   5.475001E+02  1.355508E-05  1.017717E-06
   5.525001E+02  1.325488E-05  1.007311E-06
   5.575001E+02  1.293492E-05  9.945379E-07
   5.625001E+02  1.357920E-05  1.017791E-06
   5.675001E+02  1.359985E-05  1.020367E-06
   5.725001E+02  1.338777E-05  1.011263E-06
   5.775001E+02  1.290170E-05  9.927680E-07
   5.825001E+02  1.365549E-05  1.021531E-06
   5.875001E+02  1.331522E-05  1.008132E-06
   5.925001E+02  1.330297E-05  1.007777E-06
   5.975001E+02  1.427171E-05  1.045019E-06
   6.025001E+02  1.377524E-05  1.025282E-06
   6.075001E+02  1.394203E-05  1.032010E-06
   6.125001E+02  1.331033E-05  1.007536E-06
   6.175001E+02  1.305205E-05  9.967775E-07
   6.225001E+02  1.325296E-05  1.005715E-06
   6.275001E+02  1.432607E-05  1.045845E-06
   6.325001E+02  1.424033E-05  1.043752E-06
   6.375001E+02  1.362079E-05  1.018551E-06
   6.425001E+02  1.403985E-05  1.034783E-06
   6.475001E+02  1.387848E-05  1.027830E-06
   6.525001E+02  1.329055E-05  1.005193E-06
   6.575001E+02  1.360210E-05  1.016286E-06
   6.625001E+02  1.342490E-05  1.010690E-06
   6.675001E+02  1.395919E-05  1.029577E-06
   6.725001E+02  1.390172E-05  1.027535E-06
   6.775001E+02  1.450923E-05  1.050916E-06
   6.825001E+02  1.401262E-05  1.032843E-06
   6.875001E+02  1.382812E-05  1.025758E-06
   6.925001E+02  1.403609E-05  1.031725E-06
   6.975001E+02  1.448368E-05  1.049621E-06
   7.025001E+02  1.449292E-05  1.048122E-06
   7.075001E+02  1.479735E-05  1.060255E-06
   7.125001E+02  1.445273E-05  1.047138E-06
   7.175001E+02  1.408641E-05  1.034975E-06
   7.225001E+02  1.424116E-05  1.039142E-06
   7.275001E+02  1.409348E-05  1.033500E-06
   7.325001E+02  1.429749E-05  1.041517E-06
   7.375001E+02  1.441358E-05  1.045440E-06
   7.425001E+02  1.430816E-05  1.041444E-06
   7.475001E+02  1.476048E-05  1.057780E-06
   7.525001E+02  1.496496E-05  1.065264E-06
   7.575001E+02  1.453644E-05  1.049829E-06
   7.625001E+02  1.510521E-05  1.071066E-06
   7.675001E+02  1.442654E-05  1.044559E-06
   7.725001E+02  1.480561E-05  1.059727E-06
   7.775001E+02  1.566403E-05  1.089564E-06
   7.825001E+02  1.483629E-05  1.059769E-06
   7.875001E+02  1.562056E-05  1.088314E-06
   7.925001E+02  1.467035E-05  1.052912E-06
   7.975001E+02  1.535456E-05  1.078043E-06
   8.025001E+02  1.469499E-05  1.054504E-06
   8.075001E+02  1.520175E-05  1.073188E-06
   8.125001E+02  1.546468E-05  1.081672E-06
   8.175001E+02  1.549481E-05  1.083237E-06
   8.225001E+02  1.554623E-05  1.083333E-06
   8.275001E+02  1.511320E-05  1.069294E-06
   8.325001E+02  1.558862E-05  1.085226E-06
   8.375001E+02  1.630281E-05  1.110286E-06
   8.425001E+02  1.516456E-05  1.069494E-06
   8.475001E+02  1.572749E-05  1.089745E-06
   8.525001E+02  1.556926E-05  1.083990E-06
   8.575001E+02  1.544197E-05  1.078591E-06
   8.625001E+02  1.641045E-05  1.114377E-06
   8.675001E+02  1.578263E-05  1.091076E-06
   8.725001E+02  1.632385E-05  1.110394E-06
   8.775001E+02  1.594199E-05  1.097088E-06
   8.825001E+02  1.580669E-05  1.091785E-06
   8.875001E+02  1.654852E-05  1.117916E-06
   8.925001E+02  1.632712E-05  1.111219E-06
   8.975001E+02  1.638103E-05  1.109927E-06
   9.025001E+02  1.661246E-05  1.118904E-06
   9.075001E+02  1.639587E-05  1.110546E-06
   9.125001E+02  1.638104E-05  1.111081E-06
   9.175001E+02  1.668738E-05  1.122825E-06
   9.225001E+02  1.668444E-05  1.123102E-06
   9.275001E+02  1.736044E-05  1.144436E-06
   9.325001E+02  1.726653E-05  1.141099E-06
   9.375001E+02  1.673725E-05  1.121584E-06
   9.425001E+02  1.654791E-05  1.115621E-06
   9.475001E+02  1.747640E-05  1.148428E-06
   9.525001E+02  1.735474E-05  1.143581E-06
   9.575001E+02  1.710322E-05  1.133898E-06
   9.625001E+02  1.738111E-05  1.144492E-06
   9.675001E+02  1.738285E-05  1.145711E-06
   9.725001E+02  1.728638E-05  1.140311E-06
   9.775001E+02  1.746520E-05  1.147561E-06
   9.825001E+02  1.713816E-05  1.135453E-06
   9.875001E+02  1.807982E-05  1.167691E-06
   9.925001E+02  1.719055E-05  1.136675E-06
   9.975001E+02  1.811743E-05  1.166145E-06
   1.002500E+03  1.791558E-05  1.162630E-06
   1.007500E+03  1.764289E-05  1.152169E-06
   1.012500E+03  1.831350E-05  1.173826E-06
   1.017500E+03  1.757977E-05  1.150331E-06
   1.022500E+03  1.825958E-05  1.172365E-06
   1.027500E+03  1.833900E-05  1.173893E-06
   1.032500E+03  1.748212E-05  1.144813E-06
   1.037500E+03  1.804541E-05  1.163801E-06
   1.042500E+03  1.784776E-05  1.156373E-06
   1.047500E+03  1.852670E-05  1.178425E-06
   1.052500E+03  1.891712E-05  1.192948E-06
   1.057500E+03  1.835611E-05  1.174165E-06
   1.062500E+03  1.881893E-05  1.187851E-06
   1.067500E+03  1.788173E-05  1.155633E-06
   1.072500E+03  1.816499E-05  1.167369E-06
   1.077500E+03  1.865193E-05  1.183409E-06
   1.082500E+03  1.893886E-05  1.192513E-06
   1.087500E+03  1.980673E-05  1.221534E-06
   1.092500E+03  1.866214E-05  1.182578E-06
   1.097500E+03  1.933780E-05  1.202905E-06
   1.102500E+03  1.927401E-05  1.204334E-06
   1.107500E+03  1.850604E-05  1.178371E-06
   1.112500E+03  1.873643E-05  1.183043E-06
   1.117500E+03  1.824740E-05  1.169231E-06
   1.122500E+03  1.953798E-05  1.210800E-06
   1.127500E+03  1.929072E-05  1.202515E-06
   1.132500E+03  1.920663E-05  1.199052E-06
   1.137500E+03  2.013876E-05  1.230425E-06
   1.142500E+03  1.917559E-05  1.198972E-06
   1.147500E+03  1.969614E-05  1.215472E-06
   1.152500E+03  1.958366E-05  1.211758E-06
   1.157500E+03  1.992018E-05  1.222825E-06
   1.162500E+03  2.104017E-05  1.257170E-06
   1.167500E+03  1.987314E-05  1.219821E-06
   1.172500E+03  2.045705E-05  1.238745E-06
   1.177500E+03  2.060834E-05  1.243339E-06
   1.182500E+03  2.022898E-05  1.229915E-06
   1.187500E+03  2.074466E-05  1.249029E-06
   1.192500E+03  2.024998E-05  1.232049E-06
   1.197500E+03  2.039865E-05  1.237306E-06
   1.202500E+03  2.093353E-05  1.253037E-06
   1.207500E+03  2.135052E-05  1.265251E-06
   1.212500E+03  2.114700E-05  1.258917E-06
   1.217500E+03  2.006769E-05  1.225294E-06
   1.222500E+03  2.069051E-05  1.241909E-06
   1.227500E+03  2.152877E-05  1.270780E-06
   1.232500E+03  2.032175E-05  1.232274E-06
   1.237500E+03  2.179862E-05  1.276422E-06
   1.242500E+03  2.102081E-05  1.252784E-06
   1.247500E+03  2.127983E-05  1.259795E-06
   1.252500E+03  2.190945E-05  1.278988E-06
   1.257500E+03  2.142129E-05  1.263905E-06
   1.262500E+03  2.189067E-05  1.277690E-06
   1.267500E+03  2.180427E-05  1.272415E-06
   1.272500E+03  2.159133E-05  1.264831E-06
   1.277500E+03  2.284635E-05  1.303756E-06
   1.282500E+03  2.201008E-05  1.274424E-06
   1.287500E+03  2.265502E-05  1.295168E-06
   1.292500E+03  2.221221E-05  1.281678E-06
   1.297500E+03  2.249967E-05  1.289387E-06
   1.302500E+03  2.281472E-05  1.297077E-06
   1.307500E+03  2.258520E-05  1.289550E-06
   1.312500E+03  2.409497E-05  1.306962E-06
   1.317500E+03  2.245555E-05  1.286255E-06
   1.322500E+03  2.226862E-05  1.281064E-06
   1.327500E+03  2.278991E-05  1.295985E-06
   1.332500E+03  2.236344E-05  1.282792E-06
   1.337500E+03  2.356790E-05  1.318650E-06
   1.342500E+03  2.469403E-05  1.352899E-06
   1.347500E+03  2.475613E-05  1.321231E-06
   1.352500E+03  2.514597E-05  1.315423E-06
   1.357500E+03  2.305322E-05  1.311878E-06
   1.362500E+03  2.375819E-05  1.334779E-06
   1.367500E+03  2.356912E-05  1.332221E-06
   1.372500E+03  2.276298E-05  1.308015E-06
   1.377500E+03  2.281860E-05  1.311283E-06
   1.382500E+03  2.387230E-05  1.346508E-06
   1.387500E+03  3.141528E-05  1.352471E-06
   1.392500E+03  2.227907E-05  1.324838E-06
   1.397500E+03  2.192703E-05  1.314062E-06
   1.402500E+03  2.319141E-05  1.352068E-06
   1.407500E+03  2.222218E-05  1.323254E-06
   1.412500E+03  2.272256E-05  1.338414E-06
   1.417500E+03  2.260574E-05  1.334269E-06
   1.422500E+03  2.347175E-05  1.355587E-06
   1.427500E+03  2.321673E-05  1.352363E-06
   1.432500E+03  2.367157E-05  1.366589E-06
   1.437500E+03  2.243045E-05  1.330257E-06
   1.442500E+03  2.285382E-05  1.342499E-06
   1.447500E+03  2.326714E-05  1.355080E-06
   1.452500E+03  2.313705E-05  1.350759E-06
   1.457500E+03  2.271866E-05  1.331689E-06
   1.462500E+03  2.376645E-05  1.365437E-06
   1.467500E+03  2.347228E-05  1.362382E-06
   1.472500E+03  2.328776E-05  1.357017E-06
   1.477500E+03  2.289303E-05  1.345448E-06
   1.482500E+03  2.461537E-05  1.395638E-06
   1.487500E+03  2.415171E-05  1.381884E-06
   1.492500E+03  2.349195E-05  1.362897E-06
   1.497500E+03  2.411447E-05  1.380873E-06
   1.502500E+03  2.366561E-05  1.367981E-06
   1.507500E+03  2.451939E-05  1.392899E-06
   1.512500E+03  2.414083E-05  1.381628E-06
   1.517500E+03  2.408000E-05  1.379868E-06
   1.522500E+03  2.419494E-05  1.383641E-06
   1.527500E+03  2.422819E-05  1.383908E-06
   1.532500E+03  2.460929E-05  1.394897E-06
   1.537500E+03  2.553665E-05  1.421043E-06
   1.542500E+03  2.507970E-05  1.408273E-06
   1.547500E+03  2.424488E-05  1.384639E-06
   1.552500E+03  2.443821E-05  1.390148E-06
   1.557500E+03  2.486881E-05  1.402835E-06
   1.562500E+03  2.437670E-05  1.388397E-06
   1.567500E+03  2.531696E-05  1.414918E-06
   1.572500E+03  2.481609E-05  1.400853E-06
   1.577500E+03  2.538727E-05  1.416881E-06
   1.582500E+03  2.558058E-05  1.422265E-06
   1.587500E+03  2.548392E-05  1.419575E-06
   1.592500E+03  2.546634E-05  1.419086E-06
   1.597500E+03  2.495668E-05  1.404815E-06
   1.602500E+03  2.618692E-05  1.439020E-06
   1.607500E+03  2.583542E-05  1.429330E-06
   1.612500E+03  2.645054E-05  1.446244E-06
   1.617500E+03  2.600240E-05  1.433941E-06
   1.622500E+03  2.583541E-05  1.429330E-06
   1.627500E+03  2.611661E-05  1.437087E-06
   1.632500E+03  2.675811E-05  1.455582E-06
   1.637500E+03  2.628357E-05  1.441673E-06
   1.642500E+03  2.640661E-05  1.445042E-06
   1.647500E+03  2.640661E-05  1.445042E-06
   1.652500E+03  2.650326E-05  1.448165E-06
   1.657500E+03  2.670538E-05  1.453193E-06
   1.662500E+03  2.672295E-05  1.453671E-06
   1.667500E+03  2.603753E-05  1.434910E-06
   1.672500E+03  2.637146E-05  1.444080E-06
   1.677500E+03  2.645932E-05  1.446484E-06
   1.682500E+03  2.719748E-05  1.466519E-06
   1.687500E+03  2.706565E-05  1.462962E-06
   1.692500E+03  2.777744E-05  1.482071E-06
   1.697500E+03  2.761928E-05  1.478316E-06
   1.702500E+03  2.798834E-05  1.487686E-06
   1.707500E+03  2.834865E-05  1.497230E-06
   1.712500E+03  2.800593E-05  1.488153E-06
   1.717500E+03  2.750503E-05  1.474787E-06
   1.722500E+03  2.988645E-05  1.537297E-06
   1.727500E+03  2.802349E-05  1.488620E-06
   1.732500E+03  2.849801E-05  1.501169E-06
   1.737500E+03  2.768957E-05  1.479726E-06
   1.742500E+03  2.746110E-05  1.473609E-06
   1.747500E+03  2.884951E-05  1.510397E-06
   1.752500E+03  2.914829E-05  1.518197E-06
   1.757500E+03  2.964040E-05  1.530957E-06
   1.762500E+03  2.864739E-05  1.505098E-06
   1.767500E+03  2.812893E-05  1.491418E-06
   1.772500E+03  2.812016E-05  1.491185E-06
   1.777500E+03  2.854194E-05  1.502326E-06
   1.782500E+03  2.890224E-05  1.511777E-06
   1.787500E+03  2.889344E-05  1.511547E-06
   1.792500E+03  2.942069E-05  1.525274E-06
   1.797500E+03  2.918344E-05  1.519569E-06
   1.802500E+03  2.957009E-05  1.529141E-06
   1.807500E+03  2.854194E-05  1.502326E-06
   1.812500E+03  2.933281E-05  1.523451E-06
   1.817500E+03  3.036095E-05  1.549900E-06
   1.822500E+03  3.049277E-05  1.552811E-06
   1.827500E+03  2.976340E-05  1.534131E-06
   1.832500E+03  3.028186E-05  1.547433E-06
   1.837500E+03  2.989522E-05  1.537523E-06
   1.842500E+03  3.088821E-05  1.563735E-06
   1.847500E+03  2.937677E-05  1.524135E-06
   1.852500E+03  3.030821E-05  1.548106E-06
   1.857500E+03  3.075640E-05  1.559954E-06
   1.862500E+03  2.907799E-05  1.516365E-06
   1.867500E+03  3.048399E-05  1.552588E-06
   1.872500E+03  3.007096E-05  1.542036E-06
   1.877500E+03  3.135395E-05  1.574582E-06
   1.882500E+03  3.049276E-05  1.552811E-06
   1.887500E+03  3.072123E-05  1.558617E-06
   1.892500E+03  3.073003E-05  1.558840E-06
   1.897500E+03  3.091457E-05  1.563513E-06
   1.902500E+03  3.175816E-05  1.584698E-06
   1.907500E+03  3.112547E-05  1.568836E-06
   1.912500E+03  3.143302E-05  1.576567E-06
   1.917500E+03  3.208329E-05  1.592789E-06
   1.922500E+03  3.173179E-05  1.584041E-06
   1.927500E+03  3.283902E-05  1.611436E-06
   1.932500E+03  3.204815E-05  1.591916E-06
   1.937500E+03  3.161757E-05  1.581187E-06
   1.942500E+03  3.195148E-05  1.589514E-06
   1.947500E+03  3.224148E-05  1.596709E-06
   1.952500E+03  3.167027E-05  1.582505E-06
   1.957500E+03  3.218875E-05  1.595404E-06
   1.962500E+03  3.196026E-05  1.589732E-06
   1.967500E+03  3.332233E-05  1.623249E-06
   1.972500E+03  3.168785E-05  1.582944E-06
   1.977500E+03  3.182847E-05  1.586451E-06
   1.982500E+03  3.304114E-05  1.616386E-06
   1.987500E+03  3.232057E-05  1.598666E-06
   1.992500E+03  3.214480E-05  1.594314E-06
   1.997500E+03  3.254024E-05  1.604089E-06
   2.002500E+03  3.247872E-05  1.602573E-06
   2.007500E+03  3.258417E-05  1.605172E-06
   2.012500E+03  3.414835E-05  1.643241E-06
   2.017500E+03  3.390230E-05  1.637312E-06
   2.022500E+03  3.285659E-05  1.611867E-06
   2.027500E+03  3.336625E-05  1.624318E-06
   2.032500E+03  3.323445E-05  1.621107E-06
   2.037500E+03  3.428016E-05  1.646409E-06
   2.042500E+03  3.406047E-05  1.641126E-06
   2.047500E+03  3.479863E-05  1.658811E-06
   2.052500E+03  3.411320E-05  1.642396E-06
   2.057500E+03  3.400775E-05  1.639856E-06
   2.062500E+03  3.446470E-05  1.650834E-06
   2.067500E+03  3.459651E-05  1.653987E-06
   2.072500E+03  3.392866E-05  1.637948E-06
   2.077500E+03  3.330475E-05  1.622820E-06
   2.082500E+03  3.379684E-05  1.634764E-06
   2.087500E+03  3.531708E-05  1.671120E-06
   2.092500E+03  3.489528E-05  1.661113E-06
   2.097500E+03  3.375291E-05  1.633701E-06
   2.102500E+03  3.529073E-05  1.670497E-06
   2.107500E+03  3.382320E-05  1.635401E-06
   2.112500E+03  3.534344E-05  1.671744E-06
   2.117500E+03  3.473710E-05  1.657344E-06
   2.122500E+03  3.476348E-05  1.657973E-06
   2.127500E+03  3.585311E-05  1.683752E-06
   2.132500E+03  3.535223E-05  1.671951E-06
   2.137500E+03  3.501831E-05  1.664038E-06
   2.142500E+03  3.580918E-05  1.682720E-06
   2.147500E+03  3.573888E-05  1.681068E-06
   2.152500E+03  3.612553E-05  1.690547E-06
   2.157500E+03  3.596736E-05  1.686432E-06
   2.162500E+03  3.603766E-05  1.688079E-06
   2.167500E+03  3.522921E-05  1.669040E-06
   2.172500E+03  3.647702E-05  1.698337E-06
   2.177500E+03  3.625733E-05  1.693216E-06
   2.182500E+03  3.706579E-05  1.711985E-06
   2.187500E+03  3.630128E-05  1.694241E-06
   2.192500E+03  3.655611E-05  1.700177E-06
   2.197500E+03  3.680216E-05  1.705888E-06
   2.202500E+03  3.681095E-05  1.706091E-06
   2.207500E+03  3.770729E-05  1.726734E-06
   2.212500E+03  3.684611E-05  1.706905E-06
   2.217500E+03  3.730304E-05  1.717455E-06
   2.222500E+03  3.769848E-05  1.726532E-06
   2.227500E+03  3.727668E-05  1.716848E-06
   2.232500E+03  3.718003E-05  1.714621E-06
   2.237500E+03  3.763698E-05  1.725124E-06
   2.242500E+03  3.775999E-05  1.727940E-06
   2.247500E+03  3.665277E-05  1.702422E-06
   2.252500E+03  3.698670E-05  1.710158E-06
   2.257500E+03  3.712729E-05  1.713405E-06
   2.262500E+03  3.706579E-05  1.711985E-06
   2.267500E+03  3.681973E-05  1.706295E-06
   2.272500E+03  3.850694E-05  1.744944E-06
   2.277500E+03  3.846299E-05  1.743948E-06
   2.282500E+03  3.872662E-05  1.749913E-06
   2.287500E+03  3.826968E-05  1.739561E-06
   2.292500E+03  3.755787E-05  1.723310E-06
   2.297500E+03  3.858602E-05  1.746734E-06
   2.302500E+03  3.756667E-05  1.723512E-06
   2.307500E+03  3.938567E-05  1.764738E-06
   2.312500E+03  3.851572E-05  1.745143E-06
   2.317500E+03  3.848057E-05  1.744346E-06
   2.322500E+03  4.010625E-05  1.780805E-06
   2.327500E+03  3.858602E-05  1.746734E-06
   2.332500E+03  3.877935E-05  1.751104E-06
   2.337500E+03  3.876175E-05  1.750707E-06
   2.342500E+03  3.843662E-05  1.743350E-06
   2.347500E+03  3.883206E-05  1.752294E-06
   2.352500E+03  3.957900E-05  1.769063E-06
   2.357500E+03  3.902540E-05  1.756649E-06
   2.362500E+03  4.001837E-05  1.778853E-06
   2.367500E+03  3.868267E-05  1.748920E-06
   2.372500E+03  3.964929E-05  1.770633E-06
   2.377500E+03  3.883207E-05  1.752294E-06
   2.382500E+03  4.014140E-05  1.781585E-06
   2.387500E+03  4.037866E-05  1.786841E-06
   2.392500E+03  4.087076E-05  1.797694E-06
   2.397500E+03  4.080924E-05  1.796341E-06
   2.402500E+03  4.126620E-05  1.806368E-06
   2.407500E+03  3.938568E-05  1.764738E-06
   2.412500E+03  3.986899E-05  1.775531E-06
   2.417500E+03  3.975474E-05  1.772985E-06
   2.422500E+03  4.064229E-05  1.792664E-06
   2.427500E+03  4.060713E-05  1.791888E-06
   2.432500E+03  4.035230E-05  1.786258E-06
   2.437500E+03  4.086198E-05  1.797888E-06
   2.442500E+03  4.075652E-05  1.795181E-06
   2.447500E+03  4.021170E-05  1.783144E-06
   2.452500E+03  4.126620E-05  1.806368E-06
   2.457500E+03  4.138923E-05  1.809058E-06
   2.462500E+03  4.048410E-05  1.789172E-06
   2.467500E+03  4.190768E-05  1.820351E-06
   2.472500E+03  4.197798E-05  1.821877E-06
   2.477500E+03  4.102892E-05  1.801169E-06
   2.482500E+03  4.140679E-05  1.809442E-06
   2.487500E+03  4.259310E-05  1.835174E-06
   2.492500E+03  4.188133E-05  1.819779E-06
   2.497500E+03  4.145072E-05  1.810402E-06
   2.502500E+03  4.140680E-05  1.809442E-06
   2.507500E+03  4.321701E-05  1.848564E-06
   2.512500E+03  4.183737E-05  1.818824E-06
   2.517500E+03  4.195161E-05  1.821305E-06
   2.522500E+03  4.266339E-05  1.836688E-06
   2.527500E+03  4.187253E-05  1.819588E-06
   2.532500E+03  4.209221E-05  1.824354E-06
   2.537500E+03  4.077408E-05  1.795568E-06
   2.542500E+03  4.239099E-05  1.830816E-06
   2.547500E+03  4.265461E-05  1.836499E-06
   2.552500E+03  4.272492E-05  1.838011E-06
   2.557500E+03  4.318186E-05  1.847812E-06
   2.562500E+03  4.254037E-05  1.834038E-06
   2.567500E+03  4.312914E-05  1.846684E-06
   2.572500E+03  4.306764E-05  1.845366E-06
   2.577500E+03  4.308519E-05  1.845743E-06
   2.582500E+03  4.327853E-05  1.849878E-06
   2.587500E+03  4.381456E-05  1.861297E-06
   2.592500E+03  4.370911E-05  1.859056E-06
   2.597500E+03  4.322581E-05  1.848751E-06
   2.602500E+03  4.295340E-05  1.842918E-06
   2.607500E+03  4.421001E-05  1.869675E-06
   2.612500E+03  4.371790E-05  1.859243E-06
   2.617500E+03  4.486028E-05  1.883372E-06
   2.622500E+03  4.304126E-05  1.844802E-06
   2.627500E+03  4.304126E-05  1.844802E-06
   2.632500E+03  4.405182E-05  1.866328E-06
   2.637500E+03  4.352457E-05  1.855128E-06
   2.642500E+03  4.346306E-05  1.853817E-06
   2.647500E+03  4.444726E-05  1.874685E-06
   2.652500E+03  4.460544E-05  1.878017E-06
   2.657500E+03  4.488663E-05  1.883926E-06
   2.662500E+03  4.361245E-05  1.857000E-06
   2.667500E+03  4.515026E-05  1.889449E-06
   2.672500E+03  4.412212E-05  1.867817E-06
   2.677500E+03  4.523813E-05  1.891286E-06
   2.682500E+03  4.546661E-05  1.896055E-06
   2.687500E+03  4.475482E-05  1.881158E-06
   2.692500E+03  4.435938E-05  1.872831E-06
   2.697500E+03  4.518540E-05  1.890184E-06
   2.702500E+03  4.674958E-05  1.922614E-06
   2.707500E+03  4.664414E-05  1.920445E-06
   2.712500E+03  4.565115E-05  1.899898E-06
   2.717500E+03  4.587083E-05  1.904463E-06
   2.722500E+03  4.579175E-05  1.902821E-06
   2.727500E+03  4.588840E-05  1.904827E-06
   2.732500E+03  4.681110E-05  1.923878E-06
   2.737500E+03  4.447362E-05  1.875240E-06
   2.742500E+03  4.587084E-05  1.904463E-06
   2.747500E+03  4.647717E-05  1.917005E-06
   2.752500E+03  4.543146E-05  1.895322E-06
   2.757500E+03  4.679352E-05  1.923517E-06
   2.762500E+03  4.561600E-05  1.899166E-06
   2.767500E+03  4.709229E-05  1.929647E-06
   2.772500E+03  4.598506E-05  1.906832E-06
   2.777500E+03  4.598507E-05  1.906832E-06
   2.782500E+03  4.675837E-05  1.922795E-06
   2.787500E+03  4.695169E-05  1.926765E-06
   2.792500E+03  4.727684E-05  1.933423E-06
   2.797500E+03  4.627505E-05  1.912834E-06
   2.802500E+03  4.607295E-05  1.908653E-06
   2.807500E+03  4.709229E-05  1.929647E-06
   2.812500E+03  4.708350E-05  1.929467E-06
   2.817500E+03  4.760196E-05  1.940058E-06
   2.822500E+03  4.755804E-05  1.939163E-06
   2.827500E+03  4.670564E-05  1.921710E-06
   2.832500E+03  4.702199E-05  1.928206E-06
   2.837500E+03  4.717138E-05  1.931266E-06
   2.842500E+03  4.832254E-05  1.954683E-06
   2.847500E+03  4.767227E-05  1.941490E-06
   2.852500E+03  4.650352E-05  1.917549E-06
   2.857500E+03  4.748773E-05  1.937729E-06
   2.862500E+03  4.828739E-05  1.953973E-06
   2.867500E+03  4.675837E-05  1.922795E-06
   2.872500E+03  4.828739E-05  1.953973E-06
   2.877500E+03  4.908705E-05  1.970082E-06
   2.882500E+03  4.880586E-05  1.964432E-06
   2.887500E+03  4.750530E-05  1.938088E-06
   2.892500E+03  4.814679E-05  1.951126E-06
   2.897500E+03  4.768105E-05  1.941669E-06
   2.902500E+03  4.906948E-05  1.969729E-06
   2.907500E+03  4.819951E-05  1.952194E-06
   2.912500E+03  4.754045E-05  1.938805E-06
   2.917500E+03  4.967581E-05  1.981858E-06
   2.922500E+03  4.788317E-05  1.945779E-06
   2.927500E+03  4.910462E-05  1.970434E-06
   2.932500E+03  4.842799E-05  1.956815E-06
   2.937500E+03  4.852465E-05  1.958766E-06
   2.942500E+03  4.925401E-05  1.973428E-06
   2.947500E+03  4.968461E-05  1.982034E-06
   2.952500E+03  4.915735E-05  1.971491E-06
   2.957500E+03  4.876191E-05  1.963548E-06
   2.962500E+03  4.892009E-05  1.966729E-06
   2.967500E+03  5.006246E-05  1.989554E-06
   2.972500E+03  4.964066E-05  1.981157E-06
   2.977500E+03  4.893766E-05  1.967082E-06
   2.982500E+03  4.925402E-05  1.973428E-06
   2.987500E+03  4.893766E-05  1.967082E-06
   2.992500E+03  4.885858E-05  1.965492E-06
   2.997500E+03  4.897281E-05  1.967788E-06
   3.002500E+03  4.992187E-05  1.986759E-06
   3.007500E+03  4.948248E-05  1.977999E-06
   3.012500E+03  4.960550E-05  1.980456E-06
   3.017500E+03  4.893766E-05  1.967082E-06
   3.022500E+03  5.118727E-05  2.011775E-06
   3.027500E+03  5.112575E-05  2.010566E-06
   3.032500E+03  5.004488E-05  1.989205E-06
   3.037500E+03  5.080061E-05  2.004164E-06
   3.042500E+03  5.006246E-05  1.989554E-06
   3.047500E+03  5.057213E-05  1.999654E-06
   3.052500E+03  4.952641E-05  1.978877E-06
   3.057500E+03  4.956157E-05  1.979579E-06
   3.062500E+03  5.158269E-05  2.019529E-06
   3.067500E+03  5.071273E-05  2.002431E-06
   3.072500E+03  5.168814E-05  2.021592E-06
   3.077500E+03  5.037881E-05  1.995829E-06
   3.082500E+03  5.135422E-05  2.015053E-06
   3.087500E+03  4.981641E-05  1.984660E-06
   3.092500E+03  5.006245E-05  1.989554E-06
   3.097500E+03  5.114332E-05  2.010912E-06
   3.102500E+03  5.041396E-05  1.996525E-06
   3.107500E+03  5.120483E-05  2.012120E-06
   3.112500E+03  5.175844E-05  2.022966E-06
   3.117500E+03  5.075667E-05  2.003298E-06
   3.122500E+03  5.184632E-05  2.024682E-06
   3.127500E+03  5.138058E-05  2.015570E-06
   3.132500E+03  5.194298E-05  2.026568E-06
   3.137500E+03  5.152118E-05  2.018325E-06
   3.142500E+03  5.203086E-05  2.028281E-06
   3.147500E+03  5.235599E-05  2.034607E-06
   3.152500E+03  5.105544E-05  2.009184E-06
   3.157500E+03  5.156511E-05  2.019185E-06
   3.162500E+03  5.013276E-05  1.990950E-06
   3.167500E+03  5.222418E-05  2.032044E-06
   3.172500E+03  5.098514E-05  2.007800E-06
   3.177500E+03  5.222418E-05  2.032044E-06
   3.182500E+03  5.236478E-05  2.034777E-06
   3.187500E+03  5.281294E-05  2.043464E-06
   3.192500E+03  5.196934E-05  2.027082E-06
   3.197500E+03  5.291840E-05  2.045502E-06
   3.202500E+03  5.141573E-05  2.016259E-06
   3.207500E+03  5.211873E-05  2.029992E-06
   3.212500E+03  5.141573E-05  2.016259E-06
   3.217500E+03  5.299748E-05  2.047030E-06
   3.222500E+03  5.215388E-05  2.030677E-06
   3.227500E+03  5.221540E-05  2.031873E-06
   3.232500E+03  5.275143E-05  2.042274E-06
   3.237500E+03  5.288324E-05  2.044823E-06
   3.242500E+03  5.266356E-05  2.040572E-06
   3.247500E+03  5.284809E-05  2.044143E-06
   3.252500E+03  5.304142E-05  2.047878E-06
   3.257500E+03  5.210115E-05  2.029650E-06
   3.262500E+03  5.325232E-05  2.051944E-06
   3.267500E+03  5.297990E-05  2.046690E-06
   3.272500E+03  5.386745E-05  2.063758E-06
   3.277500E+03  5.184631E-05  2.024682E-06
   3.282500E+03  5.333140E-05  2.053467E-06
   3.287500E+03  5.392017E-05  2.064768E-06
   3.292500E+03  5.354230E-05  2.057522E-06
   3.297500E+03  5.334019E-05  2.053636E-06
   3.302500E+03  5.315565E-05  2.050081E-06
   3.307500E+03  5.323474E-05  2.051606E-06
   3.312500E+03  5.359503E-05  2.058535E-06
   3.317500E+03  5.326110E-05  2.052113E-06
   3.322500E+03  5.351594E-05  2.057016E-06
   3.327500E+03  5.296233E-05  2.046351E-06
   3.332500E+03  5.268991E-05  2.041083E-06
   3.337500E+03  5.372684E-05  2.061064E-06
   3.342500E+03  5.363896E-05  2.059378E-06
   3.347500E+03  5.312050E-05  2.049404E-06
   3.352500E+03  5.439469E-05  2.073831E-06
   3.357500E+03  5.287445E-05  2.044653E-06
   3.362500E+03  5.390259E-05  2.064431E-06
   3.367500E+03  5.365654E-05  2.059715E-06
   3.372500E+03  5.384987E-05  2.063421E-06
   3.377500E+03  5.343685E-05  2.055495E-06
   3.382500E+03  5.455286E-05  2.076843E-06
   3.387500E+03  5.382351E-05  2.062916E-06
   3.392500E+03  5.320838E-05  2.051098E-06
   3.397500E+03  5.489558E-05  2.083355E-06
   3.402500E+03  5.342806E-05  2.055326E-06
   3.407500E+03  5.298869E-05  2.046860E-06
   3.412500E+03  5.318201E-05  2.050590E-06
   3.417500E+03  5.325231E-05  2.051944E-06
   3.422500E+03  5.414863E-05  2.069136E-06
   3.427500E+03  5.319959E-05  2.050928E-06
   3.432500E+03  5.349836E-05  2.056678E-06
   3.437500E+03  5.492194E-05  2.083855E-06
   3.442500E+03  5.456165E-05  2.077010E-06
   3.447500E+03  5.391138E-05  2.064599E-06
   3.452500E+03  5.467589E-05  2.079183E-06
   3.457500E+03  5.298869E-05  2.046860E-06
   3.462500E+03  5.392895E-05  2.064936E-06
   3.467500E+03  5.295354E-05  2.046181E-06
   3.472500E+03  5.599401E-05  2.104089E-06
   3.477500E+03  5.377956E-05  2.062075E-06
   3.482500E+03  5.583584E-05  2.101116E-06
   3.487500E+03  5.367411E-05  2.060052E-06
   3.492500E+03  5.389380E-05  2.064263E-06
   3.497500E+03  5.452650E-05  2.076341E-06
   3.502500E+03  5.573918E-05  2.099297E-06
   3.507500E+03  5.401682E-05  2.066617E-06
   3.512500E+03  5.602916E-05  2.104749E-06
   3.517500E+03  5.471104E-05  2.079851E-06
   3.522500E+03  5.464953E-05  2.078682E-06
   3.527500E+03  5.554585E-05  2.095654E-06
   3.532500E+03  5.591493E-05  2.102603E-06
   3.537500E+03  5.536131E-05  2.092171E-06
   3.542500E+03  5.457044E-05  2.077177E-06
   3.547500E+03  5.496588E-05  2.084688E-06
   3.552500E+03  5.595008E-05  2.103264E-06
   3.557500E+03  5.339291E-05  2.054650E-06
   3.562500E+03  5.350715E-05  2.056847E-06
   3.567500E+03  5.615219E-05  2.107058E-06
   3.572500E+03  5.510648E-05  2.087352E-06
   3.577500E+03  5.541404E-05  2.093167E-06
   3.582500E+03  5.498345E-05  2.085021E-06
   3.587500E+03  5.697821E-05  2.122495E-06
   3.592500E+03  5.490436E-05  2.083521E-06
   3.597500E+03  5.516799E-05  2.088516E-06
   3.602500E+03  5.502739E-05  2.085854E-06
   3.607500E+03  5.334897E-05  2.053805E-06
   3.612500E+03  5.533495E-05  2.091673E-06
   3.617500E+03  5.475497E-05  2.080686E-06
   3.622500E+03  5.526465E-05  2.090344E-06
   3.627500E+03  5.565130E-05  2.097642E-06
   3.632500E+03  5.428923E-05  2.071820E-06
   3.637500E+03  5.443863E-05  2.074668E-06
   3.642500E+03  5.618734E-05  2.107717E-06
   3.647500E+03  5.535253E-05  2.092005E-06
   3.652500E+03  5.449135E-05  2.075672E-06
   3.657500E+03  5.573917E-05  2.099297E-06
   3.662500E+03  5.471104E-05  2.079851E-06
   3.667500E+03  5.620491E-05  2.108047E-06
   3.672500E+03  5.444741E-05  2.074835E-06
   3.677500E+03  5.374441E-05  2.061401E-06
   3.682500E+03  5.515041E-05  2.088183E-06
   3.687500E+03  5.537888E-05  2.092503E-06
   3.692500E+03  5.544919E-05  2.093830E-06
   3.697500E+03  5.562494E-05  2.097145E-06
   3.702500E+03  5.562494E-05  2.097145E-06
   3.707500E+03  5.534374E-05  2.091839E-06
   3.712500E+03  5.680246E-05  2.119220E-06
   3.717500E+03  5.514162E-05  2.088017E-06
   3.722500E+03  5.525586E-05  2.090178E-06
   3.727500E+03  5.609946E-05  2.106069E-06
   3.732500E+03  5.481649E-05  2.081854E-06
   3.737500E+03  5.597644E-05  2.103759E-06
   3.742500E+03  5.523829E-05  2.089846E-06
   3.747500E+03  5.587099E-05  2.101777E-06
   3.752500E+03  5.650369E-05  2.113641E-06
   3.757500E+03  5.578311E-05  2.100124E-06
   3.762500E+03  5.481649E-05  2.081854E-06
   3.767500E+03  5.465831E-05  2.078849E-06
   3.772500E+03  5.510647E-05  2.087352E-06
   3.777500E+03  5.374441E-05  2.061401E-06
   3.782500E+03  5.510647E-05  2.087352E-06
   3.787500E+03  5.540525E-05  2.093001E-06
   3.792500E+03  5.707487E-05  2.124294E-06
   3.797500E+03  5.515041E-05  2.088183E-06
   3.802500E+03  5.544919E-05  2.093830E-06
   3.807500E+03  5.624885E-05  2.108870E-06
   3.812500E+03  5.572160E-05  2.098966E-06
   3.817500E+03  5.523829E-05  2.089846E-06
   3.822500E+03  5.457922E-05  2.077345E-06
   3.827500E+03  5.492194E-05  2.083855E-06
   3.832500E+03  5.514162E-05  2.088017E-06
   3.837500E+03  5.596765E-05  2.103594E-06
   3.842500E+03  5.573917E-05  2.099297E-06
   3.847500E+03  5.547555E-05  2.094328E-06
   3.852500E+03  5.513283E-05  2.087851E-06
   3.857500E+03  5.489557E-05  2.083355E-06
   3.862500E+03  5.611704E-05  2.106399E-06
   3.867500E+03  5.573039E-05  2.099131E-06
   3.872500E+03  5.584462E-05  2.101281E-06
   3.877500E+03  5.551949E-05  2.095157E-06
   3.882500E+03  5.591492E-05  2.102603E-06
   3.887500E+03  5.537010E-05  2.092337E-06
   3.892500E+03  5.413106E-05  2.068801E-06
   3.897500E+03  5.419258E-05  2.069975E-06
   3.902500E+03  5.550191E-05  2.094825E-06
   3.907500E+03  5.371805E-05  2.060895E-06
   3.912500E+03  5.406076E-05  2.067457E-06
   3.917500E+03  5.579190E-05  2.100289E-06
   3.922500E+03  5.326988E-05  2.052283E-06
   3.927500E+03  5.551949E-05  2.095157E-06
   3.932500E+03  5.440347E-05  2.073998E-06
   3.937500E+03  5.462316E-05  2.078180E-06
   3.942500E+03  5.448256E-05  2.075505E-06
   3.947500E+03  5.421893E-05  2.070479E-06
   3.952500E+03  5.537010E-05  2.092337E-06
   3.957500E+03  5.511526E-05  2.087518E-06
   3.962500E+03  5.456165E-05  2.077010E-06
   3.967500E+03  5.483406E-05  2.082187E-06
   3.972500E+03  5.528222E-05  2.090677E-06
   3.977500E+03  5.529101E-05  2.090843E-06
   3.982500E+03  5.384107E-05  2.063253E-06
   3.987500E+03  5.673216E-05  2.117909E-06
   3.992500E+03  5.457922E-05  2.077345E-06
   3.997500E+03  5.600280E-05  2.104254E-06
   4.002500E+03  5.520313E-05  2.089181E-06
   4.007500E+03  5.479012E-05  2.081353E-06
   4.012500E+03  5.459679E-05  2.077679E-06
   4.017500E+03  5.339291E-05  2.054650E-06
   4.022500E+03  5.510647E-05  2.087352E-06
   4.027500E+03  5.558100E-05  2.096317E-06
   4.032500E+03  5.370926E-05  2.060727E-06
   4.037500E+03  5.392895E-05  2.064936E-06
   4.042500E+03  5.352472E-05  2.057184E-06
   4.047500E+03  5.345442E-05  2.055833E-06
   4.052500E+03  5.462316E-05  2.078180E-06
   4.057500E+03  5.544918E-05  2.093830E-06
   4.062500E+03  5.344563E-05  2.055664E-06
   4.067500E+03  5.384986E-05  2.063421E-06
   4.072500E+03  5.466710E-05  2.079016E-06
   4.077500E+03  5.536131E-05  2.092171E-06
   4.082500E+03  5.456165E-05  2.077010E-06
   4.087500E+03  5.460558E-05  2.077846E-06
   4.092500E+03  5.361260E-05  2.058872E-06
   4.097500E+03  5.301504E-05  2.047369E-06
   4.102500E+03  5.354229E-05  2.057522E-06
   4.107500E+03  5.223296E-05  2.032215E-06
   4.112500E+03  5.366532E-05  2.059884E-06
   4.117500E+03  5.384986E-05  2.063421E-06
   4.122500E+03  5.338412E-05  2.054481E-06
   4.127500E+03  5.344563E-05  2.055664E-06
   4.132500E+03  5.357745E-05  2.058197E-06
   4.137500E+03  5.312049E-05  2.049404E-06
   4.142500E+03  5.259324E-05  2.039210E-06
   4.147500E+03  5.529101E-05  2.090843E-06
   4.152500E+03  5.455286E-05  2.076843E-06
   4.157500E+03  5.229447E-05  2.033411E-06
   4.162500E+03  5.284808E-05  2.044143E-06
   4.167500E+03  5.277778E-05  2.042784E-06
   4.172500E+03  5.328746E-05  2.052621E-06
   4.177500E+03  5.182873E-05  2.024339E-06
   4.182500E+03  5.190782E-05  2.025882E-06
   4.187500E+03  5.421893E-05  2.070479E-06
   4.192500E+03  5.230326E-05  2.033582E-06
   4.197500E+03  5.261961E-05  2.039721E-06
   4.202500E+03  5.323473E-05  2.051606E-06
   4.207500E+03  5.261961E-05  2.039721E-06
   4.212500E+03  5.270748E-05  2.041423E-06
   4.217500E+03  5.303262E-05  2.047708E-06
   4.222500E+03  5.142451E-05  2.016431E-06
   4.227500E+03  5.268112E-05  2.040913E-06
   4.232500E+03  5.191661E-05  2.026053E-06
   4.237500E+03  5.207478E-05  2.029137E-06
   4.242500E+03  5.234719E-05  2.034436E-06
   4.247500E+03  5.091483E-05  2.006416E-06
   4.252500E+03  5.117845E-05  2.011602E-06
   4.257500E+03  5.298868E-05  2.046860E-06
   4.262500E+03  5.156511E-05  2.019185E-06
   4.267500E+03  5.046667E-05  1.997568E-06
   4.272500E+03  5.212750E-05  2.030163E-06
   4.277500E+03  5.239992E-05  2.035460E-06
   4.282500E+03  5.138935E-05  2.015742E-06
   4.287500E+03  5.101149E-05  2.008319E-06
   4.292500E+03  5.167934E-05  2.021420E-06
   4.297500E+03  5.099392E-05  2.007973E-06
   4.302500E+03  5.195175E-05  2.026739E-06
   4.307500E+03  5.148602E-05  2.017636E-06
   4.312500E+03  5.087089E-05  2.005550E-06
   4.317500E+03  5.057212E-05  1.999654E-06
   4.322500E+03  5.069514E-05  2.002084E-06
   4.327500E+03  5.107300E-05  2.009529E-06
   4.332500E+03  5.094119E-05  2.006935E-06
   4.337500E+03  5.058090E-05  1.999827E-06
   4.342500E+03  5.126633E-05  2.013328E-06
   4.347500E+03  5.014153E-05  1.991125E-06
   4.352500E+03  5.027334E-05  1.993740E-06
   4.357500E+03  5.021183E-05  1.992520E-06
   4.362500E+03  5.142451E-05  2.016431E-06
   4.367500E+03  5.026455E-05  1.993565E-06
   4.372500E+03  5.047545E-05  1.997742E-06
   4.377500E+03  5.044909E-05  1.997221E-06
   4.382500E+03  4.899915E-05  1.968318E-06
   4.387500E+03  4.931550E-05  1.974660E-06
   4.392500E+03  4.945610E-05  1.977472E-06
   4.397500E+03  5.038758E-05  1.996003E-06
   4.402500E+03  5.087968E-05  2.005724E-06
   4.407500E+03  4.910460E-05  1.970434E-06
   4.412500E+03  4.993063E-05  1.986934E-06
   4.417500E+03  4.821706E-05  1.952550E-06
   4.422500E+03  5.012395E-05  1.990776E-06
   4.427500E+03  4.982518E-05  1.984835E-06
   4.432500E+03  4.932429E-05  1.974836E-06
   4.437500E+03  4.870916E-05  1.962486E-06
   4.442500E+03  4.986911E-05  1.985710E-06
   4.447500E+03  4.798859E-05  1.947920E-06
   4.452500E+03  4.874431E-05  1.963194E-06
   4.457500E+03  4.894643E-05  1.967259E-06
   4.462500E+03  4.922763E-05  1.972900E-06
   4.467500E+03  4.893764E-05  1.967082E-06
   4.472500E+03  4.801495E-05  1.948454E-06
   4.477500E+03  4.812919E-05  1.950770E-06
   4.482500E+03  4.770739E-05  1.942205E-06
   4.487500E+03  4.869159E-05  1.962132E-06
   4.492500E+03  4.741740E-05  1.936295E-06
   4.497500E+03  4.821706E-05  1.952550E-06
   4.502500E+03  4.713620E-05  1.930546E-06
   4.507500E+03  4.879704E-05  1.964255E-06
   4.512500E+03  4.811161E-05  1.950414E-06
   4.517500E+03  4.737346E-05  1.935398E-06
   4.522500E+03  4.800616E-05  1.948276E-06
   4.527500E+03  4.690772E-05  1.925863E-06
   4.532500E+03  4.678470E-05  1.923336E-06
   4.537500E+03  4.760194E-05  1.940058E-06
   4.542500E+03  4.725922E-05  1.933064E-06
   4.547500E+03  4.641562E-05  1.915737E-06
   4.552500E+03  4.728559E-05  1.933602E-06
   4.557500E+03  4.699560E-05  1.927666E-06
   4.562500E+03  4.568626E-05  1.900629E-06
   4.567500E+03  4.679349E-05  1.923517E-06
   4.572500E+03  4.699560E-05  1.927666E-06
   4.577500E+03  4.646835E-05  1.916824E-06
   4.582500E+03  4.608170E-05  1.908835E-06
   4.587500E+03  4.767224E-05  1.941490E-06
   4.592500E+03  4.721529E-05  1.932165E-06
   4.597500E+03  4.725922E-05  1.933064E-06
   4.602500E+03  4.650350E-05  1.917549E-06
   4.607500E+03  4.767224E-05  1.941490E-06
   4.612500E+03  4.519416E-05  1.890367E-06
   4.617500E+03  4.492175E-05  1.884663E-06
   4.622500E+03  4.520295E-05  1.890551E-06
   4.627500E+03  4.594110E-05  1.905921E-06
   4.632500E+03  4.471085E-05  1.880235E-06
   4.637500E+03  4.564232E-05  1.899715E-06
   4.642500E+03  4.565990E-05  1.900081E-06
   4.647500E+03  4.533476E-05  1.893305E-06
   4.652500E+03  4.563354E-05  1.899532E-06
   4.657500E+03  4.583565E-05  1.903733E-06
   4.662500E+03  4.435056E-05  1.872645E-06
   4.667500E+03  4.371786E-05  1.859243E-06
   4.672500E+03  4.404300E-05  1.866142E-06
   4.677500E+03  4.406057E-05  1.866514E-06
   4.682500E+03  4.382331E-05  1.861483E-06
   4.687500E+03  4.341908E-05  1.852880E-06
   4.692500E+03  4.401663E-05  1.865584E-06
   4.697500E+03  4.464933E-05  1.878941E-06
   4.702500E+03  4.340151E-05  1.852505E-06
   4.707500E+03  4.188127E-05  1.819779E-06
   4.712500E+03  4.287426E-05  1.841221E-06
   4.717500E+03  4.340151E-05  1.852505E-06
   4.722500E+03  4.421875E-05  1.869861E-06
   4.727500E+03  4.274244E-05  1.838389E-06
   4.732500E+03  4.290941E-05  1.841975E-06
   4.737500E+03  4.256669E-05  1.834606E-06
   4.742500E+03  4.288304E-05  1.841410E-06
   4.747500E+03  4.122220E-05  1.805406E-06
   4.752500E+03  4.227671E-05  1.828348E-06
   4.757500E+03  4.225913E-05  1.827968E-06
   4.762500E+03  4.145068E-05  1.810402E-06
   4.767500E+03  4.118706E-05  1.804637E-06
   4.772500E+03  4.080040E-05  1.796148E-06
   4.777500E+03  4.129251E-05  1.806945E-06
   4.782500E+03  3.987772E-05  1.775726E-06
   4.787500E+03  4.022043E-05  1.783339E-06
   4.792500E+03  4.117827E-05  1.804444E-06
   4.797500E+03  3.943834E-05  1.765918E-06
   4.802500E+03  4.048405E-05  1.789172E-06
   4.807500E+03  4.016770E-05  1.782170E-06
   4.812500E+03  4.048405E-05  1.789172E-06
   4.817500E+03  3.957015E-05  1.768866E-06
   4.822500E+03  3.914835E-05  1.759415E-06
   4.827500E+03  3.923623E-05  1.761389E-06
   4.832500E+03  3.968439E-05  1.771417E-06
   4.837500E+03  3.977227E-05  1.773377E-06
   4.842500E+03  3.924502E-05  1.761586E-06
   4.847500E+03  3.913957E-05  1.759218E-06
   4.852500E+03  3.996559E-05  1.777681E-06
   4.857500E+03  3.924502E-05  1.761586E-06
   4.862500E+03  3.853323E-05  1.745541E-06
   4.867500E+03  3.943834E-05  1.765918E-06
   4.872500E+03  4.085313E-05  1.797308E-06
   4.877500E+03  3.942077E-05  1.765525E-06
   4.882500E+03  3.885837E-05  1.752888E-06
   4.887500E+03  4.022043E-05  1.783339E-06
   4.892500E+03  4.067738E-05  1.793438E-06
   4.897500E+03  4.014134E-05  1.781585E-06
   4.902500E+03  4.213611E-05  1.825306E-06
   4.907500E+03  4.243488E-05  1.831764E-06
   4.912500E+03  4.453510E-05  1.876536E-06
   4.917500E+03  4.449995E-05  1.875796E-06
   4.922500E+03  4.486023E-05  1.883372E-06
   4.927500E+03  4.579171E-05  1.902821E-06
   4.932500E+03  4.692530E-05  1.926224E-06
   4.937500E+03  4.993063E-05  1.986934E-06
   4.942500E+03  5.130148E-05  2.014018E-06
   4.947500E+03  5.455286E-05  2.076843E-06
   4.952500E+03  5.466709E-05  2.079016E-06
   4.957500E+03  5.961446E-05  2.171027E-06
   4.962500E+03  6.276039E-05  2.227557E-06
   4.967500E+03  6.987827E-05  2.350441E-06
   4.972500E+03  7.309450E-05  2.403904E-06
   4.977500E+03  6.741777E-05  2.308703E-06
   4.982500E+03  6.043170E-05  2.185853E-06
   4.987500E+03  5.365653E-05  2.059715E-06
   4.992500E+03  4.851584E-05  1.958589E-06
   4.997500E+03  3.671246E-04  5.383465E-06
