 #  Results from PENEPMA.
 #  Energy distribution of upbound photons.
 #  1st column: E (eV).
 #  2nd and 3rd columns: probability density and STU (1/(eV*particle)).

   2.500000E+00  1.000000E-35  1.000000E-35
   7.500001E+00  1.000000E-35  1.000000E-35
   1.250000E+01  1.000000E-35  1.000000E-35
   1.750000E+01  1.000000E-35  1.000000E-35
   2.250000E+01  1.000000E-35  1.000000E-35
   2.750000E+01  1.000000E-35  1.000000E-35
   3.250000E+01  1.000000E-35  1.000000E-35
   3.750000E+01  1.000000E-35  1.000000E-35
   4.250000E+01  1.000000E-35  1.000000E-35
   4.750000E+01  2.792875E-12  3.747035E-12
   5.250001E+01  2.101431E-06  3.826864E-08
   5.750001E+01  1.902525E-06  3.355041E-08
   6.250001E+01  1.736180E-06  2.924715E-08
   6.750001E+01  1.521056E-06  1.237374E-08
   7.250001E+01  1.354673E-05  2.744773E-07
   7.750001E+01  6.897180E-07  5.780399E-09
   8.250001E+01  1.306535E-07  8.133312E-10
   8.750001E+01  9.803521E-08  2.184407E-09
   9.250001E+01  8.757533E-08  2.172236E-09
   9.750001E+01  8.093193E-08  6.393887E-10
   1.025000E+02  7.717437E-08  2.990218E-09
   1.075000E+02  7.367211E-08  2.987245E-09
   1.125000E+02  1.061374E-07  1.492922E-08
   1.175000E+02  6.950487E-08  2.150943E-09
   1.225000E+02  8.551314E-08  1.225111E-08
   1.275000E+02  6.061265E-08  5.532219E-10
   1.325000E+02  6.246347E-08  2.142638E-09
   1.375000E+02  6.271624E-08  5.624426E-10
   1.425000E+02  6.443189E-08  2.144958E-09
   1.475000E+02  6.473438E-08  5.713212E-10
   1.525000E+02  6.649444E-08  5.791475E-10
   1.575000E+02  6.854747E-08  2.149786E-09
   1.625000E+02  6.909740E-08  5.902232E-10
   1.675000E+02  7.164477E-08  2.153419E-09
   1.725000E+02  7.313058E-08  2.155069E-09
   1.775000E+02  7.436756E-08  6.124154E-10
   1.825000E+02  7.612260E-08  6.195153E-10
   1.875000E+02  7.760171E-08  6.253440E-10
   1.925000E+02  7.986338E-08  6.345464E-10
   1.975000E+02  8.195160E-08  2.165379E-09
   2.025000E+02  8.316903E-08  6.475217E-10
   2.075000E+02  8.598563E-08  2.170038E-09
   2.125000E+02  8.978697E-08  4.189925E-09
   2.175000E+02  8.886314E-08  6.692397E-10
   2.225000E+02  9.097705E-08  2.175836E-09
   2.275000E+02  9.226877E-08  6.819421E-10
   2.325000E+02  9.473179E-08  2.180136E-09
   2.375000E+02  9.727637E-08  3.006880E-09
   2.425000E+02  9.794919E-08  2.183863E-09
   2.475000E+02  9.982041E-08  2.185923E-09
   2.525000E+02  1.026585E-07  3.653027E-09
   2.575000E+02  1.048545E-07  4.198965E-09
   2.625000E+02  1.039801E-07  2.190732E-09
   2.675000E+02  1.052347E-07  2.192214E-09
   2.725000E+02  1.067423E-07  2.193981E-09
   2.775000E+02  1.071157E-07  7.344117E-10
   2.825000E+02  1.093000E-07  2.196880E-09
   2.875000E+02  1.098008E-07  7.433408E-10
   2.925000E+02  1.113008E-07  2.199156E-09
   2.975000E+02  1.126760E-07  2.200740E-09
   3.025000E+02  1.126579E-07  7.530603E-10
   3.075000E+02  1.152038E-07  3.021811E-09
   3.125000E+02  1.142370E-07  7.584674E-10
   3.175000E+02  1.168606E-07  3.023265E-09
   3.225000E+02  1.170139E-07  2.205614E-09
   3.275000E+02  1.168193E-07  7.668969E-10
   3.325000E+02  1.187932E-07  3.024814E-09
   3.375000E+02  1.183883E-07  7.717605E-10
   3.425000E+02  1.189647E-07  7.738476E-10
   3.475000E+02  1.204955E-07  2.209631E-09
   3.525000E+02  1.199059E-07  7.770547E-10
   3.575000E+02  1.216643E-07  3.027206E-09
   3.625000E+02  1.215590E-07  2.210866E-09
   3.675000E+02  1.234925E-07  4.210008E-09
   3.725000E+02  1.220104E-07  2.211234E-09
   3.775000E+02  1.228750E-07  2.212236E-09
   3.825000E+02  1.220559E-07  7.838329E-10
   3.875000E+02  1.216359E-07  7.822881E-10
   3.925000E+02  1.237539E-07  3.028975E-09
   3.975000E+02  1.226547E-07  7.855102E-10
   4.025000E+02  1.240779E-07  3.029186E-09
   4.075000E+02  1.234995E-07  2.212965E-09
   4.125000E+02  1.241528E-07  3.029227E-09
   4.175000E+02  1.234839E-07  2.212966E-09
   4.225000E+02  1.234800E-07  2.212965E-09
   4.275000E+02  1.230083E-07  7.869045E-10
   4.325000E+02  1.235314E-07  2.213056E-09
   4.375000E+02  1.228820E-07  7.861983E-10
   4.425000E+02  1.240422E-07  3.029111E-09
   4.475000E+02  1.239265E-07  3.029026E-09
   4.525000E+02  1.236545E-07  3.028809E-09
   4.575000E+02  1.227594E-07  2.212116E-09
   4.625000E+02  1.225058E-07  2.211849E-09
   4.675000E+02  1.222802E-07  2.211555E-09
   4.725000E+02  1.215794E-07  7.821965E-10
   4.775000E+02  1.211627E-07  7.808207E-10
   4.825000E+02  1.211024E-07  7.805151E-10
   4.875000E+02  1.217629E-07  2.210984E-09
   4.925000E+02  1.202863E-07  7.779001E-10
   4.975000E+02  1.210295E-07  2.210167E-09
   5.025001E+02  1.194356E-07  7.752636E-10
   5.075001E+02  1.196928E-07  2.208553E-09
   5.125001E+02  1.195219E-07  2.208379E-09
   5.175001E+02  1.186022E-07  7.725967E-10
   5.225001E+02  1.184335E-07  7.717851E-10
   5.275001E+02  1.183123E-07  7.714595E-10
   5.325001E+02  1.182403E-07  7.713892E-10
   5.375001E+02  1.182478E-07  2.207057E-09
   5.425001E+02  1.178311E-07  2.206534E-09
   5.475001E+02  1.171887E-07  2.205670E-09
   5.525001E+02  1.165609E-07  2.204913E-09
   5.575001E+02  1.158923E-07  2.204304E-09
   5.625001E+02  1.174451E-07  3.663087E-09
   5.675001E+02  1.146179E-07  7.593142E-10
   5.725001E+02  1.140951E-07  7.575942E-10
   5.775001E+02  1.135209E-07  7.557840E-10
   5.825001E+02  1.132276E-07  7.547325E-10
   5.875001E+02  1.131603E-07  2.201126E-09
   5.925001E+02  1.126160E-07  7.528968E-10
   5.975001E+02  1.125037E-07  7.524016E-10
   6.025001E+02  1.112190E-07  7.478655E-10
   6.075001E+02  1.119365E-07  2.199673E-09
   6.125001E+02  1.109076E-07  2.198564E-09
   6.175001E+02  1.111045E-07  3.018393E-09
   6.225001E+02  1.097340E-07  2.197299E-09
   6.275001E+02  1.105252E-07  3.017852E-09
   6.325001E+02  1.083770E-07  7.382362E-10
   6.375001E+02  1.085317E-07  7.389553E-10
   6.425001E+02  1.074922E-07  7.354063E-10
   6.475001E+02  1.084049E-07  3.016109E-09
   6.525001E+02  1.066309E-07  7.323529E-10
   6.575001E+02  1.064951E-07  7.319829E-10
   6.625001E+02  1.055176E-07  7.286169E-10
   6.675001E+02  1.064951E-07  3.014527E-09
   6.725001E+02  1.054737E-07  2.192407E-09
   6.775001E+02  1.055718E-07  3.013751E-09
   6.825001E+02  1.038550E-07  2.190495E-09
   6.875001E+02  1.029934E-07  7.196380E-10
   6.925001E+02  1.039943E-07  3.012405E-09
   6.975001E+02  1.021394E-07  7.167714E-10
   7.025001E+02  1.017355E-07  7.155767E-10
   7.075001E+02  1.008127E-07  7.124784E-10
   7.125001E+02  1.004458E-07  7.108673E-10
   7.175001E+02  1.009286E-07  2.187064E-09
   7.225001E+02  9.962911E-08  7.079362E-10
   7.275001E+02  9.903870E-08  7.058100E-10
   7.325001E+02  9.825334E-08  7.031789E-10
   7.375001E+02  9.784894E-08  7.016741E-10
   7.425001E+02  9.758305E-08  7.006756E-10
   7.475001E+02  9.677982E-08  6.976674E-10
   7.525001E+02  9.699905E-08  2.182471E-09
   7.575001E+02  9.661140E-08  2.182153E-09
   7.625001E+02  9.585482E-08  6.947050E-10
   7.675001E+02  9.575399E-08  2.181129E-09
   7.725001E+02  9.445001E-08  6.895334E-10
   7.775001E+02  9.402381E-08  6.877847E-10
   7.825001E+02  9.360097E-08  6.862114E-10
   7.875001E+02  9.317143E-08  6.845240E-10
   7.925001E+02  9.289270E-08  6.836790E-10
   7.975001E+02  9.220118E-08  6.810495E-10
   8.025001E+02  9.246957E-08  2.177279E-09
   8.075001E+02  9.229920E-08  2.177156E-09
   8.125001E+02  9.138455E-08  6.781760E-10
   8.175001E+02  9.062489E-08  6.752453E-10
   8.225001E+02  8.985070E-08  6.723858E-10
   8.275001E+02  8.936139E-08  6.704879E-10
   8.325001E+02  8.952867E-08  2.173952E-09
   8.375001E+02  8.849392E-08  6.674966E-10
   8.425001E+02  8.764600E-08  6.640656E-10
   8.475001E+02  8.756166E-08  6.638014E-10
   8.525001E+02  8.711648E-08  6.619374E-10
   8.575001E+02  8.733123E-08  2.171416E-09
   8.625001E+02  8.680115E-08  2.170777E-09
   8.675001E+02  8.616020E-08  6.583416E-10
   8.725001E+02  8.516928E-08  6.545857E-10
   8.775001E+02  8.476711E-08  6.529871E-10
   8.825001E+02  8.495394E-08  2.168703E-09
   8.875001E+02  8.517149E-08  2.996635E-09
   8.925001E+02  8.318802E-08  6.471087E-10
   8.975001E+02  8.370608E-08  2.167243E-09
   9.025001E+02  8.272217E-08  6.450417E-10
   9.075001E+02  8.248533E-08  6.441389E-10
   9.125001E+02  8.182063E-08  6.417442E-10
   9.175001E+02  8.255401E-08  2.994465E-09
   9.225001E+02  8.151591E-08  2.164641E-09
   9.275001E+02  8.063310E-08  6.367874E-10
   9.325001E+02  8.024656E-08  6.353897E-10
   9.375001E+02  7.991168E-08  2.162804E-09
   9.425001E+02  7.957124E-08  6.327374E-10
   9.475001E+02  7.947320E-08  2.162315E-09
   9.525001E+02  7.864624E-08  6.288971E-10
   9.575001E+02  7.774024E-08  6.252519E-10
   9.625001E+02  7.774191E-08  6.252810E-10
   9.675001E+02  7.738833E-08  6.238979E-10
   9.725001E+02  7.721629E-08  6.232489E-10
   9.775001E+02  7.721767E-08  2.159692E-09
   9.825001E+02  7.623823E-08  6.192626E-10
   9.875001E+02  7.645187E-08  2.158786E-09
   9.925001E+02  7.575953E-08  6.175126E-10
   9.975001E+02  7.503562E-08  6.145026E-10
   1.002500E+03  7.464182E-08  6.129408E-10
   1.007500E+03  7.450609E-08  6.122437E-10
   1.012500E+03  7.456835E-08  2.156571E-09
   1.017500E+03  7.372241E-08  6.089540E-10
   1.022500E+03  7.299514E-08  6.061463E-10
   1.027500E+03  7.349198E-08  2.155351E-09
   1.032500E+03  7.219359E-08  6.026743E-10
   1.037500E+03  7.230139E-08  6.030162E-10
   1.042500E+03  7.188552E-08  2.153436E-09
   1.047500E+03  7.125630E-08  5.985810E-10
   1.052500E+03  7.093009E-08  5.974130E-10
   1.057500E+03  7.050836E-08  5.956039E-10
   1.062500E+03  7.056199E-08  5.957900E-10
   1.067500E+03  6.982914E-08  5.926865E-10
   1.072500E+03  6.933927E-08  5.904665E-10
   1.077500E+03  6.927280E-08  5.902912E-10
   1.082500E+03  6.882314E-08  5.882654E-10
   1.087500E+03  6.883011E-08  2.149860E-09
   1.092500E+03  6.814727E-08  5.856557E-10
   1.097500E+03  6.771884E-08  5.836558E-10
   1.102500E+03  6.769873E-08  5.836279E-10
   1.107500E+03  6.762694E-08  2.148477E-09
   1.112500E+03  6.843435E-08  2.982556E-09
   1.117500E+03  6.694548E-08  2.147695E-09
   1.122500E+03  6.589789E-08  5.757218E-10
   1.127500E+03  6.560463E-08  5.744485E-10
   1.132500E+03  6.544656E-08  5.737195E-10
   1.137500E+03  6.511141E-08  5.722447E-10
   1.142500E+03  6.560546E-08  2.146111E-09
   1.147500E+03  6.425288E-08  5.685788E-10
   1.152500E+03  6.455701E-08  2.144852E-09
   1.157500E+03  6.381161E-08  5.666096E-10
   1.162500E+03  6.369710E-08  5.660123E-10
   1.167500E+03  6.382472E-08  2.144067E-09
   1.172500E+03  6.282572E-08  5.622979E-10
   1.177500E+03  6.280450E-08  5.621141E-10
   1.182500E+03  6.216549E-08  5.590265E-10
   1.187500E+03  6.206048E-08  5.585637E-10
   1.192500E+03  6.141867E-08  5.557518E-10
   1.197500E+03  6.152704E-08  5.563379E-10
   1.202500E+03  6.088579E-08  5.534257E-10
   1.207500E+03  6.154071E-08  2.141310E-09
   1.212500E+03  6.085619E-08  5.531808E-10
   1.217500E+03  6.039090E-08  5.511949E-10
   1.222500E+03  5.986639E-08  5.486926E-10
   1.227500E+03  5.988427E-08  5.489425E-10
   1.232500E+03  5.921510E-08  5.457186E-10
   1.237500E+03  5.861798E-08  5.431731E-10
   1.242500E+03  5.883303E-08  5.438278E-10
   1.247500E+03  5.821748E-08  5.411625E-10
   1.252500E+03  5.832193E-08  5.415911E-10
   1.257500E+03  5.759132E-08  5.381946E-10
   1.262500E+03  5.750250E-08  5.379452E-10
   1.267500E+03  5.722713E-08  5.365639E-10
   1.272500E+03  5.735951E-08  5.371416E-10
   1.277500E+03  5.671994E-08  5.342619E-10
   1.282500E+03  5.635352E-08  5.323818E-10
   1.287500E+03  5.642278E-08  5.326215E-10
   1.292500E+03  5.614517E-08  5.315169E-10
   1.297500E+03  5.556313E-08  5.288824E-10
   1.302500E+03  5.538160E-08  5.278243E-10
   1.307500E+03  5.505148E-08  5.262316E-10
   1.312500E+03  5.467053E-08  5.243764E-10
   1.317500E+03  5.472695E-08  5.246551E-10
   1.322500E+03  5.455770E-08  5.238131E-10
   1.327500E+03  5.486015E-08  2.133456E-09
   1.332500E+03  5.364275E-08  5.193823E-10
   1.337500E+03  5.371313E-08  5.198225E-10
   1.342500E+03  5.326404E-08  5.174369E-10
   1.347500E+03  5.310037E-08  5.168489E-10
   1.352500E+03  5.287639E-08  5.155715E-10
   1.357500E+03  5.251611E-08  5.138704E-10
   1.362500E+03  5.262000E-08  5.143414E-10
   1.367500E+03  5.192513E-08  5.111931E-10
   1.372500E+03  5.185364E-08  5.108443E-10
   1.377500E+03  5.169947E-08  5.098987E-10
   1.382500E+03  5.139616E-08  5.084300E-10
   1.387500E+03  5.115989E-08  5.072423E-10
   1.392500E+03  5.096383E-08  5.061834E-10
   1.397500E+03  5.069180E-08  5.049750E-10
   1.402500E+03  5.052255E-08  5.040105E-10
   1.407500E+03  5.032426E-08  5.031122E-10
   1.412500E+03  5.013434E-08  5.020749E-10
   1.417500E+03  4.983048E-08  5.005857E-10
   1.422500E+03  4.969474E-08  5.000326E-10
   1.427500E+03  4.929927E-08  4.979096E-10
   1.432500E+03  4.910042E-08  4.970764E-10
   1.437500E+03  4.872617E-08  4.951268E-10
   1.442500E+03  4.851001E-08  4.939855E-10
   1.447500E+03  4.812459E-08  4.919840E-10
   1.452500E+03  4.806315E-08  4.917124E-10
   1.457500E+03  4.787714E-08  4.907678E-10
   1.462500E+03  4.772688E-08  4.899232E-10
   1.467500E+03  4.787602E-08  4.905961E-10
   1.472500E+03  4.805280E-08  2.125433E-09
   1.477500E+03  4.767911E-08  2.124990E-09
   1.482500E+03  4.759421E-08  2.124880E-09
   1.487500E+03  8.109056E-05  7.087227E-07
   1.492500E+03  4.616678E-08  4.818252E-10
   1.497500E+03  4.625001E-08  4.824481E-10
   1.502500E+03  4.607909E-08  4.813999E-10
   1.507500E+03  4.589978E-08  4.802767E-10
   1.512500E+03  4.572327E-08  4.794758E-10
   1.517500E+03  4.560486E-08  4.789295E-10
   1.522500E+03  4.526077E-08  4.771567E-10
   1.527500E+03  4.502841E-08  4.759221E-10
   1.532500E+03  4.508594E-08  4.762473E-10
   1.537500E+03  4.500606E-08  4.758403E-10
   1.542500E+03  4.434583E-08  4.722277E-10
   1.547500E+03  4.415144E-08  4.713362E-10
   1.552500E+03  4.400454E-08  4.704799E-10
   1.557500E+03  5.515971E-07  5.608365E-08
   1.562500E+03  4.114352E-08  4.548957E-10
   1.567500E+03  3.166953E-08  3.990892E-10
   1.572500E+03  3.196781E-08  4.009821E-10
   1.577500E+03  3.200970E-08  4.012573E-10
   1.582500E+03  3.154776E-08  3.983958E-10
   1.587500E+03  3.167232E-08  3.989941E-10
   1.592500E+03  3.142766E-08  3.974504E-10
   1.597500E+03  3.109140E-08  3.953144E-10
   1.602500E+03  3.100929E-08  3.948941E-10
   1.607500E+03  3.101544E-08  3.948832E-10
   1.612500E+03  3.079927E-08  3.935472E-10
   1.617500E+03  3.100706E-08  3.949226E-10
   1.622500E+03  3.073894E-08  3.931493E-10
   1.627500E+03  3.069426E-08  3.928148E-10
   1.632500E+03  3.038536E-08  3.908500E-10
   1.637500E+03  3.041441E-08  3.910646E-10
   1.642500E+03  3.029878E-08  3.903530E-10
   1.647500E+03  3.025131E-08  3.900558E-10
   1.652500E+03  3.017143E-08  3.895720E-10
   1.657500E+03  3.001000E-08  3.884834E-10
   1.662500E+03  3.032336E-08  3.904386E-10
   1.667500E+03  2.991057E-08  3.877775E-10
   1.672500E+03  2.960783E-08  3.858702E-10
   1.677500E+03  2.977987E-08  3.869042E-10
   1.682500E+03  2.975417E-08  3.867816E-10
   1.687500E+03  2.949611E-08  3.850358E-10
   1.692500E+03  2.943020E-08  3.846292E-10
   1.697500E+03  2.942238E-08  3.845929E-10
   1.702500E+03  2.940842E-08  3.845459E-10
   1.707500E+03  2.948550E-08  3.851346E-10
   1.712500E+03  2.950002E-08  3.850685E-10
   1.717500E+03  2.897664E-08  3.817335E-10
   1.722500E+03  2.884090E-08  3.808207E-10
   1.727500E+03  2.904087E-08  3.822205E-10
   1.732500E+03  2.885599E-08  3.809345E-10
   1.737500E+03  2.881968E-08  3.806738E-10
   1.742500E+03  2.871690E-08  3.800863E-10
   1.747500E+03  2.854262E-08  3.788631E-10
   1.752500E+03  2.845940E-08  3.783501E-10
   1.757500E+03  2.839181E-08  3.778583E-10
   1.762500E+03  2.826110E-08  3.768799E-10
   1.767500E+03  2.849850E-08  3.785493E-10
   1.772500E+03  2.836053E-08  3.775916E-10
   1.777500E+03  2.827395E-08  3.770099E-10
   1.782500E+03  2.794718E-08  3.749770E-10
   1.787500E+03  2.798517E-08  3.751705E-10
   1.792500E+03  2.790976E-08  3.745397E-10
   1.797500E+03  2.770420E-08  3.732616E-10
   1.802500E+03  2.782318E-08  3.740209E-10
   1.807500E+03  2.768912E-08  3.731077E-10
   1.812500E+03  2.775950E-08  3.736923E-10
   1.817500E+03  2.760701E-08  3.726771E-10
   1.822500E+03  2.738526E-08  3.709579E-10
   1.827500E+03  2.726181E-08  3.702683E-10
   1.832500E+03  2.711211E-08  3.692930E-10
   1.837500E+03  2.714060E-08  3.693948E-10
   1.842500E+03  2.712273E-08  3.692357E-10
   1.847500E+03  2.703559E-08  3.686750E-10
   1.852500E+03  2.692499E-08  3.679539E-10
   1.857500E+03  2.698476E-08  3.682840E-10
   1.862500E+03  2.677138E-08  3.668846E-10
   1.867500E+03  2.662615E-08  3.659998E-10
   1.872500E+03  2.649712E-08  3.649086E-10
   1.877500E+03  2.669653E-08  3.663046E-10
   1.882500E+03  2.654069E-08  3.652996E-10
   1.887500E+03  2.624744E-08  3.633387E-10
   1.892500E+03  2.613461E-08  3.624985E-10
   1.897500E+03  2.616868E-08  3.627492E-10
   1.902500E+03  2.600614E-08  3.616491E-10
   1.907500E+03  2.608769E-08  3.621899E-10
   1.912500E+03  2.589610E-08  3.609411E-10
   1.917500E+03  2.598323E-08  3.615449E-10
   1.922500E+03  2.586091E-08  3.606346E-10
   1.927500E+03  2.563636E-08  3.590960E-10
   1.932500E+03  2.568719E-08  3.594189E-10
   1.937500E+03  2.559056E-08  3.587296E-10
   1.942500E+03  2.541628E-08  3.575348E-10
   1.947500E+03  2.535484E-08  3.569785E-10
   1.952500E+03  2.516492E-08  3.558730E-10
   1.957500E+03  2.518280E-08  3.558646E-10
   1.962500E+03  2.522134E-08  3.561120E-10
   1.967500E+03  2.493032E-08  3.539410E-10
   1.972500E+03  2.495434E-08  3.541585E-10
   1.977500E+03  2.499400E-08  3.544625E-10
   1.982500E+03  2.498785E-08  3.545062E-10
   1.987500E+03  2.469684E-08  3.523174E-10
   1.992500E+03  2.479235E-08  3.530671E-10
   1.997500E+03  2.466220E-08  3.520552E-10
   2.002500E+03  2.449631E-08  3.509374E-10
   2.007500E+03  2.437286E-08  3.501036E-10
   2.012500E+03  2.449631E-08  3.509214E-10
   2.017500E+03  2.420417E-08  3.489353E-10
   2.022500E+03  2.432259E-08  3.497760E-10
   2.027500E+03  2.405336E-08  3.478110E-10
   2.032500E+03  2.423210E-08  3.490713E-10
   2.037500E+03  2.419244E-08  3.488270E-10
   2.042500E+03  2.395561E-08  3.470741E-10
   2.047500E+03  2.374167E-08  3.454377E-10
   2.052500E+03  2.370034E-08  3.453413E-10
   2.057500E+03  2.365565E-08  3.448380E-10
   2.062500E+03  2.346518E-08  3.435664E-10
   2.067500E+03  2.358639E-08  3.443998E-10
   2.072500E+03  2.324231E-08  3.417408E-10
   2.077500E+03  2.339368E-08  3.428975E-10
   2.082500E+03  2.332386E-08  3.424609E-10
   2.087500E+03  2.318868E-08  3.413887E-10
   2.092500E+03  2.318366E-08  3.413848E-10
   2.097500E+03  2.303005E-08  3.402725E-10
   2.102500E+03  2.291386E-08  3.394659E-10
   2.107500E+03  2.302949E-08  3.403922E-10
   2.112500E+03  2.283957E-08  3.388345E-10
   2.117500E+03  2.270049E-08  3.378298E-10
   2.122500E+03  2.269155E-08  3.378051E-10
   2.127500E+03  2.258263E-08  3.369549E-10
   2.132500E+03  2.267200E-08  3.377349E-10
   2.137500E+03  2.252677E-08  3.364893E-10
   2.142500E+03  2.236814E-08  3.353483E-10
   2.147500E+03  2.252733E-08  3.365519E-10
   2.152500E+03  2.232233E-08  3.350814E-10
   2.157500E+03  2.221341E-08  3.342578E-10
   2.162500E+03  2.219498E-08  3.340356E-10
   2.167500E+03  2.193077E-08  3.320908E-10
   2.172500E+03  2.196094E-08  3.322591E-10
   2.177500E+03  2.189782E-08  3.317998E-10
   2.182500E+03  2.166936E-08  3.300195E-10
   2.187500E+03  2.176655E-08  3.308413E-10
   2.192500E+03  2.165651E-08  3.299985E-10
   2.197500E+03  2.159619E-08  3.295914E-10
   2.202500E+03  2.134706E-08  3.276239E-10
   2.207500E+03  2.148615E-08  3.286856E-10
   2.212500E+03  2.140571E-08  3.281833E-10
   2.217500E+03  2.135265E-08  3.276580E-10
   2.222500E+03  2.133868E-08  3.275083E-10
   2.227500E+03  2.119680E-08  3.264729E-10
   2.232500E+03  2.117837E-08  3.263658E-10
   2.237500E+03  2.097728E-08  3.247927E-10
   2.242500E+03  2.108397E-08  3.256577E-10
   2.247500E+03  2.088456E-08  3.240160E-10
   2.252500E+03  2.079966E-08  3.233328E-10
   2.257500E+03  2.071978E-08  3.227045E-10
   2.262500E+03  2.071308E-08  3.228004E-10
   2.267500E+03  2.053433E-08  3.214014E-10
   2.272500E+03  2.074548E-08  3.229127E-10
   2.277500E+03  2.040363E-08  3.202756E-10
   2.282500E+03  2.050138E-08  3.210569E-10
   2.287500E+03  2.030141E-08  3.195277E-10
   2.292500E+03  2.027460E-08  3.192470E-10
   2.297500E+03  2.025337E-08  3.192124E-10
   2.302500E+03  2.012043E-08  3.179818E-10
   2.307500E+03  1.989756E-08  3.162118E-10
   2.312500E+03  2.029303E-08  3.194620E-10
   2.317500E+03  1.994392E-08  3.166676E-10
   2.322500E+03  1.998079E-08  3.169858E-10
   2.327500E+03  1.967916E-08  3.145835E-10
   2.332500E+03  1.981601E-08  3.156094E-10
   2.337500E+03  1.976071E-08  3.152146E-10
   2.342500E+03  1.966743E-08  3.145168E-10
   2.347500E+03  1.957917E-08  3.137144E-10
   2.352500E+03  1.945126E-08  3.127808E-10
   2.357500E+03  1.932446E-08  3.117723E-10
   2.362500E+03  1.920828E-08  3.107738E-10
   2.367500E+03  1.947081E-08  3.128746E-10
   2.372500E+03  1.911779E-08  3.099889E-10
   2.377500E+03  1.930603E-08  3.115430E-10
   2.382500E+03  1.907813E-08  3.096681E-10
   2.387500E+03  1.929262E-08  3.113810E-10
   2.392500E+03  1.909768E-08  3.098807E-10
   2.397500E+03  1.911500E-08  3.099573E-10
   2.402500E+03  1.877203E-08  3.073454E-10
   2.407500E+03  1.878599E-08  3.073496E-10
   2.412500E+03  1.886922E-08  3.079637E-10
   2.417500E+03  1.881057E-08  3.075865E-10
   2.422500E+03  1.858211E-08  3.057010E-10
   2.427500E+03  1.866087E-08  3.063827E-10
   2.432500E+03  1.862624E-08  3.060442E-10
   2.437500E+03  1.850503E-08  3.050684E-10
   2.442500E+03  1.821122E-08  3.026264E-10
   2.447500E+03  1.831847E-08  3.034763E-10
   2.452500E+03  1.828160E-08  3.032180E-10
   2.457500E+03  1.812297E-08  3.019131E-10
   2.462500E+03  1.807325E-08  3.014536E-10
   2.467500E+03  1.804532E-08  3.011933E-10
   2.472500E+03  1.802298E-08  3.010633E-10
   2.477500E+03  1.788669E-08  2.999452E-10
   2.482500E+03  1.797494E-08  3.006257E-10
   2.487500E+03  1.782469E-08  2.994078E-10
   2.492500E+03  1.781463E-08  2.992674E-10
   2.497500E+03  1.774872E-08  2.987712E-10
   2.502500E+03  1.756327E-08  2.971262E-10
   2.507500E+03  1.732476E-08  2.951738E-10
   2.512500E+03  1.750686E-08  2.967351E-10
   2.517500E+03  1.742363E-08  2.959268E-10
   2.522500E+03  1.741190E-08  2.958274E-10
   2.527500E+03  1.735102E-08  2.953016E-10
   2.532500E+03  1.725717E-08  2.945516E-10
   2.537500E+03  1.721863E-08  2.942138E-10
   2.542500E+03  1.720132E-08  2.940758E-10
   2.547500E+03  1.721081E-08  2.942808E-10
   2.552500E+03  1.701755E-08  2.924475E-10
   2.557500E+03  1.708793E-08  2.930981E-10
   2.562500E+03  1.694214E-08  2.918677E-10
   2.567500E+03  1.681869E-08  2.907958E-10
   2.572500E+03  1.686673E-08  2.912000E-10
   2.577500E+03  1.690416E-08  2.915702E-10
   2.582500E+03  1.652712E-08  2.882711E-10
   2.587500E+03  1.670865E-08  2.898844E-10
   2.592500E+03  1.667402E-08  2.895168E-10
   2.597500E+03  1.670251E-08  2.898022E-10
   2.602500E+03  1.650086E-08  2.880037E-10
   2.607500E+03  1.629140E-08  2.863020E-10
   2.612500E+03  1.635005E-08  2.866879E-10
   2.617500E+03  1.633553E-08  2.865902E-10
   2.622500E+03  1.614561E-08  2.849338E-10
   2.627500E+03  1.636848E-08  2.869078E-10
   2.632500E+03  1.622269E-08  2.855720E-10
   2.637500E+03  1.595737E-08  2.832329E-10
   2.642500E+03  1.598642E-08  2.835197E-10
   2.647500E+03  1.581884E-08  2.820239E-10
   2.652500E+03  1.590542E-08  2.828124E-10
   2.657500E+03  1.573450E-08  2.812431E-10
   2.662500E+03  1.566747E-08  2.806448E-10
   2.667500E+03  1.568534E-08  2.808645E-10
   2.672500E+03  1.550716E-08  2.791586E-10
   2.677500E+03  1.566803E-08  2.806698E-10
   2.682500E+03  1.541108E-08  2.783447E-10
   2.687500E+03  1.577192E-08  2.816762E-10
   2.692500E+03  1.559653E-08  2.800203E-10
   2.697500E+03  1.534238E-08  2.777150E-10
   2.702500E+03  1.531669E-08  2.775031E-10
   2.707500E+03  1.520497E-08  2.766035E-10
   2.712500E+03  1.530105E-08  2.774529E-10
   2.717500E+03  1.519659E-08  2.764056E-10
   2.722500E+03  1.522117E-08  2.766691E-10
   2.727500E+03  1.524016E-08  2.767499E-10
   2.732500E+03  1.500165E-08  2.746007E-10
   2.737500E+03  1.508320E-08  2.753852E-10
   2.742500E+03  1.478492E-08  2.726349E-10
   2.747500E+03  1.482961E-08  2.730765E-10
   2.752500E+03  1.476593E-08  2.724911E-10
   2.757500E+03  1.470784E-08  2.719250E-10
   2.762500E+03  1.488714E-08  2.735838E-10
   2.767500E+03  1.454138E-08  2.703751E-10
   2.772500E+03  1.468661E-08  2.717808E-10
   2.777500E+03  1.435035E-08  2.686287E-10
   2.782500E+03  1.459836E-08  2.709134E-10
   2.787500E+03  1.448664E-08  2.699397E-10
   2.792500E+03  1.450061E-08  2.700486E-10
   2.797500E+03  1.436208E-08  2.687591E-10
   2.802500E+03  1.428165E-08  2.679551E-10
   2.807500E+03  1.428835E-08  2.680073E-10
   2.812500E+03  1.413027E-08  2.665345E-10
   2.817500E+03  1.426210E-08  2.677930E-10
   2.822500E+03  1.400068E-08  2.653017E-10
   2.827500E+03  1.387053E-08  2.640897E-10
   2.832500E+03  1.389958E-08  2.643229E-10
   2.837500E+03  1.385210E-08  2.639891E-10
   2.842500E+03  1.392919E-08  2.646674E-10
   2.847500E+03  1.395209E-08  2.648525E-10
   2.852500E+03  1.367224E-08  2.622425E-10
   2.857500E+03  1.378005E-08  2.631863E-10
   2.862500E+03  1.373033E-08  2.627334E-10
   2.867500E+03  1.362085E-08  2.617506E-10
   2.872500E+03  1.354991E-08  2.610914E-10
   2.877500E+03  1.349573E-08  2.605273E-10
   2.882500E+03  1.328850E-08  2.585136E-10
   2.887500E+03  1.351361E-08  2.606778E-10
   2.892500E+03  1.344378E-08  2.600699E-10
   2.897500E+03  1.338569E-08  2.593899E-10
   2.902500E+03  1.328347E-08  2.584648E-10
   2.907500E+03  1.322706E-08  2.579385E-10
   2.912500E+03  1.314886E-08  2.570567E-10
   2.917500E+03  1.321421E-08  2.578135E-10
   2.922500E+03  1.310194E-08  2.566860E-10
   2.927500E+03  1.301591E-08  2.557781E-10
   2.932500E+03  1.307289E-08  2.563034E-10
   2.937500E+03  1.288297E-08  2.545593E-10
   2.942500E+03  1.285728E-08  2.542728E-10
   2.947500E+03  1.278299E-08  2.535278E-10
   2.952500E+03  1.290923E-08  2.547738E-10
   2.957500E+03  1.256570E-08  2.513351E-10
   2.962500E+03  1.292487E-08  2.548836E-10
   2.967500E+03  1.268245E-08  2.524531E-10
   2.972500E+03  1.262882E-08  2.520534E-10
   2.977500E+03  1.249532E-08  2.506428E-10
   2.982500E+03  1.241601E-08  2.498589E-10
   2.987500E+03  1.257129E-08  2.513908E-10
   2.992500E+03  1.224564E-08  2.481312E-10
   2.997500E+03  1.224285E-08  2.481369E-10
   3.002500E+03  1.226184E-08  2.482610E-10
   3.007500E+03  1.229144E-08  2.485486E-10
   3.012500E+03  1.213448E-08  2.471184E-10
   3.017500E+03  1.212890E-08  2.469707E-10
   3.022500E+03  1.216521E-08  2.472371E-10
   3.027500E+03  1.213728E-08  2.470217E-10
   3.032500E+03  1.207081E-08  2.463343E-10
   3.037500E+03  1.198702E-08  2.454795E-10
   3.042500E+03  1.183397E-08  2.439793E-10
   3.047500E+03  1.185408E-08  2.441630E-10
   3.052500E+03  1.182783E-08  2.439162E-10
   3.057500E+03  1.171667E-08  2.427007E-10
   3.062500E+03  1.179431E-08  2.435135E-10
   3.067500E+03  1.175409E-08  2.430642E-10
   3.072500E+03  1.162953E-08  2.418098E-10
   3.077500E+03  1.166305E-08  2.421689E-10
   3.082500E+03  1.158652E-08  2.413864E-10
   3.087500E+03  1.151000E-08  2.406364E-10
   3.092500E+03  1.154295E-08  2.408632E-10
   3.097500E+03  1.148319E-08  2.402865E-10
   3.102500E+03  1.145023E-08  2.399070E-10
   3.107500E+03  1.144576E-08  2.399188E-10
   3.112500E+03  1.138934E-08  2.392694E-10
   3.117500E+03  1.139716E-08  2.393749E-10
   3.122500E+03  1.119049E-08  2.372223E-10
   3.127500E+03  1.123071E-08  2.376828E-10
   3.132500E+03  1.111676E-08  2.364293E-10
   3.137500E+03  1.116815E-08  2.369740E-10
   3.142500E+03  1.105085E-08  2.356930E-10
   3.147500E+03  1.099276E-08  2.351334E-10
   3.152500E+03  1.092405E-08  2.343751E-10
   3.157500E+03  1.084194E-08  2.334703E-10
   3.162500E+03  1.084529E-08  2.334823E-10
   3.167500E+03  1.083580E-08  2.334404E-10
   3.172500E+03  1.069615E-08  2.318860E-10
   3.177500E+03  1.082127E-08  2.333083E-10
   3.182500E+03  1.077994E-08  2.328512E-10
   3.187500E+03  1.066599E-08  2.315594E-10
   3.192500E+03  1.058667E-08  2.306860E-10
   3.197500E+03  1.064812E-08  2.313777E-10
   3.202500E+03  1.062689E-08  2.311717E-10
   3.207500E+03  1.051182E-08  2.298826E-10
   3.212500E+03  1.043921E-08  2.291131E-10
   3.217500E+03  1.025432E-08  2.270418E-10
   3.222500E+03  1.027834E-08  2.273813E-10
   3.227500E+03  1.039173E-08  2.285802E-10
   3.232500E+03  1.034593E-08  2.280644E-10
   3.237500E+03  1.035989E-08  2.282180E-10
   3.242500E+03  1.021243E-08  2.266527E-10
   3.247500E+03  1.020293E-08  2.265475E-10
   3.252500E+03  1.009289E-08  2.252754E-10
   3.257500E+03  1.010686E-08  2.253935E-10
   3.262500E+03  9.975591E-09  2.239397E-10
   3.267500E+03  9.953248E-09  2.236766E-10
   3.272500E+03  9.974474E-09  2.239021E-10
   3.277500E+03  9.823100E-09  2.222368E-10
   3.282500E+03  9.952131E-09  2.236767E-10
   3.287500E+03  9.863318E-09  2.227158E-10
   3.292500E+03  9.796847E-09  2.219781E-10
   3.297500E+03  9.730377E-09  2.211999E-10
   3.302500E+03  9.734845E-09  2.212633E-10
   3.307500E+03  9.644915E-09  2.202026E-10
   3.312500E+03  9.790144E-09  2.219276E-10
   3.317500E+03  9.496334E-09  2.185668E-10
   3.322500E+03  9.613635E-09  2.197947E-10
   3.327500E+03  9.577327E-09  2.194437E-10
   3.332500E+03  9.453882E-09  2.180015E-10
   3.337500E+03  9.363951E-09  2.169378E-10
   3.342500E+03  9.434332E-09  2.177892E-10
   3.347500E+03  9.408637E-09  2.174800E-10
   3.352500E+03  9.375123E-09  2.171188E-10
   3.357500E+03  9.306977E-09  2.163425E-10
   3.362500E+03  9.262291E-09  2.157714E-10
   3.367500E+03  9.141080E-09  2.143568E-10
   3.372500E+03  9.219839E-09  2.153423E-10
   3.377500E+03  9.113710E-09  2.140623E-10
   3.382500E+03  9.078520E-09  2.136493E-10
   3.387500E+03  9.057852E-09  2.134327E-10
   3.392500E+03  9.120971E-09  2.141343E-10
   3.397500E+03  9.000878E-09  2.127352E-10
   3.402500E+03  9.138287E-09  2.143241E-10
   3.407500E+03  8.839450E-09  2.108619E-10
   3.412500E+03  8.956750E-09  2.122271E-10
   3.417500E+03  8.919884E-09  2.117509E-10
   3.422500E+03  8.707067E-09  2.092129E-10
   3.427500E+03  8.769628E-09  2.100692E-10
   3.432500E+03  8.618812E-09  2.081783E-10
   3.437500E+03  8.668526E-09  2.088307E-10
   3.442500E+03  8.674670E-09  2.088104E-10
   3.447500E+03  8.672994E-09  2.088037E-10
   3.452500E+03  8.511566E-09  2.067997E-10
   3.457500E+03  8.521620E-09  2.069759E-10
   3.462500E+03  8.431131E-09  2.058892E-10
   3.467500E+03  8.455709E-09  2.062159E-10
   3.472500E+03  8.390914E-09  2.054119E-10
   3.477500E+03  8.343994E-09  2.048240E-10
   3.482500E+03  8.323885E-09  2.045637E-10
   3.487500E+03  8.199881E-09  2.029948E-10
   3.492500E+03  8.248477E-09  2.036362E-10
   3.497500E+03  8.244567E-09  2.036570E-10
   3.502500E+03  8.181448E-09  2.027944E-10
   3.507500E+03  8.144024E-09  2.023445E-10
   3.512500E+03  8.166367E-09  2.026215E-10
   3.517500E+03  8.039570E-09  2.010863E-10
   3.522500E+03  7.987623E-09  2.003947E-10
   3.527500E+03  7.958577E-09  2.000305E-10
   3.532500E+03  7.984271E-09  2.004087E-10
   3.537500E+03  7.880935E-09  1.990819E-10
   3.542500E+03  7.997677E-09  2.005066E-10
   3.547500E+03  7.858592E-09  1.987434E-10
   3.552500E+03  7.860826E-09  1.988140E-10
   3.557500E+03  7.769220E-09  1.976539E-10
   3.562500E+03  7.784860E-09  1.978382E-10
   3.567500E+03  7.748553E-09  1.974054E-10
   3.572500E+03  7.661415E-09  1.962369E-10
   3.577500E+03  7.661973E-09  1.962869E-10
   3.582500E+03  7.611143E-09  1.956214E-10
   3.587500E+03  7.532384E-09  1.946080E-10
   3.592500E+03  7.654712E-09  1.962513E-10
   3.597500E+03  7.704425E-09  1.968149E-10
   3.602500E+03  7.455301E-09  1.935674E-10
   3.607500E+03  7.456976E-09  1.936327E-10
   3.612500E+03  7.502780E-09  1.941823E-10
   3.617500E+03  7.379334E-09  1.926088E-10
   3.622500E+03  7.493842E-09  1.941680E-10
   3.627500E+03  7.365929E-09  1.924485E-10
   3.632500E+03  7.391623E-09  1.927252E-10
   3.637500E+03  7.346937E-09  1.921714E-10
   3.642500E+03  7.226843E-09  1.906254E-10
   3.647500E+03  7.216231E-09  1.905003E-10
   3.652500E+03  7.196122E-09  1.902203E-10
   3.657500E+03  7.170986E-09  1.899030E-10
   3.662500E+03  7.105074E-09  1.889553E-10
   3.667500E+03  7.117363E-09  1.891482E-10
   3.672500E+03  7.083848E-09  1.887028E-10
   3.677500E+03  6.895050E-09  1.862039E-10
   3.682500E+03  6.912366E-09  1.864373E-10
   3.687500E+03  7.046424E-09  1.881893E-10
   3.692500E+03  6.902311E-09  1.862415E-10
   3.697500E+03  6.930799E-09  1.867004E-10
   3.702500E+03  6.768812E-09  1.844481E-10
   3.707500E+03  6.705693E-09  1.836328E-10
   3.712500E+03  6.737532E-09  1.840981E-10
   3.717500E+03  6.745352E-09  1.841895E-10
   3.722500E+03  6.699549E-09  1.835640E-10
   3.727500E+03  6.708486E-09  1.836251E-10
   3.732500E+03  6.616880E-09  1.823835E-10
   3.737500E+03  6.524156E-09  1.811334E-10
   3.742500E+03  6.615762E-09  1.823989E-10
   3.747500E+03  6.490083E-09  1.806294E-10
   3.752500E+03  6.531418E-09  1.811876E-10
   3.757500E+03  6.432550E-09  1.799371E-10
   3.762500E+03  6.428640E-09  1.797888E-10
   3.767500E+03  6.341502E-09  1.786934E-10
   3.772500E+03  6.359935E-09  1.788110E-10
   3.777500E+03  6.372224E-09  1.789364E-10
   3.782500E+03  6.385071E-09  1.792576E-10
   3.787500E+03  6.296816E-09  1.779224E-10
   3.792500E+03  6.227553E-09  1.769104E-10
   3.797500E+03  6.116396E-09  1.753735E-10
   3.802500E+03  6.237607E-09  1.771323E-10
   3.807500E+03  6.060539E-09  1.745718E-10
   3.812500E+03  6.183425E-09  1.762829E-10
   3.817500E+03  6.130361E-09  1.755893E-10
   3.822500E+03  6.034286E-09  1.741777E-10
   3.827500E+03  5.972843E-09  1.733057E-10
   3.832500E+03  5.954410E-09  1.730384E-10
   3.837500E+03  5.885146E-09  1.720303E-10
   3.842500E+03  5.942121E-09  1.728275E-10
   3.847500E+03  5.872299E-09  1.718100E-10
   3.852500E+03  5.817559E-09  1.710244E-10
   3.857500E+03  5.868389E-09  1.717692E-10
   3.862500E+03  5.732655E-09  1.698227E-10
   3.867500E+03  5.792423E-09  1.706056E-10
   3.872500E+03  5.770638E-09  1.703176E-10
   3.877500E+03  5.772314E-09  1.703588E-10
   3.882500E+03  5.706402E-09  1.693843E-10
   3.887500E+03  5.774548E-09  1.704246E-10
   3.892500E+03  5.741593E-09  1.698887E-10
   3.897500E+03  5.578489E-09  1.674603E-10
   3.902500E+03  5.601390E-09  1.677867E-10
   3.907500E+03  5.656131E-09  1.686040E-10
   3.912500E+03  5.538830E-09  1.669150E-10
   3.917500E+03  5.423763E-09  1.650896E-10
   3.922500E+03  5.475152E-09  1.659541E-10
   3.927500E+03  5.353383E-09  1.641010E-10
   3.932500E+03  5.412592E-09  1.649706E-10
   3.937500E+03  5.368464E-09  1.643146E-10
   3.942500E+03  5.385780E-09  1.645449E-10
   3.947500E+03  5.316517E-09  1.635186E-10
   3.952500E+03  5.343329E-09  1.639128E-10
   3.957500E+03  5.296408E-09  1.631923E-10
   3.962500E+03  5.207595E-09  1.618544E-10
   3.967500E+03  5.284678E-09  1.630117E-10
   3.972500E+03  5.183576E-09  1.614639E-10
   3.977500E+03  5.094204E-09  1.600501E-10
   3.982500E+03  5.161792E-09  1.610898E-10
   3.987500E+03  5.112078E-09  1.602953E-10
   3.992500E+03  5.097556E-09  1.600676E-10
   3.997500E+03  5.025499E-09  1.589507E-10
   4.002500E+03  5.068510E-09  1.596464E-10
   4.007500E+03  4.980813E-09  1.582252E-10
   4.012500E+03  4.999246E-09  1.585353E-10
   4.017500E+03  4.896469E-09  1.568807E-10
   4.022500E+03  4.825530E-09  1.557408E-10
   4.027500E+03  4.847873E-09  1.561187E-10
   4.032500E+03  4.835584E-09  1.559209E-10
   4.037500E+03  4.775816E-09  1.549551E-10
   4.042500E+03  4.779168E-09  1.549913E-10
   4.047500E+03  4.714373E-09  1.539924E-10
   4.052500E+03  4.750122E-09  1.545380E-10
   4.057500E+03  4.695382E-09  1.536640E-10
   4.062500E+03  4.623325E-09  1.524448E-10
   4.067500E+03  4.663543E-09  1.531060E-10
   4.072500E+03  4.583108E-09  1.517808E-10
   4.077500E+03  4.669129E-09  1.531977E-10
   4.082500E+03  4.623884E-09  1.524725E-10
   4.087500E+03  4.560206E-09  1.513827E-10
   4.092500E+03  4.467483E-09  1.498738E-10
   4.097500E+03  4.433968E-09  1.492923E-10
   4.102500E+03  4.428383E-09  1.492171E-10
   4.107500E+03  4.499880E-09  1.504345E-10
   4.112500E+03  4.342921E-09  1.477334E-10
   4.117500E+03  4.363588E-09  1.481034E-10
   4.122500E+03  4.398220E-09  1.487462E-10
   4.127500E+03  4.337335E-09  1.476955E-10
   4.132500E+03  4.258017E-09  1.463019E-10
   4.137500E+03  4.249080E-09  1.461292E-10
   4.142500E+03  4.210538E-09  1.454844E-10
   4.147500E+03  4.213331E-09  1.455326E-10
   4.152500E+03  4.197133E-09  1.452914E-10
   4.157500E+03  4.252432E-09  1.462252E-10
   4.162500E+03  4.082625E-09  1.432784E-10
   4.167500E+03  4.041849E-09  1.425224E-10
   4.172500E+03  4.032353E-09  1.423943E-10
   4.177500E+03  4.016154E-09  1.421280E-10
   4.182500E+03  3.937954E-09  1.407391E-10
   4.187500E+03  3.917287E-09  1.403297E-10
   4.192500E+03  3.997721E-09  1.417821E-10
   4.197500E+03  3.874835E-09  1.395677E-10
   4.202500E+03  3.945215E-09  1.408288E-10
   4.207500E+03  3.889916E-09  1.398791E-10
   4.212500E+03  3.884331E-09  1.397787E-10
   4.217500E+03  3.817302E-09  1.385689E-10
   4.222500E+03  3.783787E-09  1.379396E-10
   4.227500E+03  3.791607E-09  1.380413E-10
   4.232500E+03  3.763120E-09  1.375423E-10
   4.237500E+03  3.636882E-09  1.351962E-10
   4.242500E+03  3.686036E-09  1.361271E-10
   4.247500E+03  3.736867E-09  1.370824E-10
   4.252500E+03  3.633530E-09  1.351547E-10
   4.257500E+03  3.684919E-09  1.361065E-10
   4.262500E+03  3.590520E-09  1.343529E-10
   4.267500E+03  3.582700E-09  1.342275E-10
   4.272500E+03  3.552537E-09  1.336408E-10
   4.277500E+03  3.556447E-09  1.337142E-10
   4.282500E+03  3.537456E-09  1.333991E-10
   4.287500E+03  3.493328E-09  1.325231E-10
   4.292500E+03  3.551978E-09  1.336513E-10
   4.297500E+03  3.459255E-09  1.318756E-10
   4.302500E+03  3.461489E-09  1.319181E-10
   4.307500E+03  3.291124E-09  1.286109E-10
   4.312500E+03  3.375469E-09  1.302697E-10
   4.317500E+03  3.319053E-09  1.291553E-10
   4.322500E+03  3.300620E-09  1.288181E-10
   4.327500E+03  3.290007E-09  1.286546E-10
   4.332500E+03  3.322963E-09  1.292314E-10
   4.337500E+03  3.251465E-09  1.278339E-10
   4.342500E+03  3.211806E-09  1.270963E-10
   4.347500E+03  3.133606E-09  1.255186E-10
   4.352500E+03  3.108470E-09  1.249920E-10
   4.357500E+03  3.098416E-09  1.248122E-10
   4.362500E+03  3.022449E-09  1.232508E-10
   4.367500E+03  3.031945E-09  1.234443E-10
   4.372500E+03  2.987818E-09  1.225429E-10
   4.377500E+03  3.058198E-09  1.239774E-10
   4.382500E+03  2.985025E-09  1.225543E-10
   4.387500E+03  2.921906E-09  1.212303E-10
   4.392500E+03  2.969943E-09  1.222218E-10
   4.397500E+03  2.983908E-09  1.225085E-10
   4.402500E+03  2.890067E-09  1.205454E-10
   4.407500E+03  2.850967E-09  1.197042E-10
   4.412500E+03  2.862697E-09  1.199501E-10
   4.417500E+03  2.877778E-09  1.202656E-10
   4.422500E+03  2.837561E-09  1.194225E-10
   4.427500E+03  2.833651E-09  1.193402E-10
   4.432500E+03  2.741486E-09  1.174077E-10
   4.437500E+03  2.739810E-09  1.173479E-10
   4.442500E+03  2.718585E-09  1.169406E-10
   4.447500E+03  2.675574E-09  1.160129E-10
   4.452500E+03  2.586202E-09  1.140116E-10
   4.457500E+03  2.630888E-09  1.150166E-10
   4.462500E+03  2.582292E-09  1.139254E-10
   4.467500E+03  2.559391E-09  1.134192E-10
   4.472500E+03  2.547102E-09  1.131715E-10
   4.477500E+03  2.611897E-09  1.145765E-10
   4.482500E+03  2.518056E-09  1.124998E-10
   4.487500E+03  2.532579E-09  1.128237E-10
   4.492500E+03  2.412485E-09  1.101167E-10
   4.497500E+03  2.446000E-09  1.108788E-10
   4.502500E+03  2.415837E-09  1.102186E-10
   4.507500E+03  2.391260E-09  1.096313E-10
   4.512500E+03  2.378971E-09  1.093750E-10
   4.517500E+03  2.361097E-09  1.089378E-10
   4.522500E+03  2.343222E-09  1.085506E-10
   4.527500E+03  2.330375E-09  1.082528E-10
   4.532500E+03  2.250499E-09  1.063562E-10
   4.537500E+03  2.303005E-09  1.075895E-10
   4.542500E+03  2.235417E-09  1.059993E-10
   4.547500E+03  2.256643E-09  1.065277E-10
   4.552500E+03  2.222011E-09  1.056811E-10
   4.557500E+03  2.162802E-09  1.042638E-10
   4.562500E+03  2.149397E-09  1.039672E-10
   4.567500E+03  2.124261E-09  1.033308E-10
   4.572500E+03  2.047736E-09  1.014805E-10
   4.577500E+03  2.109179E-09  1.029906E-10
   4.582500E+03  2.031537E-09  1.011063E-10
   4.587500E+03  2.041592E-09  1.013005E-10
   4.592500E+03  2.128729E-09  1.034394E-10
   4.597500E+03  2.008077E-09  1.004657E-10
   4.602500E+03  1.965067E-09  9.941240E-11
   4.607500E+03  2.011429E-09  1.005774E-10
   4.612500E+03  1.930435E-09  9.850463E-11
   4.617500E+03  1.852235E-09  9.648913E-11
   4.622500E+03  1.857820E-09  9.663449E-11
   4.627500E+03  1.871785E-09  9.699693E-11
   4.632500E+03  1.852793E-09  9.650367E-11
   4.637500E+03  1.795819E-09  9.500852E-11
   4.642500E+03  1.862848E-09  9.679414E-11
   4.647500E+03  1.794143E-09  9.496419E-11
   4.652500E+03  1.783530E-09  9.474224E-11
   4.657500E+03  1.719852E-09  9.297758E-11
   4.662500E+03  1.705888E-09  9.259939E-11
   4.667500E+03  1.660085E-09  9.134795E-11
   4.672500E+03  1.641652E-09  9.083945E-11
   4.677500E+03  1.640535E-09  9.080854E-11
   4.682500E+03  1.617075E-09  9.015699E-11
   4.687500E+03  1.531054E-09  8.772656E-11
   4.692500E+03  1.564010E-09  8.872890E-11
   4.697500E+03  1.556190E-09  8.847541E-11
   4.702500E+03  1.538316E-09  8.796626E-11
   4.707500E+03  1.481900E-09  8.637206E-11
   4.712500E+03  1.502567E-09  8.697129E-11
   4.717500E+03  1.425483E-09  8.464840E-11
   4.722500E+03  1.464584E-09  8.580134E-11
   4.727500E+03  1.393645E-09  8.369784E-11
   4.732500E+03  1.419339E-09  8.446579E-11
   4.737500E+03  1.398113E-09  8.386539E-11
   4.742500E+03  1.334436E-09  8.190078E-11
   4.747500E+03  1.316561E-09  8.135047E-11
   4.752500E+03  1.290308E-09  8.053538E-11
   4.757500E+03  1.269641E-09  7.988786E-11
   4.762500E+03  1.290308E-09  8.053538E-11
   4.767500E+03  1.256235E-09  7.946503E-11
   4.772500E+03  1.218252E-09  7.825458E-11
   4.777500E+03  1.208198E-09  7.793102E-11
   4.782500E+03  1.217135E-09  7.821870E-11
   4.787500E+03  1.151223E-09  7.607152E-11
   4.792500E+03  1.165746E-09  7.654980E-11
   4.797500E+03  1.122177E-09  7.510581E-11
   4.802500E+03  1.141727E-09  7.579422E-11
   4.807500E+03  1.148430E-09  7.597920E-11
   4.812500E+03  1.076933E-09  7.357629E-11
   4.817500E+03  1.047887E-09  7.257738E-11
   4.822500E+03  1.021075E-09  7.164294E-11
   4.827500E+03  1.028895E-09  7.191674E-11
   4.832500E+03  9.892363E-10  7.051721E-11
   4.837500E+03  9.847677E-10  7.035777E-11
   4.842500E+03  9.758305E-10  7.003781E-11
   4.847500E+03  9.009815E-10  6.729837E-11
   4.852500E+03  8.965129E-10  6.713129E-11
   4.857500E+03  8.914857E-10  6.698475E-11
   4.862500E+03  8.518269E-10  6.543696E-11
   4.867500E+03  8.585298E-10  6.577933E-11
   4.872500E+03  8.590884E-10  6.571526E-11
   4.877500E+03  7.959694E-10  6.325525E-11
   4.882500E+03  8.099338E-10  6.380768E-11
   4.887500E+03  7.719507E-10  6.229362E-11
   4.892500E+03  7.607792E-10  6.184126E-11
   4.897500E+03  7.334090E-10  6.071872E-11
   4.902500E+03  6.982188E-10  5.924420E-11
   4.907500E+03  6.635871E-10  5.775634E-11
   4.912500E+03  6.753172E-10  5.826455E-11
   4.917500E+03  6.216940E-10  5.590359E-11
   4.922500E+03  6.183425E-10  5.575271E-11
   4.927500E+03  5.999096E-10  5.491546E-11
   4.932500E+03  5.591336E-10  5.301640E-11
   4.937500E+03  5.328806E-10  5.175685E-11
   4.942500E+03  5.060690E-10  5.043804E-11
   4.947500E+03  4.747888E-10  4.885445E-11
   4.952500E+03  4.641758E-10  4.830536E-11
   4.957500E+03  4.289856E-10  4.643827E-11
   4.962500E+03  3.815067E-10  4.379319E-11
   4.967500E+03  3.502265E-10  4.195952E-11
   4.972500E+03  3.234149E-10  4.032148E-11
   4.977500E+03  2.993962E-10  3.879538E-11
   4.982500E+03  2.541516E-10  3.574408E-11
   4.987500E+03  2.111414E-10  3.257955E-11
   4.992500E+03  1.742754E-10  2.959900E-11
   4.997500E+03  1.569596E-10  2.809010E-11
