 #  Results from PENEPMA.
 #  Probability of emission of bremmstrahlung photons.
 #  1st column: E (eV).
 #  2nd and 3rd columns: probability density and STU (1/(eV*sr*electron)).

   5.250001E+01  5.547198E-07  5.401647E-09
   5.750001E+01  4.893894E-07  4.776125E-09
   6.250001E+01  4.338311E-07  4.109310E-09
   6.750001E+01  3.694198E-07  1.769373E-09
   7.250001E+01  3.347609E-07  1.105067E-09
   7.750001E+01  3.082663E-07  1.049508E-09
   8.250001E+01  2.846418E-07  9.353300E-10
   8.750001E+01  2.646800E-07  9.735745E-10
   9.250001E+01  2.473160E-07  1.024134E-09
   9.750001E+01  2.307693E-07  7.973847E-10
   1.025000E+02  2.172742E-07  9.201980E-10
   1.075000E+02  2.042048E-07  8.073815E-10
   1.125000E+02  1.933133E-07  8.847805E-10
   1.175000E+02  1.830570E-07  8.510700E-10
   1.225000E+02  1.738757E-07  8.800863E-10
   1.275000E+02  1.648181E-07  6.877882E-10
   1.325000E+02  1.573146E-07  7.780126E-10
   1.375000E+02  1.505564E-07  8.431633E-10
   1.425000E+02  1.436612E-07  7.200561E-10
   1.475000E+02  1.375889E-07  6.796347E-10
   1.525000E+02  1.320440E-07  6.779763E-10
   1.575000E+02  1.266341E-07  5.431008E-10
   1.625000E+02  1.220691E-07  6.749360E-10
   1.675000E+02  1.176336E-07  6.321709E-10
   1.725000E+02  1.136456E-07  7.115303E-10
   1.775000E+02  1.095611E-07  5.849762E-10
   1.825000E+02  1.059267E-07  6.496238E-10
   1.875000E+02  1.023080E-07  5.079526E-10
   1.925000E+02  9.900574E-08  4.791836E-10
   1.975000E+02  9.624957E-08  5.316145E-10
   2.025000E+02  9.315748E-08  4.473005E-10
   2.075000E+02  9.053626E-08  4.460683E-10
   2.125000E+02  8.882063E-08  7.774417E-10
   2.175000E+02  8.567085E-08  5.011966E-10
   2.225000E+02  8.333236E-08  4.724065E-10
   2.275000E+02  8.134833E-08  5.258400E-10
   2.325000E+02  7.955341E-08  6.412457E-10
   2.375000E+02  7.715299E-08  3.734341E-10
   2.425000E+02  7.540844E-08  4.689555E-10
   2.475000E+02  7.401682E-08  5.956169E-10
   2.525000E+02  7.230682E-08  5.950406E-10
   2.575000E+02  7.062488E-08  5.944678E-10
   2.625000E+02  6.916790E-08  5.939714E-10
   2.675000E+02  6.748167E-08  5.205210E-10
   2.725000E+02  6.575697E-08  3.282042E-10
   2.775000E+02  6.458880E-08  4.925852E-10
   2.825000E+02  6.322019E-08  4.335298E-10
   2.875000E+02  6.180281E-08  3.649352E-10
   2.925000E+02  6.079931E-08  4.324491E-10
   2.975000E+02  5.957376E-08  3.992119E-10
   3.025000E+02  5.835714E-08  4.312005E-10
   3.075000E+02  5.732679E-08  4.308067E-10
   3.125000E+02  5.617936E-08  3.618156E-10
   3.175000E+02  5.541255E-08  4.298177E-10
   3.225000E+02  5.439402E-08  4.293511E-10
   3.275000E+02  5.337291E-08  4.288445E-10
   3.325000E+02  5.247960E-08  4.284491E-10
   3.375000E+02  5.165686E-08  4.585806E-10
   3.425000E+02  5.070447E-08  3.946774E-10
   3.475000E+02  4.970411E-08  2.722763E-10
   3.525000E+02  4.878382E-08  1.400798E-10
   3.575000E+02  4.819580E-08  3.934347E-10
   3.625000E+02  4.736488E-08  2.705320E-10
   3.675000E+02  4.679283E-08  3.926764E-10
   3.725000E+02  4.615928E-08  4.561978E-10
   3.775000E+02  4.543382E-08  3.920195E-10
   3.825000E+02  4.464436E-08  3.553176E-10
   3.875000E+02  4.375685E-08  2.113332E-10
   3.925000E+02  4.338618E-08  3.909132E-10
   3.975000E+02  4.266676E-08  3.137080E-10
   4.025000E+02  4.225017E-08  3.903294E-10
   4.075000E+02  4.174777E-08  4.830866E-10
   4.125000E+02  4.099706E-08  4.229863E-10
   4.175000E+02  4.042728E-08  3.894372E-10
   4.225000E+02  3.980867E-08  3.890682E-10
   4.275000E+02  3.917357E-08  2.068968E-10
   4.325000E+02  3.877363E-08  3.519557E-10
   4.375000E+02  3.812509E-08  2.058643E-10
   4.425000E+02  3.783589E-08  3.880376E-10
   4.475000E+02  3.721015E-08  2.628560E-10
   4.525000E+02  3.669877E-08  3.097799E-10
   4.575000E+02  3.636464E-08  3.872824E-10
   4.625000E+02  3.595188E-08  3.870653E-10
   4.675000E+02  3.537023E-08  2.614498E-10
   4.725000E+02  3.490920E-08  2.610983E-10
   4.775000E+02  3.460447E-08  3.084202E-10
   4.825000E+02  3.420184E-08  3.081518E-10
   4.875000E+02  3.371456E-08  2.601684E-10
   4.925000E+02  3.333946E-08  3.076640E-10
   4.975000E+02  3.298675E-08  3.073636E-10
   5.025001E+02  3.243091E-08  2.002488E-10
   5.075001E+02  3.216367E-08  3.068227E-10
   5.125001E+02  3.173680E-08  2.586163E-10
   5.175001E+02  3.133104E-08  1.991401E-10
   5.225001E+02  3.111517E-08  2.581369E-10
   5.275001E+02  3.087387E-08  3.059670E-10
   5.325001E+02  3.046875E-08  1.982536E-10
   5.375001E+02  3.014082E-08  2.574034E-10
   5.425001E+02  2.988183E-08  3.053182E-10
   5.475001E+02  2.947487E-08  2.568616E-10
   5.525001E+02  2.916395E-08  2.566146E-10
   5.575001E+02  2.891033E-08  3.833739E-10
   5.625001E+02  2.867328E-08  3.832571E-10
   5.675001E+02  2.811182E-08  1.062213E-10
   5.725001E+02  2.806443E-08  3.457816E-10
   5.775001E+02  2.759537E-08  1.954193E-10
   5.825001E+02  2.726900E-08  1.046059E-10
   5.875001E+02  2.717530E-08  3.452621E-10
   5.925001E+02  2.690413E-08  3.033602E-10
   5.975001E+02  2.670319E-08  3.450511E-10
   6.025001E+02  2.625685E-08  1.939281E-10
   6.075001E+02  2.613203E-08  3.028322E-10
   6.125001E+02  2.583971E-08  2.540076E-10
   6.175001E+02  2.563137E-08  3.443604E-10
   6.225001E+02  2.522463E-08  1.928625E-10
   6.275001E+02  2.518896E-08  3.440996E-10
   6.325001E+02  2.468886E-08  9.949419E-11
   6.375001E+02  2.455213E-08  9.923575E-11
   6.425001E+02  2.433799E-08  1.919266E-10
   6.475001E+02  2.422468E-08  3.015668E-10
   6.525001E+02  2.387802E-08  1.914597E-10
   6.575001E+02  2.378636E-08  3.013550E-10
   6.625001E+02  2.344001E-08  1.909764E-10
   6.675001E+02  2.335924E-08  3.009980E-10
   6.725001E+02  2.305578E-08  1.905911E-10
   6.775001E+02  2.286525E-08  2.516299E-10
   6.825001E+02  2.277772E-08  3.426915E-10
   6.875001E+02  2.249734E-08  2.513444E-10
   6.925001E+02  2.239539E-08  3.003488E-10
   6.975001E+02  2.205446E-08  1.895215E-10
   7.025001E+02  2.187813E-08  1.894583E-10
   7.075001E+02  2.175302E-08  2.507463E-10
   7.125001E+02  2.158329E-08  2.998048E-10
   7.175001E+02  2.131410E-08  1.887322E-10
   7.225001E+02  2.110063E-08  9.198073E-11
   7.275001E+02  2.097135E-08  1.883819E-10
   7.325001E+02  2.074654E-08  9.122204E-11
   7.375001E+02  2.060055E-08  1.879914E-10
   7.425001E+02  2.050560E-08  1.878732E-10
   7.475001E+02  2.018514E-08  8.995010E-11
   7.525001E+02  2.008684E-08  1.874132E-10
   7.575001E+02  1.995244E-08  2.492997E-10
   7.625001E+02  1.977962E-08  8.906398E-11
   7.675001E+02  1.968970E-08  2.490880E-10
   7.725001E+02  1.941655E-08  8.823680E-11
   7.775001E+02  1.927538E-08  8.789409E-11
   7.825001E+02  1.912816E-08  8.758499E-11
   7.875001E+02  1.900744E-08  8.729788E-11
   7.925001E+02  1.885480E-08  8.695812E-11
   7.975001E+02  1.869131E-08  8.656630E-11
   8.025001E+02  1.870624E-08  2.482942E-10
   8.075001E+02  1.850099E-08  1.857174E-10
   8.125001E+02  1.830175E-08  8.566646E-11
   8.175001E+02  1.823365E-08  2.479170E-10
   8.225001E+02  1.800096E-08  8.493306E-11
   8.275001E+02  1.783142E-08  8.456451E-11
   8.325001E+02  1.779868E-08  1.849713E-10
   8.375001E+02  1.759410E-08  8.398975E-11
   8.425001E+02  1.743595E-08  8.360792E-11
   8.475001E+02  1.743390E-08  2.472696E-10
   8.525001E+02  1.733763E-08  2.471864E-10
   8.575001E+02  1.721699E-08  2.470829E-10
   8.625001E+02  1.706701E-08  2.469619E-10
   8.675001E+02  1.689433E-08  8.228286E-11
   8.725001E+02  1.682690E-08  2.467768E-10
   8.775001E+02  1.662396E-08  1.836913E-10
   8.825001E+02  1.652906E-08  1.835769E-10
   8.875001E+02  1.653346E-08  2.964030E-10
   8.925001E+02  1.627356E-08  1.833021E-10
   8.975001E+02  1.617217E-08  1.831970E-10
   9.025001E+02  1.600706E-08  8.008307E-11
   9.075001E+02  1.594741E-08  7.992887E-11
   9.125001E+02  1.583680E-08  1.828243E-10
   9.175001E+02  1.577428E-08  2.459104E-10
   9.225001E+02  1.557841E-08  1.825283E-10
   9.275001E+02  1.561872E-08  2.957810E-10
   9.325001E+02  1.538694E-08  7.852717E-11
   9.375001E+02  1.531529E-08  2.455383E-10
   9.425001E+02  1.518812E-08  7.803607E-11
   9.475001E+02  1.511564E-08  1.820248E-10
   9.525001E+02  1.499045E-08  7.749960E-11
   9.575001E+02  1.487997E-08  1.817576E-10
   9.625001E+02  1.483280E-08  1.817193E-10
   9.675001E+02  1.464952E-08  7.662839E-11
   9.725001E+02  1.452532E-08  7.629076E-11
   9.775001E+02  1.448440E-08  1.813282E-10
   9.825001E+02  1.442647E-08  7.602805E-11
   9.875001E+02  1.434523E-08  1.811848E-10
   9.925001E+02  1.421951E-08  7.547073E-11
   9.975001E+02  1.411247E-08  7.520797E-11
   1.002500E+03  1.401326E-08  7.496499E-11
   1.007500E+03  1.395105E-08  1.807354E-10
   1.012500E+03  1.387082E-08  1.806444E-10
   1.017500E+03  1.374287E-08  7.423462E-11
   1.022500E+03  1.371795E-08  1.804860E-10
   1.027500E+03  1.363070E-08  1.803890E-10
   1.032500E+03  1.345217E-08  7.339820E-11
   1.037500E+03  1.366388E-08  3.373140E-10
   1.042500E+03  1.333462E-08  1.800414E-10
   1.047500E+03  1.328003E-08  1.799948E-10
   1.052500E+03  1.320042E-08  1.799070E-10
   1.057500E+03  1.303923E-08  7.229131E-11
   1.062500E+03  1.302207E-08  7.223372E-11
   1.067500E+03  1.302504E-08  2.436596E-10
   1.072500E+03  1.278804E-08  7.157880E-11
   1.077500E+03  1.277479E-08  7.153873E-11
   1.082500E+03  1.267869E-08  7.127107E-11
   1.087500E+03  1.261315E-08  1.792517E-10
   1.092500E+03  1.252956E-08  7.084497E-11
   1.097500E+03  1.247793E-08  1.790951E-10
   1.102500E+03  1.236141E-08  7.037328E-11
   1.107500E+03  1.233783E-08  1.789388E-10
   1.112500E+03  1.233429E-08  2.430878E-10
   1.117500E+03  1.218727E-08  1.787697E-10
   1.122500E+03  1.205257E-08  6.948194E-11
   1.127500E+03  1.199767E-08  6.933287E-11
   1.132500E+03  1.193962E-08  6.917045E-11
   1.137500E+03  1.185112E-08  6.890539E-11
   1.142500E+03  1.189810E-08  2.427348E-10
   1.147500E+03  1.172591E-08  6.853674E-11
   1.152500E+03  1.173082E-08  1.782566E-10
   1.157500E+03  1.158949E-08  6.814797E-11
   1.162500E+03  1.154562E-08  6.799719E-11
   1.167500E+03  1.152524E-08  1.780271E-10
   1.172500E+03  1.138591E-08  6.753463E-11
   1.177500E+03  1.136862E-08  6.749114E-11
   1.182500E+03  1.130410E-08  1.777782E-10
   1.187500E+03  1.120309E-08  6.697792E-11
   1.192500E+03  1.111410E-08  6.672711E-11
   1.197500E+03  1.112145E-08  1.775732E-10
   1.202500E+03  1.098897E-08  6.635760E-11
   1.207500E+03  1.106942E-08  2.420460E-10
   1.212500E+03  1.091705E-08  6.610456E-11
   1.217500E+03  1.083166E-08  6.588149E-11
   1.222500E+03  1.076716E-08  6.566520E-11
   1.227500E+03  1.072218E-08  6.554560E-11
   1.232500E+03  1.059403E-08  6.514963E-11
   1.237500E+03  1.060757E-08  1.769915E-10
   1.242500E+03  1.054363E-08  6.498425E-11
   1.247500E+03  1.046002E-08  6.475509E-11
   1.252500E+03  1.041997E-08  6.461483E-11
   1.257500E+03  1.033027E-08  6.431214E-11
   1.262500E+03  1.026510E-08  6.412993E-11
   1.267500E+03  1.024017E-08  6.403119E-11
   1.272500E+03  1.022372E-08  6.399528E-11
   1.277500E+03  1.012104E-08  6.369175E-11
   1.282500E+03  1.008870E-08  1.764032E-10
   1.287500E+03  1.002094E-08  6.336634E-11
   1.292500E+03  9.975422E-09  6.322478E-11
   1.297500E+03  9.914347E-09  6.301673E-11
   1.302500E+03  9.851051E-09  6.282764E-11
   1.307500E+03  9.819047E-09  6.271518E-11
   1.312500E+03  9.756461E-09  6.250746E-11
   1.317500E+03  9.716056E-09  6.238280E-11
   1.322500E+03  9.676807E-09  6.226524E-11
   1.327500E+03  9.669493E-09  1.759212E-10
   1.332500E+03  9.559414E-09  6.186114E-11
   1.337500E+03  9.554901E-09  1.757934E-10
   1.342500E+03  9.442600E-09  6.148217E-11
   1.347500E+03  9.382681E-09  6.130971E-11
   1.352500E+03  9.369791E-09  6.125826E-11
   1.357500E+03  9.271423E-09  6.092290E-11
   1.362500E+03  9.292625E-09  6.100607E-11
   1.367500E+03  9.196791E-09  6.070648E-11
   1.372500E+03  9.164432E-09  6.059700E-11
   1.377500E+03  9.129316E-09  6.045485E-11
   1.382500E+03  9.062463E-09  6.023134E-11
   1.387500E+03  8.993699E-09  6.001700E-11
   1.392500E+03  8.973919E-09  5.994124E-11
   1.397500E+03  8.927335E-09  5.978805E-11
   1.402500E+03  8.910533E-09  5.974262E-11
   1.407500E+03  8.871195E-09  5.959489E-11
   1.412500E+03  8.800697E-09  5.934907E-11
   1.417500E+03  8.784206E-09  5.931692E-11
   1.422500E+03  8.687883E-09  5.899986E-11
   1.427500E+03  8.661969E-09  5.889413E-11
   1.432500E+03  8.653968E-09  5.887678E-11
   1.437500E+03  8.570535E-09  5.858140E-11
   1.442500E+03  8.523730E-09  5.843686E-11
   1.447500E+03  8.473323E-09  5.824927E-11
   1.452500E+03  8.468211E-09  5.822315E-11
   1.457500E+03  8.388602E-09  5.796708E-11
   1.462500E+03  8.372466E-09  5.789941E-11
   1.467500E+03  8.381890E-09  5.792343E-11
   1.472500E+03  8.280410E-09  5.758607E-11
   1.477500E+03  8.223025E-09  5.737448E-11
   1.482500E+03  8.218625E-09  5.735784E-11
   1.487500E+03  8.149683E-09  5.712268E-11
   1.492500E+03  8.097587E-09  5.692167E-11
   1.497500E+03  8.097054E-09  5.694856E-11
   1.502500E+03  8.049493E-09  5.678143E-11
   1.507500E+03  7.993086E-09  5.655693E-11
   1.512500E+03  7.982195E-09  5.653851E-11
   1.517500E+03  7.948991E-09  5.642687E-11
   1.522500E+03  7.906675E-09  5.625943E-11
   1.527500E+03  7.857602E-09  5.607156E-11
   1.532500E+03  7.835644E-09  5.600995E-11
   1.537500E+03  7.787504E-09  5.585253E-11
   1.542500E+03  7.748388E-09  5.569399E-11
   1.547500E+03  7.698871E-09  5.553588E-11
   1.552500E+03  7.668467E-09  5.541317E-11
   1.557500E+03  7.588146E-09  5.511752E-11
   1.562500E+03  7.580456E-09  5.510584E-11
   1.567500E+03  7.548408E-09  5.498498E-11
   1.572500E+03  7.499024E-09  5.479539E-11
   1.577500E+03  7.513515E-09  5.484229E-11
   1.582500E+03  7.454841E-09  5.463170E-11
   1.587500E+03  7.423503E-09  5.452049E-11
   1.592500E+03  7.389810E-09  5.439299E-11
   1.597500E+03  7.345271E-09  5.422020E-11
   1.602500E+03  7.264595E-09  5.392113E-11
   1.607500E+03  7.295799E-09  5.403937E-11
   1.612500E+03  7.262194E-09  5.391796E-11
   1.617500E+03  7.257794E-09  5.392033E-11
   1.622500E+03  7.179740E-09  5.360895E-11
   1.627500E+03  7.150847E-09  5.350656E-11
   1.632500E+03  7.095196E-09  5.329972E-11
   1.637500E+03  7.062881E-09  5.317666E-11
   1.642500E+03  7.034833E-09  5.307956E-11
   1.647500E+03  7.006874E-09  5.297120E-11
   1.652500E+03  6.970336E-09  5.283462E-11
   1.657500E+03  6.929575E-09  5.267613E-11
   1.662500E+03  6.923797E-09  5.264570E-11
   1.667500E+03  6.878102E-09  5.246096E-11
   1.672500E+03  6.830630E-09  5.229639E-11
   1.677500E+03  6.808893E-09  5.219932E-11
   1.682500E+03  6.812850E-09  5.222653E-11
   1.687500E+03  6.754842E-09  5.201304E-11
   1.692500E+03  6.725683E-09  5.188686E-11
   1.697500E+03  6.711148E-09  5.183634E-11
   1.702500E+03  6.678699E-09  5.170301E-11
   1.707500E+03  6.616914E-09  5.149560E-11
   1.712500E+03  6.626382E-09  5.150495E-11
   1.717500E+03  6.531437E-09  5.112338E-11
   1.722500E+03  6.530370E-09  5.114882E-11
   1.727500E+03  6.533659E-09  5.115143E-11
   1.732500E+03  6.469918E-09  5.089815E-11
   1.737500E+03  6.451427E-09  5.082391E-11
   1.742500E+03  6.426001E-09  5.072257E-11
   1.747500E+03  6.388930E-09  5.057767E-11
   1.752500E+03  6.343280E-09  5.041214E-11
   1.757500E+03  6.360838E-09  5.045975E-11
   1.762500E+03  6.303719E-09  5.023743E-11
   1.767500E+03  6.315276E-09  5.028604E-11
   1.772500E+03  6.267404E-09  5.007775E-11
   1.777500E+03  6.213841E-09  4.988311E-11
   1.782500E+03  6.202862E-09  4.983818E-11
   1.787500E+03  6.181482E-09  4.974977E-11
   1.792500E+03  6.147167E-09  4.961473E-11
   1.797500E+03  6.102539E-09  4.943235E-11
   1.802500E+03  6.112007E-09  4.947163E-11
   1.807500E+03  6.060533E-09  4.927280E-11
   1.812500E+03  6.059867E-09  4.926435E-11
   1.817500E+03  6.033419E-09  4.915922E-11
   1.822500E+03  6.000215E-09  4.900559E-11
   1.827500E+03  5.921583E-09  4.869068E-11
   1.832500E+03  5.941052E-09  4.878460E-11
   1.837500E+03  5.901536E-09  4.859934E-11
   1.842500E+03  5.886912E-09  4.854091E-11
   1.847500E+03  5.849618E-09  4.839025E-11
   1.852500E+03  5.847662E-09  4.839034E-11
   1.857500E+03  5.822548E-09  4.827326E-11
   1.862500E+03  5.777876E-09  4.809584E-11
   1.867500E+03  5.749295E-09  4.799116E-11
   1.872500E+03  5.726759E-09  4.787889E-11
   1.877500E+03  5.709023E-09  4.780149E-11
   1.882500E+03  5.683909E-09  4.770306E-11
   1.887500E+03  5.643015E-09  4.752647E-11
   1.892500E+03  5.631280E-09  4.748397E-11
   1.897500E+03  5.577851E-09  4.724507E-11
   1.902500E+03  5.553537E-09  4.716088E-11
   1.907500E+03  5.578429E-09  4.725201E-11
   1.912500E+03  5.532601E-09  4.707411E-11
   1.917500E+03  5.506420E-09  4.695410E-11
   1.922500E+03  5.474727E-09  4.681694E-11
   1.927500E+03  5.461392E-09  4.676359E-11
   1.932500E+03  5.448813E-09  4.669777E-11
   1.937500E+03  5.407652E-09  4.651615E-11
   1.942500E+03  5.403429E-09  4.650583E-11
   1.947500E+03  5.341999E-09  4.623176E-11
   1.952500E+03  5.323730E-09  4.618391E-11
   1.957500E+03  5.322308E-09  4.615663E-11
   1.962500E+03  5.313329E-09  4.612043E-11
   1.967500E+03  5.284837E-09  4.599258E-11
   1.972500E+03  5.246521E-09  4.583630E-11
   1.977500E+03  5.225763E-09  4.573101E-11
   1.982500E+03  5.224918E-09  4.573435E-11
   1.987500E+03  5.202649E-09  4.562305E-11
   1.992500E+03  5.162866E-09  4.546339E-11
   1.997500E+03  5.159977E-09  4.543711E-11
   2.002500E+03  5.122594E-09  4.528610E-11
   2.007500E+03  5.075433E-09  4.506443E-11
   2.012500E+03  5.085923E-09  4.512547E-11
   2.017500E+03  5.051519E-09  4.498611E-11
   2.022500E+03  5.053919E-09  4.498916E-11
   2.027500E+03  5.016626E-09  4.479732E-11
   2.032500E+03  5.026582E-09  4.486035E-11
   2.037500E+03  4.985599E-09  4.467547E-11
   2.042500E+03  4.960530E-09  4.455581E-11
   2.047500E+03  4.941683E-09  4.447315E-11
   2.052500E+03  4.901500E-09  4.430666E-11
   2.057500E+03  4.877675E-09  4.418875E-11
   2.062500E+03  4.873141E-09  4.417245E-11
   2.067500E+03  4.857717E-09  4.410362E-11
   2.072500E+03  4.811978E-09  4.387783E-11
   2.077500E+03  4.816556E-09  4.391712E-11
   2.082500E+03  4.804644E-09  4.385849E-11
   2.087500E+03  4.775173E-09  4.371661E-11
   2.092500E+03  4.738769E-09  4.354721E-11
   2.097500E+03  4.700186E-09  4.337539E-11
   2.102500E+03  4.729212E-09  4.350902E-11
   2.107500E+03  4.700497E-09  4.338214E-11
   2.112500E+03  4.665337E-09  4.321176E-11
   2.117500E+03  4.657203E-09  4.316991E-11
   2.122500E+03  4.635600E-09  4.306979E-11
   2.127500E+03  4.614042E-09  4.296220E-11
   2.132500E+03  4.604530E-09  4.291498E-11
   2.137500E+03  4.562169E-09  4.273386E-11
   2.142500E+03  4.559413E-09  4.271483E-11
   2.147500E+03  4.564036E-09  4.274584E-11
   2.152500E+03  4.533765E-09  4.261067E-11
   2.157500E+03  4.513807E-09  4.250516E-11
   2.162500E+03  4.493405E-09  4.241158E-11
   2.167500E+03  4.442465E-09  4.216646E-11
   2.172500E+03  4.417217E-09  4.204250E-11
   2.177500E+03  4.416417E-09  4.203365E-11
   2.182500E+03  4.396193E-09  4.194958E-11
   2.187500E+03  4.387080E-09  4.190224E-11
   2.192500E+03  4.387125E-09  4.189991E-11
   2.197500E+03  4.371790E-09  4.182854E-11
   2.202500E+03  4.316983E-09  4.156319E-11
   2.207500E+03  4.313560E-09  4.154899E-11
   2.212500E+03  4.285912E-09  4.142497E-11
   2.217500E+03  4.276667E-09  4.138240E-11
   2.222500E+03  4.278889E-09  4.138661E-11
   2.227500E+03  4.275911E-09  4.136889E-11
   2.232500E+03  4.236350E-09  4.118699E-11
   2.237500E+03  4.216392E-09  4.107474E-11
   2.242500E+03  4.209858E-09  4.104838E-11
   2.247500E+03  4.187322E-09  4.094541E-11
   2.252500E+03  4.155896E-09  4.077761E-11
   2.257500E+03  4.148828E-09  4.074757E-11
   2.262500E+03  4.121581E-09  4.063264E-11
   2.267500E+03  4.105623E-09  4.054281E-11
   2.272500E+03  4.107979E-09  4.054118E-11
   2.277500E+03  4.071219E-09  4.036572E-11
   2.282500E+03  4.082331E-09  4.042251E-11
   2.287500E+03  4.057395E-09  4.030080E-11
   2.292500E+03  4.015567E-09  4.008279E-11
   2.297500E+03  4.008055E-09  4.005624E-11
   2.302500E+03  4.005611E-09  4.003658E-11
   2.307500E+03  3.973429E-09  3.987719E-11
   2.312500E+03  3.983474E-09  3.993517E-11
   2.317500E+03  3.951204E-09  3.976732E-11
   2.322500E+03  3.936446E-09  3.969450E-11
   2.327500E+03  3.901020E-09  3.952192E-11
   2.332500E+03  3.895908E-09  3.949129E-11
   2.337500E+03  3.924978E-09  3.963578E-11
   2.342500E+03  3.883640E-09  3.941559E-11
   2.347500E+03  3.856303E-09  3.928719E-11
   2.352500E+03  3.841057E-09  3.921099E-11
   2.357500E+03  3.804252E-09  3.902923E-11
   2.362500E+03  3.828077E-09  3.913977E-11
   2.367500E+03  3.819543E-09  3.909828E-11
   2.372500E+03  3.772826E-09  3.885257E-11
   2.377500E+03  3.798607E-09  3.898545E-11
   2.382500E+03  3.738244E-09  3.868740E-11
   2.387500E+03  3.763758E-09  3.881079E-11
   2.392500E+03  3.727976E-09  3.863283E-11
   2.397500E+03  3.723709E-09  3.859846E-11
   2.402500E+03  3.684237E-09  3.840228E-11
   2.407500E+03  3.676058E-09  3.836089E-11
   2.412500E+03  3.677659E-09  3.836454E-11
   2.417500E+03  3.668946E-09  3.831803E-11
   2.422500E+03  3.625074E-09  3.809511E-11
   2.427500E+03  3.622318E-09  3.807841E-11
   2.432500E+03  3.616229E-09  3.804944E-11
   2.437500E+03  3.597382E-09  3.795001E-11
   2.442500E+03  3.569556E-09  3.779375E-11
   2.447500E+03  3.560044E-09  3.774891E-11
   2.452500E+03  3.560311E-09  3.774655E-11
   2.457500E+03  3.525328E-09  3.756770E-11
   2.462500E+03  3.511460E-09  3.748244E-11
   2.467500E+03  3.512927E-09  3.750017E-11
   2.472500E+03  3.515727E-09  3.752211E-11
   2.477500E+03  3.482301E-09  3.733235E-11
   2.482500E+03  3.478300E-09  3.730868E-11
   2.487500E+03  3.475633E-09  3.730592E-11
   2.492500E+03  3.442518E-09  3.711766E-11
   2.497500E+03  3.421493E-09  3.700880E-11
   2.502500E+03  3.407936E-09  3.692198E-11
   2.507500E+03  3.390289E-09  3.683801E-11
   2.512500E+03  3.372687E-09  3.673230E-11
   2.517500E+03  3.353040E-09  3.663169E-11
   2.522500E+03  3.341306E-09  3.657625E-11
   2.527500E+03  3.356330E-09  3.664808E-11
   2.532500E+03  3.323259E-09  3.647028E-11
   2.537500E+03  3.323037E-09  3.647882E-11
   2.542500E+03  3.307968E-09  3.638589E-11
   2.547500E+03  3.296500E-09  3.632663E-11
   2.552500E+03  3.268185E-09  3.617042E-11
   2.557500E+03  3.269963E-09  3.617822E-11
   2.562500E+03  3.252183E-09  3.606957E-11
   2.567500E+03  3.240582E-09  3.600214E-11
   2.572500E+03  3.247160E-09  3.604238E-11
   2.577500E+03  3.223735E-09  3.591892E-11
   2.582500E+03  3.192665E-09  3.574359E-11
   2.587500E+03  3.195287E-09  3.575817E-11
   2.592500E+03  3.160483E-09  3.556418E-11
   2.597500E+03  3.178796E-09  3.566340E-11
   2.602500E+03  3.150348E-09  3.552051E-11
   2.607500E+03  3.140392E-09  3.545421E-11
   2.612500E+03  3.131368E-09  3.540107E-11
   2.617500E+03  3.110966E-09  3.529035E-11
   2.622500E+03  3.076339E-09  3.508867E-11
   2.627500E+03  3.103009E-09  3.523844E-11
   2.632500E+03  3.093808E-09  3.518851E-11
   2.637500E+03  3.062115E-09  3.500036E-11
   2.642500E+03  3.044691E-09  3.490837E-11
   2.647500E+03  3.016154E-09  3.473368E-11
   2.652500E+03  3.042513E-09  3.489495E-11
   2.657500E+03  3.010420E-09  3.471519E-11
   2.662500E+03  2.995085E-09  3.461851E-11
   2.667500E+03  2.985350E-09  3.456049E-11
   2.672500E+03  2.979705E-09  3.453212E-11
   2.677500E+03  2.968770E-09  3.447477E-11
   2.682500E+03  2.958991E-09  3.440747E-11
   2.687500E+03  2.954724E-09  3.439469E-11
   2.692500E+03  2.939344E-09  3.430462E-11
   2.697500E+03  2.921564E-09  3.418839E-11
   2.702500E+03  2.903295E-09  3.409604E-11
   2.707500E+03  2.905918E-09  3.411550E-11
   2.712500E+03  2.893694E-09  3.402588E-11
   2.717500E+03  2.866491E-09  3.387123E-11
   2.722500E+03  2.885426E-09  3.398014E-11
   2.727500E+03  2.862846E-09  3.383983E-11
   2.732500E+03  2.849778E-09  3.376768E-11
   2.737500E+03  2.835954E-09  3.368932E-11
   2.742500E+03  2.809284E-09  3.352565E-11
   2.747500E+03  2.804261E-09  3.349902E-11
   2.752500E+03  2.790837E-09  3.341974E-11
   2.757500E+03  2.778169E-09  3.334745E-11
   2.762500E+03  2.798082E-09  3.346231E-11
   2.767500E+03  2.742297E-09  3.311989E-11
   2.772500E+03  2.777013E-09  3.333736E-11
   2.777500E+03  2.724029E-09  3.301805E-11
   2.782500E+03  2.744031E-09  3.314104E-11
   2.787500E+03  2.726073E-09  3.303198E-11
   2.792500E+03  2.706738E-09  3.290883E-11
   2.797500E+03  2.720828E-09  3.299553E-11
   2.802500E+03  2.710116E-09  3.293303E-11
   2.807500E+03  2.692113E-09  3.282572E-11
   2.812500E+03  2.663265E-09  3.265203E-11
   2.817500E+03  2.665710E-09  3.266094E-11
   2.822500E+03  2.627439E-09  3.242694E-11
   2.827500E+03  2.629128E-09  3.243621E-11
   2.832500E+03  2.613970E-09  3.234418E-11
   2.837500E+03  2.620593E-09  3.239094E-11
   2.842500E+03  2.613837E-09  3.233951E-11
   2.847500E+03  2.622771E-09  3.239829E-11
   2.852500E+03  2.568098E-09  3.206736E-11
   2.857500E+03  2.585078E-09  3.216262E-11
   2.862500E+03  2.581122E-09  3.214089E-11
   2.867500E+03  2.551385E-09  3.195958E-11
   2.872500E+03  2.549340E-09  3.193515E-11
   2.877500E+03  2.535383E-09  3.186312E-11
   2.882500E+03  2.503468E-09  3.165078E-11
   2.887500E+03  2.516536E-09  3.172893E-11
   2.892500E+03  2.512269E-09  3.171898E-11
   2.897500E+03  2.494978E-09  3.159622E-11
   2.902500E+03  2.482132E-09  3.151802E-11
   2.907500E+03  2.474175E-09  3.146603E-11
   2.912500E+03  2.470753E-09  3.143080E-11
   2.917500E+03  2.474042E-09  3.146180E-11
   2.922500E+03  2.442305E-09  3.126320E-11
   2.927500E+03  2.431903E-09  3.119519E-11
   2.932500E+03  2.433681E-09  3.120369E-11
   2.937500E+03  2.415990E-09  3.110320E-11
   2.942500E+03  2.402477E-09  3.101258E-11
   2.947500E+03  2.385898E-09  3.090424E-11
   2.952500E+03  2.383542E-09  3.088446E-11
   2.957500E+03  2.361895E-09  3.074922E-11
   2.962500E+03  2.371096E-09  3.080181E-11
   2.967500E+03  2.357361E-09  3.070654E-11
   2.972500E+03  2.339892E-09  3.060817E-11
   2.977500E+03  2.344248E-09  3.062430E-11
   2.982500E+03  2.311088E-09  3.040503E-11
   2.987500E+03  2.343581E-09  3.062984E-11
   2.992500E+03  2.308732E-09  3.039720E-11
   2.997500E+03  2.288685E-09  3.026560E-11
   3.002500E+03  2.291664E-09  3.028284E-11
   3.007500E+03  2.281218E-09  3.021525E-11
   3.012500E+03  2.258504E-09  3.007110E-11
   3.017500E+03  2.264816E-09  3.010224E-11
   3.022500E+03  2.271617E-09  3.014837E-11
   3.027500E+03  2.261571E-09  3.008609E-11
   3.032500E+03  2.227033E-09  2.984767E-11
   3.037500E+03  2.230323E-09  2.987318E-11
   3.042500E+03  2.210809E-09  2.974401E-11
   3.047500E+03  2.209387E-09  2.973688E-11
   3.052500E+03  2.184984E-09  2.957479E-11
   3.057500E+03  2.185250E-09  2.957719E-11
   3.062500E+03  2.167337E-09  2.945028E-11
   3.067500E+03  2.170271E-09  2.946589E-11
   3.072500E+03  2.163781E-09  2.943408E-11
   3.077500E+03  2.164981E-09  2.943978E-11
   3.082500E+03  2.142978E-09  2.928144E-11
   3.087500E+03  2.139556E-09  2.926423E-11
   3.092500E+03  2.131155E-09  2.919603E-11
   3.097500E+03  2.121331E-09  2.913626E-11
   3.102500E+03  2.124798E-09  2.915751E-11
   3.107500E+03  2.112219E-09  2.907757E-11
   3.112500E+03  2.097195E-09  2.896771E-11
   3.117500E+03  2.090305E-09  2.892644E-11
   3.122500E+03  2.071192E-09  2.878031E-11
   3.127500E+03  2.066302E-09  2.875696E-11
   3.132500E+03  2.069458E-09  2.878376E-11
   3.137500E+03  2.054078E-09  2.867216E-11
   3.142500E+03  2.037943E-09  2.855858E-11
   3.147500E+03  2.034431E-09  2.853096E-11
   3.152500E+03  2.006117E-09  2.834008E-11
   3.157500E+03  2.022474E-09  2.844672E-11
   3.162500E+03  2.008250E-09  2.834943E-11
   3.167500E+03  2.006739E-09  2.834007E-11
   3.172500E+03  1.976469E-09  2.811950E-11
   3.177500E+03  1.991093E-09  2.822293E-11
   3.182500E+03  1.991315E-09  2.823331E-11
   3.187500E+03  1.974691E-09  2.811386E-11
   3.192500E+03  1.972290E-09  2.809051E-11
   3.197500E+03  1.955177E-09  2.797013E-11
   3.202500E+03  1.950377E-09  2.793655E-11
   3.207500E+03  1.938864E-09  2.785368E-11
   3.212500E+03  1.923084E-09  2.774633E-11
   3.217500E+03  1.902637E-09  2.759523E-11
   3.222500E+03  1.907038E-09  2.762634E-11
   3.227500E+03  1.913483E-09  2.767151E-11
   3.232500E+03  1.909305E-09  2.763497E-11
   3.237500E+03  1.893214E-09  2.752515E-11
   3.242500E+03  1.873434E-09  2.737833E-11
   3.247500E+03  1.876367E-09  2.740032E-11
   3.252500E+03  1.858365E-09  2.726973E-11
   3.257500E+03  1.859743E-09  2.728957E-11
   3.262500E+03  1.840363E-09  2.714701E-11
   3.267500E+03  1.839785E-09  2.713294E-11
   3.272500E+03  1.830762E-09  2.706461E-11
   3.277500E+03  1.822805E-09  2.701320E-11
   3.282500E+03  1.812715E-09  2.693667E-11
   3.287500E+03  1.823427E-09  2.701252E-11
   3.292500E+03  1.807514E-09  2.689618E-11
   3.297500E+03  1.798446E-09  2.682492E-11
   3.302500E+03  1.797913E-09  2.682891E-11
   3.307500E+03  1.773066E-09  2.664034E-11
   3.312500E+03  1.794579E-09  2.680148E-11
   3.317500E+03  1.768132E-09  2.660005E-11
   3.322500E+03  1.757686E-09  2.651697E-11
   3.327500E+03  1.766487E-09  2.658906E-11
   3.332500E+03  1.736750E-09  2.636181E-11
   3.337500E+03  1.732749E-09  2.633155E-11
   3.342500E+03  1.743373E-09  2.640781E-11
   3.347500E+03  1.729149E-09  2.630090E-11
   3.352500E+03  1.722926E-09  2.625436E-11
   3.357500E+03  1.710969E-09  2.616410E-11
   3.362500E+03  1.685988E-09  2.597580E-11
   3.367500E+03  1.692300E-09  2.602830E-11
   3.372500E+03  1.689677E-09  2.600273E-11
   3.377500E+03  1.682299E-09  2.595158E-11
   3.382500E+03  1.668386E-09  2.584035E-11
   3.387500E+03  1.663763E-09  2.580397E-11
   3.392500E+03  1.653984E-09  2.572347E-11
   3.397500E+03  1.652117E-09  2.571729E-11
   3.402500E+03  1.658162E-09  2.575928E-11
   3.407500E+03  1.630737E-09  2.554613E-11
   3.412500E+03  1.650295E-09  2.570524E-11
   3.417500E+03  1.629937E-09  2.554058E-11
   3.422500E+03  1.612379E-09  2.540105E-11
   3.427500E+03  1.603267E-09  2.534205E-11
   3.432500E+03  1.594110E-09  2.525582E-11
   3.437500E+03  1.589798E-09  2.522599E-11
   3.442500E+03  1.585664E-09  2.517988E-11
   3.447500E+03  1.580019E-09  2.514221E-11
   3.452500E+03  1.572374E-09  2.507937E-11
   3.457500E+03  1.566106E-09  2.503304E-11
   3.462500E+03  1.558417E-09  2.497456E-11
   3.467500E+03  1.555216E-09  2.495755E-11
   3.472500E+03  1.542770E-09  2.484216E-11
   3.477500E+03  1.539392E-09  2.481718E-11
   3.482500E+03  1.536369E-09  2.479359E-11
   3.487500E+03  1.521390E-09  2.466921E-11
   3.492500E+03  1.522901E-09  2.469079E-11
   3.497500E+03  1.506143E-09  2.455434E-11
   3.502500E+03  1.497653E-09  2.447657E-11
   3.507500E+03  1.499431E-09  2.448888E-11
   3.512500E+03  1.487697E-09  2.439312E-11
   3.517500E+03  1.486941E-09  2.439496E-11
   3.522500E+03  1.479073E-09  2.432837E-11
   3.527500E+03  1.469117E-09  2.425027E-11
   3.532500E+03  1.470094E-09  2.426271E-11
   3.537500E+03  1.454315E-09  2.412454E-11
   3.542500E+03  1.454359E-09  2.412564E-11
   3.547500E+03  1.447292E-09  2.405902E-11
   3.552500E+03  1.428223E-09  2.390561E-11
   3.557500E+03  1.424044E-09  2.386551E-11
   3.562500E+03  1.421111E-09  2.384545E-11
   3.567500E+03  1.410443E-09  2.376503E-11
   3.572500E+03  1.405153E-09  2.371309E-11
   3.577500E+03  1.409153E-09  2.375046E-11
   3.582500E+03  1.387951E-09  2.356644E-11
   3.587500E+03  1.383639E-09  2.353671E-11
   3.592500E+03  1.388929E-09  2.358075E-11
   3.597500E+03  1.398441E-09  2.366032E-11
   3.602500E+03  1.370082E-09  2.341470E-11
   3.607500E+03  1.361725E-09  2.333958E-11
   3.612500E+03  1.364881E-09  2.335969E-11
   3.617500E+03  1.354347E-09  2.328025E-11
   3.622500E+03  1.357636E-09  2.330766E-11
   3.627500E+03  1.346879E-09  2.322383E-11
   3.632500E+03  1.339367E-09  2.314462E-11
   3.637500E+03  1.336567E-09  2.312585E-11
   3.642500E+03  1.306607E-09  2.286360E-11
   3.647500E+03  1.309452E-09  2.288997E-11
   3.652500E+03  1.311230E-09  2.290934E-11
   3.657500E+03  1.323321E-09  2.301516E-11
   3.662500E+03  1.299718E-09  2.279638E-11
   3.667500E+03  1.298340E-09  2.279134E-11
   3.672500E+03  1.286827E-09  2.268956E-11
   3.677500E+03  1.270558E-09  2.254683E-11
   3.682500E+03  1.273092E-09  2.256845E-11
   3.687500E+03  1.272070E-09  2.255705E-11
   3.692500E+03  1.264602E-09  2.249248E-11
   3.697500E+03  1.256690E-09  2.242456E-11
   3.702500E+03  1.243888E-09  2.230797E-11
   3.707500E+03  1.237176E-09  2.224546E-11
   3.712500E+03  1.242377E-09  2.229764E-11
   3.717500E+03  1.226064E-09  2.215439E-11
   3.722500E+03  1.240821E-09  2.228611E-11
   3.727500E+03  1.217130E-09  2.206733E-11
   3.732500E+03  1.216463E-09  2.205888E-11
   3.737500E+03  1.206728E-09  2.197307E-11
   3.742500E+03  1.207706E-09  2.198761E-11
   3.747500E+03  1.186281E-09  2.178332E-11
   3.752500E+03  1.187170E-09  2.178902E-11
   3.757500E+03  1.175747E-09  2.170545E-11
   3.762500E+03  1.180725E-09  2.173972E-11
   3.767500E+03  1.165612E-09  2.160384E-11
   3.772500E+03  1.164501E-09  2.158698E-11
   3.777500E+03  1.164279E-09  2.157999E-11
   3.782500E+03  1.155433E-09  2.150134E-11
   3.787500E+03  1.142498E-09  2.138011E-11
   3.792500E+03  1.148188E-09  2.142817E-11
   3.797500E+03  1.129030E-09  2.125820E-11
   3.802500E+03  1.136631E-09  2.132694E-11
   3.807500E+03  1.126052E-09  2.122938E-11
   3.812500E+03  1.121651E-09  2.118545E-11
   3.817500E+03  1.110805E-09  2.108134E-11
   3.822500E+03  1.108183E-09  2.105397E-11
   3.827500E+03  1.102626E-09  2.100631E-11
   3.832500E+03  1.096448E-09  2.094412E-11
   3.837500E+03  1.089469E-09  2.087922E-11
   3.842500E+03  1.085646E-09  2.084349E-11
   3.847500E+03  1.070578E-09  2.069869E-11
   3.852500E+03  1.068533E-09  2.066865E-11
   3.857500E+03  1.074712E-09  2.073852E-11
   3.862500E+03  1.057599E-09  2.057142E-11
   3.867500E+03  1.065911E-09  2.064244E-11
   3.872500E+03  1.059154E-09  2.058651E-11
   3.877500E+03  1.053687E-09  2.053863E-11
   3.882500E+03  1.035951E-09  2.036465E-11
   3.887500E+03  1.043063E-09  2.042902E-11
   3.892500E+03  1.033996E-09  2.033586E-11
   3.897500E+03  1.024572E-09  2.024578E-11
   3.902500E+03  1.018972E-09  2.018784E-11
   3.907500E+03  1.022572E-09  2.022517E-11
   3.912500E+03  1.009148E-09  2.009932E-11
   3.917500E+03  1.008659E-09  2.008650E-11
   3.922500E+03  9.972355E-10  1.997798E-11
   3.927500E+03  9.801222E-10  1.980354E-11
   3.932500E+03  9.898568E-10  1.990590E-11
   3.937500E+03  9.839449E-10  1.984383E-11
   3.942500E+03  9.847895E-10  1.985233E-11
   3.947500E+03  9.719879E-10  1.972497E-11
   3.952500E+03  9.631423E-10  1.963343E-11
   3.957500E+03  9.646536E-10  1.965422E-11
   3.962500E+03  9.546524E-10  1.954509E-11
   3.967500E+03  9.571860E-10  1.956732E-11
   3.972500E+03  9.482516E-10  1.948690E-11
   3.977500E+03  9.251820E-10  1.924447E-11
   3.982500E+03  9.364279E-10  1.935252E-11
   3.987500E+03  9.290936E-10  1.928132E-11
   3.992500E+03  9.271823E-10  1.925598E-11
   3.997500E+03  9.165587E-10  1.915386E-11
   4.002500E+03  9.245597E-10  1.923524E-11
   4.007500E+03  9.009123E-10  1.898444E-11
   4.012500E+03  9.103802E-10  1.909121E-11
   4.017500E+03  8.931336E-10  1.890339E-11
   4.022500E+03  8.834879E-10  1.880312E-11
   4.027500E+03  8.926002E-10  1.889964E-11
   4.032500E+03  8.758870E-10  1.872033E-11
   4.037500E+03  8.750869E-10  1.871274E-11
   4.042500E+03  8.734422E-10  1.869233E-11
   4.047500E+03  8.642855E-10  1.860095E-11
   4.052500E+03  8.625964E-10  1.858090E-11
   4.057500E+03  8.568179E-10  1.851581E-11
   4.062500E+03  8.493504E-10  1.843606E-11
   4.067500E+03  8.541510E-10  1.848799E-11
   4.072500E+03  8.358376E-10  1.828328E-11
   4.077500E+03  8.484614E-10  1.842740E-11
   4.082500E+03  8.457944E-10  1.839847E-11
   4.087500E+03  8.268142E-10  1.818641E-11
   4.092500E+03  8.281922E-10  1.820544E-11
   4.097500E+03  8.167685E-10  1.807970E-11
   4.102500E+03  8.027223E-10  1.792090E-11
   4.107500E+03  8.107678E-10  1.801231E-11
   4.112500E+03  8.050337E-10  1.794367E-11
   4.117500E+03  7.938768E-10  1.782305E-11
   4.122500E+03  8.091231E-10  1.799406E-11
   4.127500E+03  7.886317E-10  1.776718E-11
   4.132500E+03  7.881872E-10  1.775518E-11
   4.137500E+03  7.834755E-10  1.770110E-11
   4.142500E+03  7.725852E-10  1.757779E-11
   4.147500E+03  7.672068E-10  1.751556E-11
   4.152500E+03  7.691626E-10  1.754495E-11
   4.157500E+03  7.664067E-10  1.751050E-11
   4.162500E+03  7.515604E-10  1.734341E-11
   4.167500E+03  7.495157E-10  1.731574E-11
   4.172500E+03  7.445373E-10  1.726131E-11
   4.177500E+03  7.360918E-10  1.716331E-11
   4.182500E+03  7.293798E-10  1.708502E-11
   4.187500E+03  7.292020E-10  1.708190E-11
   4.192500E+03  7.308022E-10  1.710268E-11
   4.197500E+03  7.180006E-10  1.694937E-11
   4.202500E+03  7.152892E-10  1.691844E-11
   4.207500E+03  7.181784E-10  1.695147E-11
   4.212500E+03  7.109331E-10  1.686693E-11
   4.217500E+03  6.964868E-10  1.669604E-11
   4.222500E+03  6.955089E-10  1.667901E-11
   4.227500E+03  6.978203E-10  1.670773E-11
   4.232500E+03  6.973314E-10  1.670401E-11
   4.237500E+03  6.750175E-10  1.643717E-11
   4.242500E+03  6.788402E-10  1.648140E-11
   4.247500E+03  6.761732E-10  1.645121E-11
   4.252500E+03  6.688834E-10  1.635919E-11
   4.257500E+03  6.743952E-10  1.642528E-11
   4.262500E+03  6.586599E-10  1.623497E-11
   4.267500E+03  6.527925E-10  1.616701E-11
   4.272500E+03  6.529259E-10  1.615986E-11
   4.277500E+03  6.433691E-10  1.604350E-11
   4.282500E+03  6.395909E-10  1.599861E-11
   4.287500E+03  6.411022E-10  1.601636E-11
   4.292500E+03  6.452360E-10  1.607116E-11
   4.297500E+03  6.291451E-10  1.586427E-11
   4.302500E+03  6.357682E-10  1.594857E-11
   4.307500E+03  6.151878E-10  1.568979E-11
   4.312500E+03  6.190105E-10  1.573952E-11
   4.317500E+03  6.159435E-10  1.569375E-11
   4.322500E+03  6.087870E-10  1.560580E-11
   4.327500E+03  6.073202E-10  1.559157E-11
   4.332500E+03  6.083870E-10  1.559839E-11
   4.337500E+03  5.953187E-10  1.543356E-11
   4.342500E+03  5.885178E-10  1.534759E-11
   4.347500E+03  5.805168E-10  1.523958E-11
   4.352500E+03  5.802501E-10  1.523258E-11
   4.357500E+03  5.725603E-10  1.514078E-11
   4.362500E+03  5.661595E-10  1.505017E-11
   4.367500E+03  5.624701E-10  1.500111E-11
   4.372500E+03  5.598476E-10  1.496257E-11
   4.377500E+03  5.586474E-10  1.494773E-11
   4.382500E+03  5.487795E-10  1.482004E-11
   4.387500E+03  5.430010E-10  1.474313E-11
   4.392500E+03  5.453569E-10  1.477502E-11
   4.397500E+03  5.456236E-10  1.477622E-11
   4.402500E+03  5.457125E-10  1.477381E-11
   4.407500E+03  5.280214E-10  1.453625E-11
   4.412500E+03  5.244654E-10  1.448114E-11
   4.417500E+03  5.218428E-10  1.444737E-11
   4.422500E+03  5.184646E-10  1.440304E-11
   4.427500E+03  5.197537E-10  1.442092E-11
   4.432500E+03  5.073077E-10  1.424866E-11
   4.437500E+03  5.069521E-10  1.424368E-11
   4.442500E+03  5.000624E-10  1.414669E-11
   4.447500E+03  4.901500E-10  1.400470E-11
   4.452500E+03  4.902834E-10  1.400153E-11
   4.457500E+03  4.887276E-10  1.398439E-11
   4.462500E+03  4.817045E-10  1.388367E-11
   4.467500E+03  4.744592E-10  1.377512E-11
   4.472500E+03  4.765039E-10  1.380990E-11
   4.477500E+03  4.715255E-10  1.373638E-11
   4.482500E+03  4.610353E-10  1.358160E-11
   4.487500E+03  4.677917E-10  1.368065E-11
   4.492500E+03  4.463223E-10  1.336069E-11
   4.497500E+03  4.554346E-10  1.349630E-11
   4.502500E+03  4.508118E-10  1.343297E-11
   4.507500E+03  4.436998E-10  1.332140E-11
   4.512500E+03  4.385436E-10  1.324785E-11
   4.517500E+03  4.329873E-10  1.315836E-11
   4.522500E+03  4.313871E-10  1.313809E-11
   4.527500E+03  4.307648E-10  1.312998E-11
   4.532500E+03  4.188522E-10  1.294189E-11
   4.537500E+03  4.258753E-10  1.304989E-11
   4.542500E+03  4.200524E-10  1.296041E-11
   4.547500E+03  4.172520E-10  1.292266E-11
   4.552500E+03  4.079175E-10  1.277608E-11
   4.557500E+03  4.010722E-10  1.266714E-11
   4.562500E+03  3.986275E-10  1.262851E-11
   4.567500E+03  4.009389E-10  1.266223E-11
   4.572500E+03  3.865371E-10  1.243568E-11
   4.577500E+03  3.905820E-10  1.250337E-11
   4.582500E+03  3.788917E-10  1.231796E-11
   4.587500E+03  3.776471E-10  1.229052E-11
   4.592500E+03  3.794695E-10  1.232012E-11
   4.597500E+03  3.736910E-10  1.222456E-11
   4.602500E+03  3.663123E-10  1.210625E-11
   4.607500E+03  3.708462E-10  1.218234E-11
   4.612500E+03  3.605783E-10  1.201120E-11
   4.617500E+03  3.487101E-10  1.181205E-11
   4.622500E+03  3.535107E-10  1.189450E-11
   4.627500E+03  3.455097E-10  1.175928E-11
   4.632500E+03  3.433761E-10  1.171992E-11
   4.637500E+03  3.316858E-10  1.151726E-11
   4.642500E+03  3.380422E-10  1.163165E-11
   4.647500E+03  3.311080E-10  1.151187E-11
   4.652500E+03  3.358641E-10  1.159262E-11
   4.657500E+03  3.275520E-10  1.144529E-11
   4.662500E+03  3.182175E-10  1.128266E-11
   4.667500E+03  3.128835E-10  1.118616E-11
   4.672500E+03  3.072383E-10  1.108643E-11
   4.677500E+03  3.070161E-10  1.108082E-11
   4.682500E+03  3.023933E-10  1.099872E-11
   4.687500E+03  2.905251E-10  1.078085E-11
   4.692500E+03  2.940367E-10  1.085069E-11
   4.697500E+03  2.863913E-10  1.070558E-11
   4.702500E+03  2.875470E-10  1.072714E-11
   4.707500E+03  2.798127E-10  1.058370E-11
   4.712500E+03  2.835020E-10  1.065316E-11
   4.717500E+03  2.735008E-10  1.045870E-11
   4.722500E+03  2.732785E-10  1.045785E-11
   4.727500E+03  2.617215E-10  1.023280E-11
   4.732500E+03  2.650108E-10  1.029686E-11
   4.737500E+03  2.586989E-10  1.017357E-11
   4.742500E+03  2.540317E-10  1.008144E-11
   4.747500E+03  2.490977E-10  9.981332E-12
   4.752500E+03  2.424747E-10  9.849583E-12
   4.757500E+03  2.379408E-10  9.755296E-12
   4.762500E+03  2.399410E-10  9.796204E-12
   4.767500E+03  2.331402E-10  9.660090E-12
   4.772500E+03  2.296731E-10  9.586209E-12
   4.777500E+03  2.245613E-10  9.478996E-12
   4.782500E+03  2.274061E-10  9.538811E-12
   4.787500E+03  2.205164E-10  9.391396E-12
   4.792500E+03  2.149157E-10  9.273311E-12
   4.797500E+03  2.094928E-10  9.153699E-12
   4.802500E+03  2.106929E-10  9.181813E-12
   4.807500E+03  2.088705E-10  9.140096E-12
   4.812500E+03  2.022919E-10  8.995036E-12
   4.817500E+03  1.961578E-10  8.857634E-12
   4.822500E+03  1.943353E-10  8.816399E-12
   4.827500E+03  1.924684E-10  8.773957E-12
   4.832500E+03  1.884679E-10  8.682312E-12
   4.837500E+03  1.859787E-10  8.626857E-12
   4.842500E+03  1.809114E-10  8.506507E-12
   4.847500E+03  1.713102E-10  8.277744E-12
   4.852500E+03  1.720214E-10  8.299192E-12
   4.857500E+03  1.706880E-10  8.264850E-12
   4.862500E+03  1.644650E-10  8.110702E-12
   4.867500E+03  1.613090E-10  8.036945E-12
   4.872500E+03  1.613090E-10  8.032519E-12
   4.877500E+03  1.526413E-10  7.813764E-12
   4.882500E+03  1.455737E-10  7.630751E-12
   4.887500E+03  1.455737E-10  7.630751E-12
   4.892500E+03  1.441958E-10  7.594556E-12
   4.897500E+03  1.388618E-10  7.452785E-12
   4.902500E+03  1.313942E-10  7.249648E-12
   4.907500E+03  1.242377E-10  7.049481E-12
   4.912500E+03  1.260602E-10  7.100991E-12
   4.917500E+03  1.185037E-10  6.884898E-12
   4.922500E+03  1.168146E-10  6.838262E-12
   4.927500E+03  1.142365E-10  6.762447E-12
   4.932500E+03  1.070800E-10  6.544678E-12
   4.937500E+03  1.037463E-10  6.442005E-12
   4.942500E+03  9.756772E-11  6.247255E-12
   4.947500E+03  9.218927E-11  6.072639E-12
   4.952500E+03  8.974452E-11  5.991586E-12
   4.957500E+03  8.045448E-11  5.676161E-12
   4.962500E+03  7.569833E-11  5.502803E-12
   4.967500E+03  6.774178E-11  5.205601E-12
   4.972500E+03  6.067423E-11  4.926587E-12
   4.977500E+03  5.529578E-11  4.703176E-12
   4.982500E+03  4.805044E-11  4.384251E-12
   4.987500E+03  3.907154E-11  3.953475E-12
   4.992500E+03  3.440429E-11  3.709847E-12
   4.997500E+03  2.987039E-11  3.456775E-12
