 #  Results from PENEPMA.
 #  Energy distribution of upbound photons.
 #  1st column: E (eV).
 #  2nd and 3rd columns: probability density and STU (1/(eV*particle)).

   1.000000E+00  1.000000E-35  1.000000E-35
   3.000000E+00  1.000000E-35  1.000000E-35
   5.000001E+00  1.000000E-35  1.000000E-35
   7.000001E+00  1.000000E-35  1.000000E-35
   9.000001E+00  1.000000E-35  1.000000E-35
   1.100000E+01  1.000000E-35  1.000000E-35
   1.300000E+01  1.000000E-35  1.000000E-35
   1.500000E+01  1.000000E-35  1.000000E-35
   1.700000E+01  1.000000E-35  1.000000E-35
   1.900000E+01  1.000000E-35  1.000000E-35
   2.100000E+01  1.000000E-35  1.000000E-35
   2.300000E+01  1.000000E-35  1.000000E-35
   2.500000E+01  1.000000E-35  1.000000E-35
   2.700000E+01  1.000000E-35  1.000000E-35
   2.900000E+01  1.000000E-35  1.000000E-35
   3.100000E+01  1.000000E-35  1.000000E-35
   3.300000E+01  1.000000E-35  1.000000E-35
   3.500000E+01  1.000000E-35  1.000000E-35
   3.700000E+01  1.000000E-35  1.000000E-35
   3.900000E+01  1.000000E-35  1.000000E-35
   4.100000E+01  1.000000E-35  1.000000E-35
   4.300000E+01  1.000000E-35  1.000000E-35
   4.500000E+01  1.000000E-35  1.000000E-35
   4.700000E+01  1.000000E-35  1.000000E-35
   4.900000E+01  2.000200E-12  2.683549E-12
   5.100001E+01  1.125885E-06  7.606945E-09
   5.300001E+01  1.093030E-06  6.723926E-09
   5.500001E+01  1.071305E-06  7.554599E-09
   5.700001E+01  1.041613E-06  7.056323E-09
   5.900001E+01  1.021515E-06  7.891238E-09
   6.100001E+01  9.910636E-07  7.043050E-09
   6.300001E+01  9.631235E-07  5.879851E-09
   6.500001E+01  1.400325E-06  3.321454E-08
   6.700001E+01  1.557837E-06  3.897428E-08
   6.900001E+01  9.328676E-07  1.089470E-08
   7.100001E+01  8.754744E-07  5.591079E-09
   7.300001E+01  8.590456E-07  6.289788E-09
   7.500001E+01  8.389684E-07  5.942061E-09
   7.700001E+01  8.202450E-07  5.783090E-09
   7.900001E+01  7.249918E-07  5.432424E-09
   8.100001E+01  2.939670E-07  3.437419E-09
   8.300001E+01  3.702588E-08  3.643833E-09
   8.500001E+01  9.366419E-08  9.824854E-09
   8.700001E+01  1.654974E-07  2.677548E-09
   8.900001E+01  2.353246E-07  2.831842E-09
   9.100001E+01  2.775760E-07  4.210796E-09
   9.300001E+01  3.016644E-07  3.527074E-09
   9.500001E+01  3.211833E-07  3.451682E-09
   9.700001E+01  1.527380E-06  5.259469E-08
   9.900001E+01  3.590909E-07  4.102568E-09
   1.010000E+02  3.734247E-07  3.806986E-09
   1.030000E+02  3.844335E-07  3.123312E-09
   1.050000E+02  4.002794E-07  4.120665E-09
   1.070000E+02  4.111542E-07  4.405556E-09
   1.090000E+02  4.178030E-07  3.669158E-09
   1.110000E+02  4.261548E-07  3.984720E-09
   1.130000E+02  4.368312E-07  5.278823E-09
   1.150000E+02  4.358315E-07  3.758145E-09
   1.170000E+02  4.410166E-07  4.484989E-09
   1.190000E+02  4.446813E-07  4.681950E-09
   1.210000E+02  4.407169E-07  3.679924E-09
   1.230000E+02  4.438589E-07  4.350931E-09
   1.250000E+02  4.421048E-07  3.992102E-09
   1.270000E+02  4.409165E-07  4.210276E-09
   1.290000E+02  4.382148E-07  3.990346E-09
   1.310000E+02  4.357310E-07  4.136505E-09
   1.330000E+02  4.329450E-07  4.346398E-09
   1.350000E+02  4.286546E-07  3.986469E-09
   1.370000E+02  7.243733E-07  2.665723E-08
   1.390000E+02  4.221498E-07  4.057694E-09
   1.410000E+02  4.202557E-07  4.672695E-09
   1.430000E+02  4.112840E-07  3.824967E-09
   1.450000E+02  4.082736E-07  3.900903E-09
   1.470000E+02  4.053003E-07  4.470551E-09
   1.490000E+02  3.972362E-07  3.818380E-09
   1.510000E+02  7.410989E-07  2.869830E-08
   1.530000E+02  3.893640E-07  4.258684E-09
   1.550000E+02  3.843391E-07  4.113751E-09
   1.570000E+02  3.797366E-07  4.254897E-09
   1.590000E+02  3.733447E-07  3.806979E-09
   1.610000E+02  3.673776E-07  3.643729E-09
   1.630000E+02  3.601727E-07  2.910724E-09
   1.650000E+02  3.410721E-07  3.285267E-09
   1.670000E+02  3.357945E-07  3.190049E-09
   1.690000E+02  3.327072E-07  3.280714E-09
   1.710000E+02  3.283179E-07  3.090686E-09
   1.730000E+02  3.257723E-07  3.622933E-09
   1.750000E+02  3.171778E-07  3.619162E-09
   1.770000E+02  3.144801E-07  4.082809E-09
   1.790000E+02  3.075402E-07  2.877534E-09
   1.810000E+02  3.045136E-07  3.264754E-09
   1.830000E+02  3.003968E-07  3.073940E-09
   1.850000E+02  2.959207E-07  2.870263E-09
   1.870000E+02  2.926936E-07  3.069480E-09
   1.890000E+02  2.903512E-07  3.347418E-09
   1.910000E+02  2.851470E-07  2.757050E-09
   1.930000E+02  2.833787E-07  3.253668E-09
   1.950000E+02  2.794091E-07  3.061579E-09
   1.970000E+02  2.776162E-07  3.598782E-09
   1.990000E+02  2.732183E-07  3.154075E-09
   2.010000E+02  2.700620E-07  3.152287E-09
   2.030000E+02  2.672649E-07  3.150645E-09
   2.050000E+02  2.833272E-07  7.361713E-09
   2.070000E+02  2.618014E-07  3.240970E-09
   2.090000E+02  2.584604E-07  3.145601E-09
   2.110000E+02  2.575825E-07  3.671019E-09
   2.130000E+02  3.875150E-07  1.795099E-08
   2.150000E+02  3.828608E-07  1.788363E-08
   2.170000E+02  2.458996E-07  2.380555E-09
   2.190000E+02  2.454333E-07  3.231895E-09
   2.210000E+02  2.425244E-07  3.136660E-09
   2.230000E+02  2.394569E-07  3.134930E-09
   2.250000E+02  2.366391E-07  2.613187E-09
   2.270000E+02  2.359994E-07  3.317907E-09
   2.290000E+02  2.342889E-07  3.492427E-09
   2.310000E+02  2.302808E-07  3.129355E-09
   2.330000E+02  2.259642E-07  2.718033E-09
   2.350000E+02  2.230596E-07  2.927721E-09
   2.370000E+02  2.199043E-07  2.821852E-09
   2.390000E+02  2.188672E-07  3.122714E-09
   2.410000E+02  2.143239E-07  1.778476E-09
   2.430000E+02  2.416690E-07  8.412870E-09
   2.450000E+02  2.112389E-07  2.354113E-09
   2.470000E+02  2.103255E-07  2.919899E-09
   2.490000E+02  2.063101E-07  1.931736E-09
   2.510000E+02  2.059406E-07  2.704612E-09
   2.530000E+02  2.041958E-07  2.348743E-09
   2.550000E+02  2.033800E-07  2.702946E-09
   2.570000E+02  4.802250E-07  2.555276E-08
   2.590000E+02  1.996102E-07  2.587417E-09
   2.610000E+02  1.978706E-07  2.467959E-09
   2.630000E+02  1.966577E-07  2.698432E-09
   2.650000E+02  1.954147E-07  3.011536E-09
   2.670000E+02  1.932924E-07  2.583037E-09
   2.690000E+02  1.908450E-07  2.207385E-09
   2.710000E+02  1.912121E-07  3.106721E-09
   2.730000E+02  1.887599E-07  2.579831E-09
   2.750000E+02  1.879325E-07  2.692578E-09
   2.770000E+02  1.843062E-07  2.061504E-09
   2.790000E+02  1.856551E-07  3.103463E-09
   2.810000E+02  1.828827E-07  2.456940E-09
   2.830000E+02  1.815063E-07  2.331188E-09
   2.850000E+02  1.803541E-07  2.687479E-09
   2.870000E+02  1.781307E-07  1.741440E-09
   2.890000E+02  1.781528E-07  2.572359E-09
   2.910000E+02  1.764217E-07  2.452241E-09
   2.930000E+02  1.753615E-07  2.451453E-09
   2.950000E+02  1.730168E-07  1.900323E-09
   2.970000E+02  1.730937E-07  2.449752E-09
   2.990000E+02  1.713819E-07  2.190989E-09
   3.010000E+02  1.693616E-07  1.896903E-09
   3.030000E+02  1.691278E-07  2.048069E-09
   3.050000E+02  1.676667E-07  2.187886E-09
   3.070000E+02  1.675380E-07  2.445711E-09
   3.090000E+02  1.654439E-07  2.044838E-09
   3.110000E+02  3.957348E-07  2.324486E-08
   3.130000E+02  1.637031E-07  2.184586E-09
   3.150000E+02  1.622728E-07  2.042083E-09
   3.170000E+02  1.628656E-07  2.890369E-09
   3.190000E+02  1.604442E-07  2.040461E-09
   3.210000E+02  1.610584E-07  2.783955E-09
   3.230000E+02  1.583636E-07  2.038559E-09
   3.250000E+02  1.575467E-07  2.037886E-09
   3.270000E+02  1.576328E-07  2.557935E-09
   3.290000E+02  1.572138E-07  2.886829E-09
   3.310000E+02  1.551917E-07  2.310683E-09
   3.330000E+02  1.541350E-07  2.176700E-09
   3.350000E+02  1.542911E-07  2.885346E-09
   3.370000E+02  1.523821E-07  2.434500E-09
   3.390000E+02  1.511846E-07  1.879483E-09
   3.410000E+02  1.506927E-07  2.433253E-09
   3.430000E+02  1.493967E-07  2.031101E-09
   3.450000E+02  1.492535E-07  2.306104E-09
   3.470000E+02  1.483568E-07  2.431455E-09
   3.490000E+02  1.472805E-07  2.304531E-09
   3.510000E+02  1.457067E-07  2.027376E-09
   3.530000E+02  1.454549E-07  2.169500E-09
   3.550000E+02  1.442651E-07  1.872846E-09
   3.570000E+02  1.437063E-07  1.872309E-09
   3.590000E+02  1.419880E-07  1.053396E-09
   3.610000E+02  1.423101E-07  1.870999E-09
   3.630000E+02  1.404105E-07  1.701827E-09
   3.650000E+02  1.412503E-07  2.299751E-09
   3.670000E+02  1.392438E-07  1.514752E-09
   3.690000E+02  1.393281E-07  2.021676E-09
   3.710000E+02  1.390999E-07  2.164194E-09
   3.730000E+02  1.378025E-07  1.866590E-09
   3.750000E+02  1.362139E-07  1.511118E-09
   3.770000E+02  1.356002E-07  1.510404E-09
   3.790000E+02  1.355659E-07  1.864444E-09
   3.810000E+02  1.350198E-07  1.863906E-09
   3.830000E+02  1.338524E-07  1.508323E-09
   3.850000E+02  1.331856E-07  1.507520E-09
   3.870000E+02  1.323551E-07  1.506519E-09
   3.890000E+02  1.325278E-07  2.015582E-09
   3.910000E+02  1.309638E-07  1.504864E-09
   3.930000E+02  1.310594E-07  1.860056E-09
   3.950000E+02  1.309539E-07  2.157385E-09
   3.970000E+02  1.302204E-07  2.013550E-09
   3.990000E+02  1.297231E-07  2.013059E-09
   4.010000E+02  1.292485E-07  2.417628E-09
   4.030000E+02  1.271361E-07  1.027612E-09
   4.050000E+02  1.271122E-07  1.500284E-09
   4.070000E+02  1.271144E-07  2.010742E-09
   4.090000E+02  1.257812E-07  1.498666E-09
   4.110000E+02  1.251876E-07  1.497953E-09
   4.130000E+02  1.244991E-07  1.497709E-09
   4.150000E+02  1.238400E-07  6.681658E-10
   4.170000E+02  1.237626E-07  1.496193E-09
   4.190000E+02  1.232548E-07  1.683507E-09
   4.210000E+02  1.227765E-07  1.494986E-09
   4.230000E+02  1.216484E-07  1.017861E-09
   4.250000E+02  1.221745E-07  1.851384E-09
   4.270000E+02  1.218807E-07  2.006069E-09
   4.290000E+02  1.198998E-07  1.014697E-09
   4.310000E+02  1.195320E-07  1.275057E-09
   4.330000E+02  1.197669E-07  1.680371E-09
   4.350000E+02  1.201860E-07  2.148373E-09
   4.370000E+02  1.200384E-07  2.410363E-09
   4.390000E+02  1.178362E-07  1.272665E-09
   4.410000E+02  1.169363E-07  1.009445E-09
   4.430000E+02  1.169948E-07  1.487959E-09
   4.450000E+02  1.170256E-07  1.846426E-09
   4.470000E+02  1.161551E-07  1.487001E-09
   4.490000E+02  1.146274E-07  6.428839E-10
   4.510000E+02  1.154744E-07  1.675140E-09
   4.530000E+02  1.146271E-07  1.674244E-09
   4.550000E+02  1.151024E-07  1.999937E-09
   4.570000E+02  1.142761E-07  1.844216E-09
   4.590000E+02  1.137161E-07  1.843201E-09
   4.610000E+02  1.126271E-07  1.482679E-09
   4.630000E+02  1.116440E-07  1.263933E-09
   4.650000E+02  1.114096E-07  1.263544E-09
   4.670000E+02  1.111147E-07  1.263130E-09
   4.690000E+02  1.107319E-07  1.262622E-09
   4.710000E+02  1.100270E-07  1.261592E-09
   4.730000E+02  1.089865E-07  6.268672E-10
   4.750000E+02  1.094724E-07  1.478870E-09
   4.770000E+02  1.091148E-07  1.478408E-09
   4.790000E+02  1.081446E-07  9.936507E-10
   4.810000E+02  1.085027E-07  1.477666E-09
   4.830000E+02  1.078222E-07  9.930615E-10
   4.850000E+02  1.071745E-07  9.918493E-10
   4.870000E+02  1.060740E-07  9.898545E-10
   4.890000E+02  1.057072E-07  9.892090E-10
   4.910000E+02  1.054856E-07  9.888601E-10
   4.930000E+02  1.055176E-07  1.474008E-09
   4.950000E+02  1.048852E-07  1.473910E-09
   4.970000E+02  1.051970E-07  1.664089E-09
   4.990000E+02  1.035275E-07  6.108531E-10
   5.010001E+02  1.034667E-07  6.107061E-10
   5.030001E+02  1.033781E-07  9.848887E-10
   5.050001E+02  1.028771E-07  1.251313E-09
   5.070001E+02  1.021800E-07  9.827326E-10
   5.090001E+02  1.028728E-07  1.661576E-09
   5.110001E+02  1.019046E-07  1.249880E-09
   5.130001E+02  1.010705E-07  6.036548E-10
   5.150001E+02  1.012034E-07  1.248828E-09
   5.170001E+02  1.003462E-07  9.794034E-10
   5.190001E+02  1.000120E-07  6.004732E-10
   5.210001E+02  9.935415E-08  9.774887E-10
   5.230001E+02  7.716084E-06  1.329286E-07
   5.250001E+02  9.897811E-08  9.768561E-10
   5.270001E+02  9.947838E-08  1.246385E-09
   5.290001E+02  9.855349E-08  1.245059E-09
   5.310001E+02  9.768398E-08  9.744982E-10
   5.330001E+02  9.783662E-08  1.244060E-09
   5.350001E+02  9.747756E-08  9.740770E-10
   5.370001E+02  9.734920E-08  1.464004E-09
   5.390001E+02  9.418723E-08  9.678977E-10
   5.410001E+02  9.374381E-08  1.238027E-09
   5.430001E+02  9.325491E-08  5.797446E-10
   5.450001E+02  9.312552E-08  9.659767E-10
   5.470001E+02  9.294208E-08  5.787724E-10
   5.490001E+02  9.222601E-08  5.766305E-10
   5.510001E+02  9.170116E-08  5.748644E-10
   5.530001E+02  9.185100E-08  9.636019E-10
   5.550001E+02  9.189740E-08  9.637044E-10
   5.570001E+02  9.093868E-08  5.724748E-10
   5.590001E+02  9.072466E-08  5.718669E-10
   5.610001E+02  9.047343E-08  5.710663E-10
   5.630001E+02  9.066048E-08  9.613831E-10
   5.650001E+02  2.630983E-05  2.466233E-07
   5.670001E+02  8.950174E-08  5.679698E-10
   5.690001E+02  8.910490E-08  5.667377E-10
   5.710001E+02  8.888647E-08  5.660792E-10
   5.730001E+02  8.876246E-08  5.656239E-10
   5.750001E+02  8.848243E-08  5.646187E-10
   5.770001E+02  8.772756E-08  5.624062E-10
   5.790001E+02  1.603032E-06  5.928176E-08
   5.810001E+02  8.728951E-08  5.608739E-10
   5.830001E+02  8.724751E-08  5.606990E-10
   5.850001E+02  8.703109E-08  5.600370E-10
   5.870001E+02  8.622941E-08  5.574056E-10
   5.890001E+02  8.675209E-08  9.540229E-10
   5.910001E+02  8.623221E-08  5.574585E-10
   5.930001E+02  8.542933E-08  5.550832E-10
   5.950001E+02  8.545973E-08  5.549658E-10
   5.970001E+02  8.555214E-08  5.552581E-10
   5.990001E+02  8.469006E-08  5.524707E-10
   6.010001E+02  8.435442E-08  5.513889E-10
   6.030001E+02  8.430362E-08  5.512869E-10
   6.050001E+02  8.393358E-08  5.500647E-10
   6.070001E+02  8.398518E-08  5.502324E-10
   6.090001E+02  8.385437E-08  5.496579E-10
   6.110001E+02  8.332632E-08  5.480245E-10
   6.130001E+02  8.305549E-08  5.472404E-10
   6.150001E+02  8.299869E-08  5.470074E-10
   6.170001E+02  8.252464E-08  5.453713E-10
   6.190001E+02  8.241103E-08  5.449881E-10
   6.210001E+02  8.203339E-08  5.437929E-10
   6.230001E+02  8.158214E-08  5.422248E-10
   6.250001E+02  8.149174E-08  5.418814E-10
   6.270001E+02  8.124811E-08  5.411036E-10
   6.290001E+02  8.128372E-08  5.412345E-10
   6.310001E+02  8.064405E-08  5.391144E-10
   6.330001E+02  8.091528E-08  5.399813E-10
   6.350001E+02  8.027561E-08  5.378829E-10
   6.370001E+02  7.997798E-08  5.368443E-10
   6.390001E+02  7.987197E-08  5.365179E-10
   6.410001E+02  7.953194E-08  5.353779E-10
   6.430001E+02  7.916670E-08  5.341430E-10
   6.450001E+02  7.896588E-08  5.333919E-10
   6.470001E+02  7.891988E-08  5.334240E-10
   6.490001E+02  7.853464E-08  5.320550E-10
   6.510001E+02  7.846943E-08  5.317681E-10
   6.530001E+02  7.815820E-08  5.306714E-10
   6.550001E+02  7.782417E-08  5.295118E-10
   6.570001E+02  7.789738E-08  5.299411E-10
   6.590001E+02  7.745253E-08  5.283422E-10
   6.610001E+02  7.728852E-08  5.277758E-10
   6.630001E+02  7.703169E-08  5.268472E-10
   6.650001E+02  7.716490E-08  5.274249E-10
   6.670001E+02  7.675526E-08  5.259545E-10
   6.690001E+02  7.624601E-08  5.242306E-10
   6.710001E+02  7.648004E-08  5.249792E-10
   6.730001E+02  7.592278E-08  5.231375E-10
   6.750001E+02  7.557074E-08  5.218882E-10
   6.770001E+02  7.583277E-08  5.227029E-10
   6.790001E+02  7.538273E-08  5.212958E-10
   6.810001E+02  7.496948E-08  5.198120E-10
   6.830001E+02  7.476546E-08  5.191232E-10
   6.850001E+02  7.465545E-08  5.187107E-10
   6.870001E+02  7.432822E-08  5.176114E-10
   6.890001E+02  7.403539E-08  5.165871E-10
   6.910001E+02  7.382457E-08  5.158117E-10
   6.930001E+02  7.362735E-08  5.150685E-10
   6.950001E+02  7.387938E-08  5.159739E-10
   6.970001E+02  7.327052E-08  5.139087E-10
   6.990001E+02  7.296568E-08  5.128266E-10
   7.010001E+02  7.284087E-08  5.123404E-10
   7.030001E+02  7.261325E-08  5.116039E-10
   7.050001E+02  7.220361E-08  5.101212E-10
   7.070001E+02  7.210680E-08  5.097221E-10
   7.090001E+02  7.184597E-08  5.087971E-10
   7.110001E+02  7.144313E-08  5.073613E-10
   7.130001E+02  7.179077E-08  5.085633E-10
   7.150001E+02  7.093748E-08  5.056060E-10
   7.170001E+02  2.182225E-06  6.997303E-08
   7.190001E+02  7.092748E-08  5.055677E-10
   7.210001E+02  7.103229E-08  5.059357E-10
   7.230001E+02  7.053744E-08  5.043137E-10
   7.250001E+02  7.041303E-08  5.037977E-10
   7.270001E+02  6.957695E-08  5.007267E-10
   7.290001E+02  1.210681E-06  5.159160E-08
   7.310001E+02  8.437821E-08  1.147799E-08
   7.330001E+02  3.267949E-08  8.456446E-10
   7.350001E+02  4.791918E-08  4.154773E-10
   7.370001E+02  5.208720E-08  4.332147E-10
   7.390001E+02  5.381137E-08  4.402541E-10
   7.410001E+02  5.417461E-08  4.418150E-10
   7.430001E+02  5.195399E-08  4.326266E-10
   7.450001E+02  2.733873E-08  3.137769E-10
   7.470001E+02  3.593319E-08  3.597802E-10
   7.490001E+02  4.556375E-08  4.052015E-10
   7.510001E+02  4.767796E-08  4.143585E-10
   7.530001E+02  4.840323E-08  4.175886E-10
   7.550001E+02  4.889928E-08  4.197370E-10
   7.570001E+02  4.919611E-08  4.209038E-10
   7.590001E+02  4.730884E-07  3.134827E-08
   7.610001E+02  4.945894E-08  4.220013E-10
   7.630001E+02  4.965496E-08  4.228571E-10
   7.650001E+02  4.991658E-08  4.240701E-10
   7.670001E+02  4.977417E-08  4.234404E-10
   7.690001E+02  5.001259E-08  4.244215E-10
   7.710001E+02  5.011260E-08  4.248844E-10
   7.730001E+02  5.005260E-08  4.246447E-10
   7.750001E+02  5.020701E-08  4.252419E-10
   7.770001E+02  5.028862E-08  4.255722E-10
   7.790001E+02  5.063746E-08  4.270863E-10
   7.810001E+02  5.034263E-08  4.258876E-10
   7.830001E+02  5.028662E-08  4.256247E-10
   7.850001E+02  5.018821E-08  4.251355E-10
   7.870001E+02  5.007060E-08  4.246800E-10
   7.890001E+02  5.015341E-08  4.250531E-10
   7.910001E+02  5.017261E-08  4.251578E-10
   7.930001E+02  5.008420E-08  4.247713E-10
   7.950001E+02  5.008020E-08  4.247307E-10
   7.970001E+02  4.977297E-08  4.233435E-10
   7.990001E+02  5.006380E-08  4.245902E-10
   8.010001E+02  4.973977E-08  4.233049E-10
   8.030001E+02  4.963976E-08  4.228641E-10
   8.050001E+02  4.983057E-08  4.237471E-10
   8.070001E+02  4.958375E-08  4.225823E-10
   8.090001E+02  4.967016E-08  4.230883E-10
   8.110001E+02  4.961695E-08  4.227538E-10
   8.130001E+02  4.919891E-08  4.210012E-10
   8.150001E+02  4.941693E-08  4.219798E-10
   8.170001E+02  4.926652E-08  4.213300E-10
   8.190001E+02  4.902649E-08  4.202732E-10
   8.210001E+02  4.920411E-08  4.210952E-10
   8.230001E+02  4.894969E-08  4.199900E-10
   8.250001E+02  4.889808E-08  4.197147E-10
   8.270001E+02  1.896103E-07  1.806361E-08
   8.290001E+02  4.872967E-08  4.189912E-10
   8.310001E+02  4.869806E-08  4.188182E-10
   8.330001E+02  4.871286E-08  4.188403E-10
   8.350001E+02  4.861205E-08  4.184946E-10
   8.370001E+02  4.835763E-08  4.173582E-10
   8.390001E+02  4.857285E-08  4.182784E-10
   8.410001E+02  4.863446E-08  4.185320E-10
   8.430001E+02  4.834123E-08  4.173464E-10
   8.450001E+02  4.819281E-08  4.166600E-10
   8.470001E+02  4.808200E-08  4.162451E-10
   8.490001E+02  4.836043E-08  4.174151E-10
   8.510001E+02  4.809160E-08  4.161827E-10
   8.530001E+02  4.766396E-08  4.143535E-10
   8.550001E+02  4.772556E-08  4.145992E-10
   8.570001E+02  4.739793E-08  4.131833E-10
   8.590001E+02  4.740313E-08  4.132303E-10
   8.610001E+02  4.741993E-08  4.133415E-10
   8.630001E+02  4.729832E-08  4.127508E-10
   8.650001E+02  4.727072E-08  4.127356E-10
   8.670001E+02  4.732672E-08  4.129439E-10
   8.690001E+02  4.703430E-08  4.116197E-10
   8.710001E+02  4.685868E-08  4.108048E-10
   8.730001E+02  4.684708E-08  4.107507E-10
   8.750001E+02  4.702309E-08  4.115324E-10
   8.770001E+02  4.678507E-08  4.105430E-10
   8.790001E+02  4.662225E-08  4.098664E-10
   8.810001E+02  4.658425E-08  4.096298E-10
   8.830001E+02  4.627222E-08  4.082721E-10
   8.850001E+02  4.640943E-08  4.089377E-10
   8.870001E+02  4.611300E-08  4.076251E-10
   8.890001E+02  4.614101E-08  4.076847E-10
   8.910001E+02  4.607860E-08  4.074384E-10
   8.930001E+02  4.578417E-08  4.060979E-10
   8.950001E+02  4.620621E-08  4.080103E-10
   8.970001E+02  4.588498E-08  4.065322E-10
   8.990001E+02  4.547654E-08  4.048438E-10
   9.010001E+02  4.567416E-08  4.055727E-10
   9.030001E+02  4.574297E-08  4.059407E-10
   9.050001E+02  2.171250E-07  1.995211E-08
   9.070001E+02  1.455356E-06  5.718978E-08
   9.090001E+02  4.547654E-08  4.046872E-10
   9.110001E+02  4.512050E-08  4.031599E-10
   9.130001E+02  4.496689E-08  4.025440E-10
   9.150001E+02  4.509570E-08  4.029996E-10
   9.170001E+02  4.496409E-08  4.024456E-10
   9.190001E+02  4.494409E-08  4.023529E-10
   9.210001E+02  4.460165E-08  4.008703E-10
   9.230001E+02  4.478287E-08  4.016731E-10
   9.250001E+02  4.458365E-08  4.008329E-10
   9.270001E+02  4.445564E-08  4.001409E-10
   9.290001E+02  4.451724E-08  4.004169E-10
   9.310001E+02  4.431842E-08  3.995506E-10
   9.330001E+02  4.432283E-08  3.995704E-10
   9.350001E+02  4.405920E-08  3.983346E-10
   9.370001E+02  4.403280E-08  3.983025E-10
   9.390001E+02  4.383758E-08  3.973427E-10
   9.410001E+02  4.365316E-08  3.965057E-10
   9.430001E+02  4.356115E-08  3.962238E-10
   9.450001E+02  4.370436E-08  3.967482E-10
   9.470001E+02  4.361595E-08  3.963701E-10
   9.490001E+02  4.343874E-08  3.955892E-10
   9.510001E+02  4.322992E-08  3.945864E-10
   9.530001E+02  4.314071E-08  3.942172E-10
   9.550001E+02  4.331152E-08  3.949791E-10
   9.570001E+02  4.315071E-08  3.942554E-10
   9.590001E+02  1.166505E-07  1.306502E-08
   9.610001E+02  4.265186E-08  3.919682E-10
   9.630001E+02  4.294789E-08  3.932583E-10
   9.650001E+02  4.246064E-08  3.910995E-10
   9.670001E+02  4.269266E-08  3.920814E-10
   9.690001E+02  4.262706E-08  3.918877E-10
   9.710001E+02  4.248584E-08  3.912113E-10
   9.730001E+02  6.490745E-07  3.752475E-08
   9.750001E+02  4.251344E-08  3.913710E-10
   9.770001E+02  4.220661E-08  3.898809E-10
   9.790001E+02  4.207060E-08  3.894099E-10
   9.810001E+02  4.187898E-08  3.884594E-10
   9.830001E+02  4.189018E-08  3.885223E-10
   9.850001E+02  4.174497E-08  3.877175E-10
   9.870001E+02  4.186778E-08  3.883892E-10
   9.890001E+02  4.170736E-08  3.876847E-10
   9.910001E+02  4.167416E-08  3.874232E-10
   9.930001E+02  4.167216E-08  3.874697E-10
   9.950001E+02  4.138333E-08  3.860704E-10
   9.970001E+02  4.131532E-08  3.856983E-10
   9.990001E+02  4.097489E-08  3.841715E-10
   1.001000E+03  4.004320E-08  3.797916E-10
   1.003000E+03  3.970956E-08  3.781893E-10
   1.005000E+03  4.000639E-08  3.795836E-10
   1.007000E+03  3.989398E-08  3.791126E-10
   1.009000E+03  3.957035E-08  3.775283E-10
   1.011000E+03  3.971396E-08  3.782559E-10
   1.013000E+03  3.970076E-08  3.781362E-10
   1.015000E+03  9.746985E-08  1.160949E-08
   1.017000E+03  3.941754E-08  3.768013E-10
   1.019000E+03  3.924392E-08  3.760119E-10
   1.021000E+03  3.904070E-08  3.750678E-10
   1.023000E+03  3.932113E-08  3.763610E-10
   1.025000E+03  3.885428E-08  3.741133E-10
   1.027000E+03  3.905270E-08  3.750369E-10
   1.029000E+03  1.359797E-07  1.502431E-08
   1.031000E+03  3.879587E-08  3.738407E-10
   1.033000E+03  3.886868E-08  3.741362E-10
   1.035000E+03  3.857505E-08  3.727600E-10
   1.037000E+03  3.825702E-08  3.711444E-10
   1.039000E+03  3.843424E-08  3.721047E-10
   1.041000E+03  3.843304E-08  3.720022E-10
   1.043000E+03  3.829142E-08  3.713882E-10
   1.045000E+03  3.822742E-08  3.710478E-10
   1.047000E+03  3.806700E-08  3.703101E-10
   1.049000E+03  3.800059E-08  3.700193E-10
   1.051000E+03  3.816541E-08  3.707556E-10
   1.053000E+03  3.794139E-08  3.697047E-10
   1.055000E+03  3.780217E-08  3.690284E-10
   1.057000E+03  3.783658E-08  3.692034E-10
   1.059000E+03  3.741334E-08  3.670384E-10
   1.061000E+03  3.758615E-08  3.679607E-10
   1.063000E+03  3.754295E-08  3.676951E-10
   1.065000E+03  3.744094E-08  3.672322E-10
   1.067000E+03  3.738373E-08  3.669604E-10
   1.069000E+03  3.656325E-08  3.629295E-10
   1.071000E+03  3.679167E-08  3.640732E-10
   1.073000E+03  3.672807E-08  3.637120E-10
   1.075000E+03  3.671447E-08  3.636330E-10
   1.077000E+03  3.645004E-08  3.623375E-10
   1.079000E+03  3.647924E-08  3.624781E-10
   1.081000E+03  3.636443E-08  3.619171E-10
   1.083000E+03  3.655685E-08  3.627986E-10
   1.085000E+03  3.622922E-08  3.612540E-10
   1.087000E+03  3.618081E-08  3.609974E-10
   1.089000E+03  3.605520E-08  3.604124E-10
   1.091000E+03  3.604600E-08  3.603466E-10
   1.093000E+03  3.584838E-08  3.593088E-10
   1.095000E+03  3.601840E-08  3.602490E-10
   1.097000E+03  3.604440E-08  3.603506E-10
   1.099000E+03  3.554115E-08  3.578674E-10
   1.101000E+03  3.552195E-08  3.576664E-10
   1.103000E+03  3.560795E-08  3.581581E-10
   1.105000E+03  3.525912E-08  3.563895E-10
   1.107000E+03  3.511951E-08  3.556370E-10
   1.109000E+03  3.524272E-08  3.562543E-10
   1.111000E+03  3.523632E-08  3.562423E-10
   1.113000E+03  3.496509E-08  3.548893E-10
   1.115000E+03  3.501190E-08  3.550854E-10
   1.117000E+03  3.502110E-08  3.551359E-10
   1.119000E+03  3.489428E-08  3.545513E-10
   1.121000E+03  3.461946E-08  3.531286E-10
   1.123000E+03  3.466746E-08  3.533318E-10
   1.125000E+03  3.445624E-08  3.522980E-10
   1.127000E+03  3.473547E-08  3.537219E-10
   1.129000E+03  3.449144E-08  3.524405E-10
   1.131000E+03  3.451185E-08  3.525567E-10
   1.133000E+03  3.440423E-08  3.520493E-10
   1.135000E+03  3.414021E-08  3.506224E-10
   1.137000E+03  3.410701E-08  3.504976E-10
   1.139000E+03  3.402700E-08  3.501040E-10
   1.141000E+03  3.417061E-08  3.508026E-10
   1.143000E+03  3.400099E-08  3.500365E-10
   1.145000E+03  3.371657E-08  3.485004E-10
   1.147000E+03  3.360616E-08  3.479271E-10
   1.149000E+03  3.348574E-08  3.472098E-10
   1.151000E+03  3.360616E-08  3.479064E-10
   1.153000E+03  3.344934E-08  3.470797E-10
   1.155000E+03  3.345774E-08  3.472102E-10
   1.157000E+03  3.335213E-08  3.466139E-10
   1.159000E+03  3.309730E-08  3.452081E-10
   1.161000E+03  3.302650E-08  3.449441E-10
   1.163000E+03  3.300970E-08  3.447815E-10
   1.165000E+03  3.308490E-08  3.451687E-10
   1.167000E+03  3.284448E-08  3.439327E-10
   1.169000E+03  3.287768E-08  3.441394E-10
   1.171000E+03  3.261406E-08  3.427782E-10
   1.173000E+03  3.262966E-08  3.428305E-10
   1.175000E+03  3.266966E-08  3.430483E-10
   1.177000E+03  3.258805E-08  3.426084E-10
   1.179000E+03  5.237088E-08  6.840341E-09
   1.181000E+03  3.236083E-08  3.413692E-10
   1.183000E+03  3.214801E-08  3.403369E-10
   1.185000E+03  3.205640E-08  3.398194E-10
   1.187000E+03  3.214361E-08  3.402418E-10
   1.189000E+03  3.188398E-08  3.389455E-10
   1.191000E+03  3.193999E-08  3.392080E-10
   1.193000E+03  3.175637E-08  3.381581E-10
   1.195000E+03  3.169956E-08  3.378947E-10
   1.197000E+03  3.173157E-08  3.381244E-10
   1.199000E+03  3.162556E-08  3.374116E-10
   1.201000E+03  3.134433E-08  3.360575E-10
   1.203000E+03  3.145634E-08  3.365784E-10
   1.205000E+03  3.140914E-08  3.364378E-10
   1.207000E+03  3.138793E-08  3.362133E-10
   1.209000E+03  3.140754E-08  3.364165E-10
   1.211000E+03  3.092669E-08  3.337539E-10
   1.213000E+03  3.115391E-08  3.349784E-10
   1.215000E+03  3.104990E-08  3.343817E-10
   1.217000E+03  3.093589E-08  3.337948E-10
   1.219000E+03  3.065426E-08  3.322807E-10
   1.221000E+03  3.062986E-08  3.321575E-10
   1.223000E+03  3.040344E-08  3.309051E-10
   1.225000E+03  3.029182E-08  3.302945E-10
   1.227000E+03  3.047224E-08  3.313130E-10
   1.229000E+03  3.028582E-08  3.303186E-10
   1.231000E+03  3.008420E-08  3.291726E-10
   1.233000E+03  3.016341E-08  3.295432E-10
   1.235000E+03  2.990899E-08  3.281934E-10
   1.237000E+03  2.985698E-08  3.279307E-10
   1.239000E+03  2.976337E-08  3.274309E-10
   1.241000E+03  2.966816E-08  3.269039E-10
   1.243000E+03  2.958735E-08  3.264244E-10
   1.245000E+03  2.956735E-08  3.263276E-10
   1.247000E+03  2.935493E-08  3.251122E-10
   1.249000E+03  2.948894E-08  3.259047E-10
   1.251000E+03  2.923332E-08  3.245774E-10
   1.253000E+03  2.920132E-08  3.243559E-10
   1.255000E+03  2.931733E-08  3.249975E-10
   1.257000E+03  2.901010E-08  3.232330E-10
   1.259000E+03  2.907530E-08  3.236040E-10
   1.261000E+03  2.921292E-08  3.243712E-10
   1.263000E+03  2.896569E-08  3.229862E-10
   1.265000E+03  2.876447E-08  3.218118E-10
   1.267000E+03  2.875127E-08  3.218500E-10
   1.269000E+03  2.883368E-08  3.222514E-10
   1.271000E+03  2.871447E-08  3.216042E-10
   1.273000E+03  2.846044E-08  3.201286E-10
   1.275000E+03  2.849805E-08  3.203485E-10
   1.277000E+03  2.835963E-08  3.195580E-10
   1.279000E+03  2.840724E-08  3.198660E-10
   1.281000E+03  2.825962E-08  3.190135E-10
   1.283000E+03  2.800880E-08  3.176482E-10
   1.285000E+03  2.809240E-08  3.180753E-10
   1.287000E+03  2.802440E-08  3.176729E-10
   1.289000E+03  2.791439E-08  3.171003E-10
   1.291000E+03  2.799800E-08  3.175236E-10
   1.293000E+03  2.771157E-08  3.159312E-10
   1.295000E+03  2.778277E-08  3.163312E-10
   1.297000E+03  2.750435E-08  3.147510E-10
   1.299000E+03  2.755755E-08  3.149538E-10
   1.301000E+03  2.731753E-08  3.136923E-10
   1.303000E+03  2.746874E-08  3.145661E-10
   1.305000E+03  2.745234E-08  3.144174E-10
   1.307000E+03  2.732793E-08  3.137794E-10
   1.309000E+03  2.696029E-08  3.115985E-10
   1.311000E+03  2.689389E-08  3.112525E-10
   1.313000E+03  2.693669E-08  3.114856E-10
   1.315000E+03  2.692549E-08  3.114487E-10
   1.317000E+03  2.683868E-08  3.108875E-10
   1.319000E+03  2.689148E-08  3.112572E-10
   1.321000E+03  2.668786E-08  3.100056E-10
   1.323000E+03  2.670347E-08  3.101424E-10
   1.325000E+03  2.647584E-08  3.088166E-10
   1.327000E+03  2.630623E-08  3.077864E-10
   1.329000E+03  2.636863E-08  3.081691E-10
   1.331000E+03  2.622862E-08  3.073472E-10
   1.333000E+03  2.604220E-08  3.062228E-10
   1.335000E+03  2.627022E-08  3.075996E-10
   1.337000E+03  2.621422E-08  3.072349E-10
   1.339000E+03  2.600540E-08  3.060445E-10
   1.341000E+03  2.590579E-08  3.054734E-10
   1.343000E+03  2.598579E-08  3.058588E-10
   1.345000E+03  2.597659E-08  3.058189E-10
   1.347000E+03  2.549575E-08  3.030336E-10
   1.349000E+03  2.562856E-08  3.037961E-10
   1.351000E+03  2.545974E-08  3.028058E-10
   1.353000E+03  2.553895E-08  3.033133E-10
   1.355000E+03  2.540414E-08  3.024614E-10
   1.357000E+03  2.526972E-08  3.016191E-10
   1.359000E+03  2.528452E-08  3.017645E-10
   1.361000E+03  2.517851E-08  3.011567E-10
   1.363000E+03  2.507330E-08  3.004997E-10
   1.365000E+03  2.500770E-08  3.001120E-10
   1.367000E+03  2.480968E-08  2.989050E-10
   1.369000E+03  2.469247E-08  2.981756E-10
   1.371000E+03  2.485368E-08  2.991694E-10
   1.373000E+03  2.479688E-08  2.988088E-10
   1.375000E+03  2.466286E-08  2.980697E-10
   1.377000E+03  2.457525E-08  2.974540E-10
   1.379000E+03  2.457205E-08  2.974638E-10
   1.381000E+03  2.438843E-08  2.964110E-10
   1.383000E+03  2.417881E-08  2.950890E-10
   1.385000E+03  2.421282E-08  2.952618E-10
   1.387000E+03  2.424882E-08  2.954564E-10
   1.389000E+03  2.421282E-08  2.953252E-10
   1.391000E+03  2.401280E-08  2.940569E-10
   1.393000E+03  2.405280E-08  2.942865E-10
   1.395000E+03  2.384118E-08  2.930114E-10
   1.397000E+03  2.392279E-08  2.935212E-10
   1.399000E+03  2.374997E-08  2.924516E-10
   1.401000E+03  2.359276E-08  2.914792E-10
   1.403000E+03  2.373317E-08  2.923484E-10
   1.405000E+03  2.357435E-08  2.913460E-10
   1.407000E+03  2.326512E-08  2.895074E-10
   1.409000E+03  2.344714E-08  2.906051E-10
   1.411000E+03  2.328632E-08  2.895892E-10
   1.413000E+03  2.317231E-08  2.888610E-10
   1.415000E+03  2.331193E-08  2.897579E-10
   1.417000E+03  2.311031E-08  2.885250E-10
   1.419000E+03  2.291029E-08  2.872416E-10
   1.421000E+03  2.280828E-08  2.865727E-10
   1.423000E+03  2.285868E-08  2.869488E-10
   1.425000E+03  2.275987E-08  2.862891E-10
   1.427000E+03  2.260906E-08  2.853360E-10
   1.429000E+03  2.269947E-08  2.859450E-10
   1.431000E+03  2.271867E-08  2.860455E-10
   1.433000E+03  2.248624E-08  2.846122E-10
   1.435000E+03  2.248584E-08  2.845894E-10
   1.437000E+03  2.225102E-08  2.830673E-10
   1.439000E+03  2.214901E-08  2.824292E-10
   1.441000E+03  2.221422E-08  2.828845E-10
   1.443000E+03  2.210141E-08  2.821210E-10
   1.445000E+03  2.211381E-08  2.822051E-10
   1.447000E+03  2.178377E-08  2.801164E-10
   1.449000E+03  2.193819E-08  2.810591E-10
   1.451000E+03  2.174857E-08  2.798750E-10
   1.453000E+03  2.155695E-08  2.786058E-10
   1.455000E+03  2.175497E-08  2.799624E-10
   1.457000E+03  2.153495E-08  2.784897E-10
   1.459000E+03  2.158335E-08  2.787760E-10
   1.461000E+03  2.142694E-08  2.778282E-10
   1.463000E+03  2.151375E-08  2.783529E-10
   1.465000E+03  2.123092E-08  2.764845E-10
   1.467000E+03  2.125052E-08  2.767056E-10
   1.469000E+03  2.096849E-08  2.747840E-10
   1.471000E+03  2.110211E-08  2.757557E-10
   1.473000E+03  2.112051E-08  2.758129E-10
   1.475000E+03  2.113211E-08  2.758729E-10
   1.477000E+03  2.085248E-08  2.739927E-10
   1.479000E+03  2.067526E-08  2.728543E-10
   1.481000E+03  2.074087E-08  2.732861E-10
   1.483000E+03  2.067726E-08  2.728939E-10
   1.485000E+03  2.056485E-08  2.721314E-10
   1.487000E+03  2.038804E-08  2.709506E-10
   1.489000E+03  2.032003E-08  2.704779E-10
   1.491000E+03  2.031403E-08  2.704699E-10
   1.493000E+03  2.015361E-08  2.693805E-10
   1.495000E+03  2.013241E-08  2.692444E-10
   1.497000E+03  1.999440E-08  2.683806E-10
   1.499000E+03  2.009961E-08  2.690682E-10
   1.501000E+03  2.007120E-08  2.688677E-10
   1.503000E+03  1.992399E-08  2.678335E-10
   1.505000E+03  1.980398E-08  2.670539E-10
   1.507000E+03  1.977797E-08  2.668141E-10
   1.509000E+03  1.956355E-08  2.654581E-10
   1.511000E+03  1.940834E-08  2.643833E-10
   1.513000E+03  1.965356E-08  2.661101E-10
   1.515000E+03  1.950155E-08  2.649836E-10
   1.517000E+03  1.943634E-08  2.645900E-10
   1.519000E+03  1.923752E-08  2.631429E-10
   1.521000E+03  1.919072E-08  2.629600E-10
   1.523000E+03  1.901110E-08  2.616524E-10
   1.525000E+03  1.908271E-08  2.622097E-10
   1.527000E+03  1.896469E-08  2.613500E-10
   1.529000E+03  1.896589E-08  2.612866E-10
   1.531000E+03  1.886468E-08  2.606392E-10
   1.533000E+03  1.894229E-08  2.611793E-10
   1.535000E+03  1.872987E-08  2.597300E-10
   1.537000E+03  1.863866E-08  2.590591E-10
   1.539000E+03  1.872467E-08  2.596496E-10
   1.541000E+03  1.849625E-08  2.580636E-10
   1.543000E+03  1.839104E-08  2.573689E-10
   1.545000E+03  1.847744E-08  2.579549E-10
   1.547000E+03  1.843864E-08  2.576956E-10
   1.549000E+03  1.815541E-08  2.557011E-10
   1.551000E+03  1.813821E-08  2.555745E-10
   1.553000E+03  1.814381E-08  2.556083E-10
   1.555000E+03  1.789179E-08  2.538071E-10
   1.557000E+03  1.793779E-08  2.541781E-10
   1.559000E+03  1.783818E-08  2.534783E-10
   1.561000E+03  1.785498E-08  2.535747E-10
   1.563000E+03  1.771097E-08  2.525347E-10
   1.565000E+03  1.760616E-08  2.517704E-10
   1.567000E+03  1.748655E-08  2.509838E-10
   1.569000E+03  1.755015E-08  2.514046E-10
   1.571000E+03  1.744214E-08  2.506656E-10
   1.573000E+03  1.736933E-08  2.501084E-10
   1.575000E+03  1.734253E-08  2.499214E-10
   1.577000E+03  1.712531E-08  2.484063E-10
   1.579000E+03  1.708651E-08  2.480905E-10
   1.581000E+03  1.705130E-08  2.477771E-10
   1.583000E+03  1.698850E-08  2.473560E-10
   1.585000E+03  1.691289E-08  2.467884E-10
   1.587000E+03  1.692929E-08  2.469312E-10
   1.589000E+03  1.679688E-08  2.459712E-10
   1.591000E+03  1.660686E-08  2.445608E-10
   1.593000E+03  1.652965E-08  2.440103E-10
   1.595000E+03  1.662246E-08  2.446755E-10
   1.597000E+03  1.659166E-08  2.444255E-10
   1.599000E+03  1.650925E-08  2.438304E-10
   1.601000E+03  1.641164E-08  2.431097E-10
   1.603000E+03  1.621362E-08  2.416290E-10
   1.605000E+03  1.623162E-08  2.417510E-10
   1.607000E+03  1.612041E-08  2.409644E-10
   1.609000E+03  1.618522E-08  2.414295E-10
   1.611000E+03  1.604400E-08  2.403098E-10
   1.613000E+03  1.598000E-08  2.399025E-10
   1.615000E+03  1.578278E-08  2.384079E-10
   1.617000E+03  1.579278E-08  2.384773E-10
   1.619000E+03  1.561556E-08  2.371679E-10
   1.621000E+03  1.565756E-08  2.374436E-10
   1.623000E+03  1.560756E-08  2.370647E-10
   1.625000E+03  1.552995E-08  2.364998E-10
   1.627000E+03  1.549515E-08  2.362107E-10
   1.629000E+03  1.528713E-08  2.346036E-10
   1.631000E+03  1.538834E-08  2.354085E-10
   1.633000E+03  1.516791E-08  2.337313E-10
   1.635000E+03  1.522272E-08  2.341587E-10
   1.637000E+03  1.500430E-08  2.324508E-10
   1.639000E+03  1.525792E-08  2.343797E-10
   1.641000E+03  1.490509E-08  2.316635E-10
   1.643000E+03  1.477428E-08  2.306710E-10
   1.645000E+03  1.486708E-08  2.313746E-10
   1.647000E+03  1.474187E-08  2.304120E-10
   1.649000E+03  1.462586E-08  2.295049E-10
   1.651000E+03  1.463346E-08  2.295331E-10
   1.653000E+03  1.448865E-08  2.284148E-10
   1.655000E+03  1.446224E-08  2.282511E-10
   1.657000E+03  1.446504E-08  2.282037E-10
   1.659000E+03  1.421302E-08  2.262475E-10
   1.661000E+03  1.407901E-08  2.251607E-10
   1.663000E+03  1.416821E-08  2.258720E-10
   1.665000E+03  1.412661E-08  2.255469E-10
   1.667000E+03  1.411221E-08  2.254385E-10
   1.669000E+03  1.386018E-08  2.234000E-10
   1.671000E+03  1.383698E-08  2.232583E-10
   1.673000E+03  1.378138E-08  2.228165E-10
   1.675000E+03  1.374297E-08  2.225193E-10
   1.677000E+03  1.371097E-08  2.222411E-10
   1.679000E+03  1.358936E-08  2.212093E-10
   1.681000E+03  1.342414E-08  2.198491E-10
   1.683000E+03  1.345894E-08  2.201467E-10
   1.685000E+03  1.338374E-08  2.195643E-10
   1.687000E+03  1.329853E-08  2.188325E-10
   1.689000E+03  1.321492E-08  2.181708E-10
   1.691000E+03  1.317091E-08  2.177483E-10
   1.693000E+03  1.317452E-08  2.177978E-10
   1.695000E+03  1.298090E-08  2.161533E-10
   1.697000E+03  1.298530E-08  2.162299E-10
   1.699000E+03  1.287409E-08  2.152964E-10
   1.701000E+03  1.295649E-08  2.160436E-10
   1.703000E+03  1.277688E-08  2.144829E-10
   1.705000E+03  1.261846E-08  2.131438E-10
   1.707000E+03  1.266166E-08  2.135215E-10
   1.709000E+03  1.259166E-08  2.129311E-10
   1.711000E+03  1.249525E-08  2.121696E-10
   1.713000E+03  1.238204E-08  2.111533E-10
   1.715000E+03  1.227163E-08  2.102519E-10
   1.717000E+03  1.217242E-08  2.093535E-10
   1.719000E+03  1.210441E-08  2.088099E-10
   1.721000E+03  1.213001E-08  2.089820E-10
   1.723000E+03  1.211401E-08  2.088443E-10
   1.725000E+03  1.204640E-08  2.082820E-10
   1.727000E+03  1.197160E-08  2.076490E-10
   1.729000E+03  1.199320E-08  2.078152E-10
   1.731000E+03  1.176637E-08  2.058430E-10
   1.733000E+03  1.166636E-08  2.049884E-10
   1.735000E+03  1.173477E-08  2.056087E-10
   1.737000E+03  1.159396E-08  2.043592E-10
   1.739000E+03  1.149475E-08  2.034630E-10
   1.741000E+03  1.143514E-08  2.028857E-10
   1.743000E+03  1.142154E-08  2.028007E-10
   1.745000E+03  1.137714E-08  2.023851E-10
   1.747000E+03  1.126032E-08  2.013516E-10
   1.749000E+03  1.108911E-08  1.998092E-10
   1.751000E+03  1.113111E-08  2.002373E-10
   1.753000E+03  1.099670E-08  1.989829E-10
   1.755000E+03  1.083468E-08  1.975276E-10
   1.757000E+03  1.079788E-08  1.972214E-10
   1.759000E+03  1.084228E-08  1.976041E-10
   1.761000E+03  1.066666E-08  1.959918E-10
   1.763000E+03  1.059946E-08  1.953740E-10
   1.765000E+03  1.048665E-08  1.943253E-10
   1.767000E+03  1.050625E-08  1.945141E-10
   1.769000E+03  1.043264E-08  1.938397E-10
   1.771000E+03  1.038744E-08  1.933676E-10
   1.773000E+03  1.026182E-08  1.922107E-10
   1.775000E+03  1.024142E-08  1.920347E-10
   1.777000E+03  1.021222E-08  1.917835E-10
   1.779000E+03  1.009621E-08  1.907150E-10
   1.781000E+03  9.958994E-09  1.893785E-10
   1.783000E+03  9.881787E-09  1.886132E-10
   1.785000E+03  9.866985E-09  1.884949E-10
   1.787000E+03  9.811380E-09  1.879559E-10
   1.789000E+03  9.674166E-09  1.866536E-10
   1.791000E+03  9.700168E-09  1.869194E-10
   1.793000E+03  9.578956E-09  1.857105E-10
   1.795000E+03  9.414140E-09  1.841776E-10
   1.797000E+03  9.561755E-09  1.855904E-10
   1.799000E+03  9.326531E-09  1.832571E-10
   1.801000E+03  9.360535E-09  1.835984E-10
   1.803000E+03  9.178116E-09  1.817786E-10
   1.805000E+03  9.178516E-09  1.818063E-10
   1.807000E+03  9.112510E-09  1.811441E-10
   1.809000E+03  9.072106E-09  1.807743E-10
   1.811000E+03  9.018500E-09  1.801762E-10
   1.813000E+03  8.820481E-09  1.782287E-10
   1.815000E+03  8.756874E-09  1.775855E-10
   1.817000E+03  8.683667E-09  1.767935E-10
   1.819000E+03  8.698868E-09  1.769888E-10
   1.821000E+03  8.604059E-09  1.759898E-10
   1.823000E+03  8.544053E-09  1.753836E-10
   1.825000E+03  8.435642E-09  1.742763E-10
   1.827000E+03  8.372436E-09  1.736310E-10
   1.829000E+03  8.324031E-09  1.731620E-10
   1.831000E+03  8.325231E-09  1.731412E-10
   1.833000E+03  8.119211E-09  1.709873E-10
   1.835000E+03  8.124011E-09  1.710462E-10
   1.837000E+03  7.969196E-09  1.693931E-10
   1.839000E+03  8.014800E-09  1.698937E-10
   1.841000E+03  7.824781E-09  1.678523E-10
   1.843000E+03  7.745573E-09  1.670099E-10
   1.845000E+03  7.710770E-09  1.666259E-10
   1.847000E+03  7.623561E-09  1.656816E-10
   1.849000E+03  7.520751E-09  1.645702E-10
   1.851000E+03  7.539153E-09  1.647538E-10
   1.853000E+03  7.419541E-09  1.634513E-10
   1.855000E+03  7.397539E-09  1.632089E-10
   1.857000E+03  7.307930E-09  1.622093E-10
   1.859000E+03  7.229922E-09  1.613328E-10
   1.861000E+03  7.178317E-09  1.607563E-10
   1.863000E+03  7.056304E-09  1.593849E-10
   1.865000E+03  6.984297E-09  1.585791E-10
   1.867000E+03  6.927892E-09  1.579288E-10
   1.869000E+03  6.855884E-09  1.571155E-10
   1.871000E+03  6.771076E-09  1.561782E-10
   1.873000E+03  6.773876E-09  1.561828E-10
   1.875000E+03  6.771076E-09  1.561321E-10
   1.877000E+03  6.635462E-09  1.545708E-10
   1.879000E+03  6.507050E-09  1.530782E-10
   1.881000E+03  6.541853E-09  1.534867E-10
   1.883000E+03  6.338233E-09  1.510809E-10
   1.885000E+03  6.214220E-09  1.496064E-10
   1.887000E+03  6.127412E-09  1.485296E-10
   1.889000E+03  6.122211E-09  1.484957E-10
   1.891000E+03  6.039803E-09  1.474743E-10
   1.893000E+03  6.000599E-09  1.470050E-10
   1.895000E+03  5.936993E-09  1.462342E-10
   1.897000E+03  5.781777E-09  1.442719E-10
   1.899000E+03  5.769776E-09  1.441321E-10
   1.901000E+03  5.616561E-09  1.421964E-10
   1.903000E+03  5.595359E-09  1.419380E-10
   1.905000E+03  5.572156E-09  1.416435E-10
   1.907000E+03  5.426942E-09  1.397969E-10
   1.909000E+03  5.360135E-09  1.389344E-10
   1.911000E+03  5.361335E-09  1.389499E-10
   1.913000E+03  5.297329E-09  1.381394E-10
   1.915000E+03  5.185718E-09  1.366462E-10
   1.917000E+03  5.130512E-09  1.359491E-10
   1.919000E+03  4.964496E-09  1.337121E-10
   1.921000E+03  4.955295E-09  1.335667E-10
   1.923000E+03  4.807280E-09  1.315465E-10
   1.925000E+03  4.692068E-09  1.299831E-10
   1.927000E+03  4.678067E-09  1.297669E-10
   1.929000E+03  4.686068E-09  1.298778E-10
   1.931000E+03  4.596059E-09  1.286247E-10
   1.933000E+03  4.408440E-09  1.259839E-10
   1.935000E+03  4.353635E-09  1.252217E-10
   1.937000E+03  4.327232E-09  1.248417E-10
   1.939000E+03  4.209620E-09  1.231347E-10
   1.941000E+03  4.058005E-09  1.208628E-10
   1.943000E+03  4.045204E-09  1.206721E-10
   1.945000E+03  4.034803E-09  1.205288E-10
   1.947000E+03  3.913191E-09  1.186991E-10
   1.949000E+03  3.782778E-09  1.167052E-10
   1.951000E+03  3.731573E-09  1.159129E-10
   1.953000E+03  3.636363E-09  1.144378E-10
   1.955000E+03  3.575557E-09  1.134902E-10
   1.957000E+03  3.434343E-09  1.111895E-10
   1.959000E+03  3.342334E-09  1.097033E-10
   1.961000E+03  3.183918E-09  1.070729E-10
   1.963000E+03  3.125512E-09  1.060731E-10
   1.965000E+03  2.924292E-09  1.026023E-10
   1.967000E+03  2.925492E-09  1.026374E-10
   1.969000E+03  2.727072E-09  9.908244E-11
   1.971000E+03  2.672267E-09  9.809656E-11
   1.973000E+03  2.503450E-09  9.493358E-11
   1.975000E+03  2.484248E-09  9.456884E-11
   1.977000E+03  2.353435E-09  9.204556E-11
   1.979000E+03  2.266226E-09  9.035609E-11
   1.981000E+03  2.181818E-09  8.864253E-11
   1.983000E+03  2.033803E-09  8.558437E-11
   1.985000E+03  2.009401E-09  8.506963E-11
   1.987000E+03  1.872187E-09  8.209764E-11
   1.989000E+03  1.781378E-09  8.008200E-11
   1.991000E+03  1.776977E-09  7.998304E-11
   1.993000E+03  1.722572E-09  7.874919E-11
   1.995000E+03  1.628163E-09  7.656092E-11
   1.997000E+03  1.577357E-09  7.535703E-11
   1.999000E+03  1.446944E-09  7.217484E-11
