 #  Results from PENEPMA.
 #  Energy distribution of upbound electrons.
 #  1st column: E (eV).
 #  2nd and 3rd columns: probability density and STU (1/(eV*particle)).

   1.000000E+00  1.000000E-35  1.000000E-35
   3.000000E+00  1.000000E-35  1.000000E-35
   5.000001E+00  1.000000E-35  1.000000E-35
   7.000001E+00  1.000000E-35  1.000000E-35
   9.000001E+00  1.000000E-35  1.000000E-35
   1.100000E+01  1.000000E-35  1.000000E-35
   1.300000E+01  1.000000E-35  1.000000E-35
   1.500000E+01  1.000000E-35  1.000000E-35
   1.700000E+01  1.000000E-35  1.000000E-35
   1.900000E+01  1.000000E-35  1.000000E-35
   2.100000E+01  1.000000E-35  1.000000E-35
   2.300000E+01  1.000000E-35  1.000000E-35
   2.500000E+01  1.000000E-35  1.000000E-35
   2.700000E+01  1.000000E-35  1.000000E-35
   2.900000E+01  1.000000E-35  1.000000E-35
   3.100000E+01  1.000000E-35  1.000000E-35
   3.300000E+01  1.000000E-35  1.000000E-35
   3.500000E+01  1.000000E-35  1.000000E-35
   3.700000E+01  1.000000E-35  1.000000E-35
   3.900000E+01  1.000000E-35  1.000000E-35
   4.100000E+01  1.000000E-35  1.000000E-35
   4.300000E+01  1.000000E-35  1.000000E-35
   4.500000E+01  1.000000E-35  1.000000E-35
   4.700000E+01  1.000000E-35  1.000000E-35
   4.900000E+01  1.000000E-35  1.000000E-35
   5.100001E+01  1.264185E-03  5.154539E-06
   5.300001E+01  4.461833E-04  4.792630E-06
   5.500001E+01  3.027388E-04  4.668183E-06
   5.700001E+01  2.912768E-04  4.573389E-06
   5.900001E+01  2.872182E-04  4.543414E-06
   6.100001E+01  2.931677E-04  4.562605E-06
   6.300001E+01  3.082722E-04  4.554683E-06
   6.500001E+01  3.015443E-04  4.596496E-06
   6.700001E+01  2.917260E-04  4.564916E-06
   6.900001E+01  2.926993E-04  4.561760E-06
   7.100001E+01  2.872311E-04  4.552694E-06
   7.300001E+01  2.848032E-04  4.532015E-06
   7.500001E+01  2.866413E-04  4.530683E-06
   7.700001E+01  2.826890E-04  4.517958E-06
   7.900001E+01  3.184391E-04  4.758155E-06
   8.100001E+01  3.611037E-04  5.102158E-06
   8.300001E+01  3.760504E-04  5.213994E-06
   8.500001E+01  3.766964E-04  5.221687E-06
   8.700001E+01  3.615396E-04  5.115300E-06
   8.900001E+01  3.463604E-04  4.983984E-06
   9.100001E+01  3.354993E-04  4.921570E-06
   9.300001E+01  3.242660E-04  4.835935E-06
   9.500001E+01  3.169778E-04  4.780748E-06
   9.700001E+01  3.091006E-04  4.722391E-06
   9.900001E+01  2.999863E-04  4.649553E-06
   1.010000E+02  2.912418E-04  4.579655E-06
   1.030000E+02  2.819502E-04  4.504805E-06
   1.050000E+02  2.773149E-04  4.468340E-06
   1.070000E+02  2.707162E-04  4.411531E-06
   1.090000E+02  2.670387E-04  4.383216E-06
   1.110000E+02  2.576754E-04  4.302292E-06
   1.130000E+02  2.517690E-04  4.252328E-06
   1.150000E+02  2.504042E-04  4.221659E-06
   1.170000E+02  2.457279E-04  4.168434E-06
   1.190000E+02  2.359975E-04  4.114522E-06
   1.210000E+02  2.322215E-04  4.078641E-06
   1.230000E+02  2.258057E-04  4.021014E-06
   1.250000E+02  2.235172E-04  4.002617E-06
   1.270000E+02  2.181941E-04  3.950122E-06
   1.290000E+02  2.161520E-04  3.914610E-06
   1.310000E+02  2.091644E-04  3.856638E-06
   1.330000E+02  2.056568E-04  3.822513E-06
   1.350000E+02  2.011635E-04  3.793087E-06
   1.370000E+02  1.969514E-04  3.752404E-06
   1.390000E+02  1.942532E-04  3.726371E-06
   1.410000E+02  1.896544E-04  3.681155E-06
   1.430000E+02  1.871107E-04  3.655527E-06
   1.450000E+02  1.828982E-04  3.590396E-06
   1.470000E+02  1.813919E-04  3.598039E-06
   1.490000E+02  1.766205E-04  3.550935E-06
   1.510000E+02  1.708977E-04  3.489573E-06
   1.530000E+02  1.672433E-04  3.451471E-06
   1.550000E+02  1.670922E-04  3.449598E-06
   1.570000E+02  1.640518E-04  3.416705E-06
   1.590000E+02  1.644772E-04  3.420196E-06
   1.610000E+02  1.601989E-04  3.377153E-06
   1.630000E+02  1.557897E-04  3.328814E-06
   1.650000E+02  1.597344E-04  3.370616E-06
   1.670000E+02  1.610197E-04  3.385690E-06
   1.690000E+02  1.562893E-04  3.320805E-06
   1.710000E+02  1.526278E-04  3.293418E-06
   1.730000E+02  1.526647E-04  3.287361E-06
   1.750000E+02  1.533785E-04  3.287118E-06
   1.770000E+02  1.470380E-04  3.230490E-06
   1.790000E+02  1.438331E-04  3.192676E-06
   1.810000E+02  1.409762E-04  3.159174E-06
   1.830000E+02  1.406728E-04  3.142844E-06
   1.850000E+02  1.409277E-04  3.132997E-06
   1.870000E+02  1.343106E-04  3.084074E-06
   1.890000E+02  1.314633E-04  3.047852E-06
   1.910000E+02  1.291361E-04  3.020688E-06
   1.930000E+02  1.252415E-04  2.972296E-06
   1.950000E+02  1.272284E-04  2.990734E-06
   1.970000E+02  1.261341E-04  2.952911E-06
   1.990000E+02  1.230738E-04  2.921804E-06
   2.010000E+02  1.209710E-04  2.921923E-06
   2.030000E+02  1.199365E-04  2.908292E-06
   2.050000E+02  1.212721E-04  2.925725E-06
   2.070000E+02  1.175776E-04  2.875689E-06
   2.090000E+02  1.182482E-04  2.881644E-06
   2.110000E+02  1.164862E-04  2.857476E-06
   2.130000E+02  1.150091E-04  2.843441E-06
   2.150000E+02  1.138937E-04  2.827311E-06
   2.170000E+02  1.153346E-04  2.845015E-06
   2.190000E+02  1.145189E-04  2.835683E-06
   2.210000E+02  1.125425E-04  2.809986E-06
   2.230000E+02  1.121573E-04  2.803626E-06
   2.250000E+02  1.124079E-04  2.807622E-06
   2.270000E+02  1.125937E-04  2.799433E-06
   2.290000E+02  1.118385E-04  2.792519E-06
   2.310000E+02  1.091677E-04  2.760980E-06
   2.330000E+02  1.088542E-04  2.759923E-06
   2.350000E+02  1.094025E-04  2.765665E-06
   2.370000E+02  1.099916E-04  2.774233E-06
   2.390000E+02  1.094132E-04  2.762204E-06
   2.410000E+02  1.088580E-04  2.753068E-06
   2.430000E+02  1.083716E-04  2.752327E-06
   2.450000E+02  1.073162E-04  2.738061E-06
   2.470000E+02  1.061249E-04  2.720972E-06
   2.490000E+02  1.050144E-04  2.705430E-06
   2.510000E+02  1.051710E-04  2.707269E-06
   2.530000E+02  1.035339E-04  2.685079E-06
   2.550000E+02  1.021439E-04  2.664148E-06
   2.570000E+02  1.028793E-04  2.674710E-06
   2.590000E+02  1.021902E-04  2.664127E-06
   2.610000E+02  1.008950E-04  2.646372E-06
   2.630000E+02  1.015698E-04  2.656478E-06
   2.650000E+02  9.960896E-05  2.627866E-06
   2.670000E+02  9.968966E-05  2.628736E-06
   2.690000E+02  9.986785E-05  2.630472E-06
   2.710000E+02  9.925923E-05  2.619334E-06
   2.730000E+02  1.002827E-04  2.636040E-06
   2.750000E+02  9.695868E-05  2.586681E-06
   2.770000E+02  9.639192E-05  2.578435E-06
   2.790000E+02  9.620809E-05  2.575749E-06
   2.810000E+02  9.527954E-05  2.556907E-06
   2.830000E+02  9.494383E-05  2.557116E-06
   2.850000E+02  9.469491E-05  2.553024E-06
   2.870000E+02  9.560379E-05  2.564786E-06
   2.890000E+02  9.486726E-05  2.554473E-06
   2.910000E+02  9.426897E-05  2.546726E-06
   2.930000E+02  9.157108E-05  2.503069E-06
   2.950000E+02  9.259626E-05  2.515403E-06
   2.970000E+02  9.316278E-05  2.526658E-06
   2.990000E+02  9.327134E-05  2.530111E-06
   3.010000E+02  9.145035E-05  2.500503E-06
   3.030000E+02  9.058279E-05  2.487297E-06
   3.050000E+02  9.078865E-05  2.488534E-06
   3.070000E+02  9.119734E-05  2.494829E-06
   3.090000E+02  9.051867E-05  2.482846E-06
   3.110000E+02  9.074800E-05  2.487583E-06
   3.130000E+02  9.069839E-05  2.486491E-06
   3.150000E+02  8.980756E-05  2.472612E-06
   3.170000E+02  8.800559E-05  2.443363E-06
   3.190000E+02  8.790758E-05  2.439134E-06
   3.210000E+02  8.829654E-05  2.447528E-06
   3.230000E+02  8.911881E-05  2.458455E-06
   3.250000E+02  8.602927E-05  2.409430E-06
   3.270000E+02  8.691627E-05  2.426505E-06
   3.290000E+02  8.702246E-05  2.425405E-06
   3.310000E+02  8.638920E-05  2.414150E-06
   3.330000E+02  8.776169E-05  2.413373E-06
   3.350000E+02  8.535306E-05  2.396758E-06
   3.370000E+02  8.603050E-05  2.405342E-06
   3.390000E+02  8.519685E-05  2.394149E-06
   3.410000E+02  8.494186E-05  2.387640E-06
   3.430000E+02  8.379950E-05  2.369485E-06
   3.450000E+02  8.327389E-05  2.362022E-06
   3.470000E+02  8.348609E-05  2.362358E-06
   3.490000E+02  8.610499E-05  2.399160E-06
   3.510000E+02  8.354151E-05  2.363059E-06
   3.530000E+02  8.339164E-05  2.359255E-06
   3.550000E+02  8.310025E-05  2.353046E-06
   3.570000E+02  8.353868E-05  2.359216E-06
   3.590000E+02  8.268813E-05  2.343349E-06
   3.610000E+02  8.112975E-05  2.320494E-06
   3.630000E+02  8.119144E-05  2.318173E-06
   3.650000E+02  8.139241E-05  2.320359E-06
   3.670000E+02  8.194861E-05  2.329006E-06
   3.690000E+02  8.202113E-05  2.329460E-06
   3.710000E+02  8.212861E-05  2.329991E-06
   3.730000E+02  8.165815E-05  2.321643E-06
   3.750000E+02  8.167907E-05  2.321404E-06
   3.770000E+02  8.283413E-05  2.338355E-06
   3.790000E+02  8.067322E-05  2.301954E-06
   3.810000E+02  7.894549E-05  2.273727E-06
   3.830000E+02  8.235025E-05  2.294690E-06
   3.850000E+02  7.971297E-05  2.288273E-06
   3.870000E+02  7.933261E-05  2.280891E-06
   3.890000E+02  7.983786E-05  2.288476E-06
   3.910000E+02  7.998758E-05  2.289100E-06
   3.930000E+02  7.975321E-05  2.285006E-06
   3.950000E+02  8.092054E-05  2.304397E-06
   3.970000E+02  8.334142E-05  2.295532E-06
   3.990000E+02  8.077635E-05  2.301389E-06
   4.010000E+02  7.869558E-05  2.265551E-06
   4.030000E+02  7.860253E-05  2.264577E-06
   4.050000E+02  7.905097E-05  2.270844E-06
   4.070000E+02  7.900009E-05  2.269763E-06
   4.090000E+02  7.845431E-05  2.261686E-06
   4.110000E+02  7.958655E-05  2.276365E-06
   4.130000E+02  7.928945E-05  2.265299E-06
   4.150000E+02  8.080255E-05  2.270857E-06
   4.170000E+02  9.423474E-05  2.273611E-06
   4.190000E+02  7.837562E-05  2.264702E-06
   4.210000E+02  7.837162E-05  2.261081E-06
   4.230000E+02  7.921738E-05  2.275481E-06
   4.250000E+02  7.828954E-05  2.258146E-06
   4.270000E+02  7.874631E-05  2.262374E-06
   4.290000E+02  7.816413E-05  2.253166E-06
   4.310000E+02  8.877410E-05  2.277405E-06
   4.330000E+02  7.953444E-05  2.260159E-06
   4.350000E+02  7.945953E-05  2.280423E-06
   4.370000E+02  7.873639E-05  2.265936E-06
   4.390000E+02  7.950247E-05  2.276892E-06
   4.410000E+02  7.940170E-05  2.274344E-06
   4.430000E+02  7.886805E-05  2.267096E-06
   4.450000E+02  7.825002E-05  2.255187E-06
   4.470000E+02  7.789316E-05  2.248944E-06
   4.490000E+02  7.932846E-05  2.274185E-06
   4.510000E+02  7.960206E-05  2.279720E-06
   4.530000E+02  7.993743E-05  2.283707E-06
   4.550000E+02  8.025939E-05  2.289999E-06
   4.570000E+02  7.880120E-05  2.265324E-06
   4.590000E+02  7.868012E-05  2.264088E-06
   4.610000E+02  7.964486E-05  2.282361E-06
   4.630000E+02  8.178260E-05  2.315240E-06
   4.650000E+02  7.856289E-05  2.262465E-06
   4.670000E+02  9.447105E-05  2.275513E-06
   4.690000E+02  7.951627E-05  2.291176E-06
   4.710000E+02  7.833460E-05  2.271051E-06
   4.730000E+02  7.832915E-05  2.269826E-06
   4.750000E+02  7.882209E-05  2.279022E-06
   4.770000E+02  7.872048E-05  2.277152E-06
   4.790000E+02  8.479365E-05  2.285892E-06
   4.810000E+02  1.138573E-04  2.307293E-06
   4.830000E+02  7.875650E-05  2.288841E-06
   4.850000E+02  7.776124E-05  2.283250E-06
   4.870000E+02  7.674019E-05  2.271043E-06
   4.890000E+02  7.815090E-05  2.293124E-06
   4.910000E+02  7.732243E-05  2.278658E-06
   4.930000E+02  8.775044E-05  2.308405E-06
   4.950000E+02  9.523395E-05  2.282129E-06
   4.970000E+02  7.869878E-05  2.302401E-06
   4.990000E+02  7.837200E-05  2.308555E-06
   5.010001E+02  7.743843E-05  2.291181E-06
   5.030001E+02  7.790258E-05  2.296658E-06
   5.050001E+02  7.565329E-05  2.260154E-06
   5.070001E+02  7.875341E-05  2.308814E-06
   5.090001E+02  9.065622E-05  2.311317E-06
   5.110001E+02  7.777034E-05  2.295163E-06
   5.130001E+02  7.738910E-05  2.286039E-06
   5.150001E+02  7.821748E-05  2.300076E-06
   5.170001E+02  7.749731E-05  2.288429E-06
   5.190001E+02  7.907300E-05  2.312576E-06
   5.210001E+02  7.897700E-05  2.307091E-06
   5.230001E+02  7.771456E-05  2.286899E-06
   5.250001E+02  7.928099E-05  2.310318E-06
   5.270001E+02  7.962547E-05  2.316094E-06
   5.290001E+02  7.864508E-05  2.302634E-06
   5.310001E+02  7.896269E-05  2.308634E-06
   5.330001E+02  7.957631E-05  2.319820E-06
   5.350001E+02  7.998218E-05  2.321176E-06
   5.370001E+02  8.050353E-05  2.334964E-06
   5.390001E+02  7.938193E-05  2.319869E-06
   5.410001E+02  8.041162E-05  2.338502E-06
   5.430001E+02  7.836337E-05  2.308095E-06
   5.450001E+02  7.979039E-05  2.332188E-06
   5.470001E+02  8.021817E-05  2.336387E-06
   5.490001E+02  8.012207E-05  2.333224E-06
   5.510001E+02  7.934383E-05  2.331959E-06
   5.530001E+02  7.847008E-05  2.318859E-06
   5.550001E+02  7.919104E-05  2.331729E-06
   5.570001E+02  7.920221E-05  2.334972E-06
   5.590001E+02  7.911471E-05  2.336212E-06
   5.610001E+02  7.992343E-05  2.341712E-06
   5.630001E+02  7.995486E-05  2.350033E-06
   5.650001E+02  1.141661E-04  2.364735E-06
   5.670001E+02  1.170965E-04  2.341855E-06
   5.690001E+02  7.744651E-05  2.357859E-06
   5.710001E+02  7.578208E-05  2.331953E-06
   5.730001E+02  7.677972E-05  2.347714E-06
   5.750001E+02  7.740550E-05  2.358704E-06
   5.770001E+02  9.290506E-05  2.362358E-06
   5.790001E+02  1.099045E-04  2.380514E-06
   5.810001E+02  7.675838E-05  2.367514E-06
   5.830001E+02  7.409287E-05  2.334204E-06
   5.850001E+02  7.393299E-05  2.331692E-06
   5.870001E+02  7.562509E-05  2.357963E-06
   5.890001E+02  7.685028E-05  2.377155E-06
   5.910001E+02  7.702868E-05  2.371576E-06
   5.930001E+02  7.730852E-05  2.384687E-06
   5.950001E+02  7.623227E-05  2.367529E-06
   5.970001E+02  7.730758E-05  2.384946E-06
   5.990001E+02  7.683010E-05  2.377649E-06
   6.010001E+02  7.547209E-05  2.356116E-06
   6.030001E+02  7.715704E-05  2.382853E-06
   6.050001E+02  7.696512E-05  2.380771E-06
   6.070001E+02  7.689856E-05  2.379077E-06
   6.090001E+02  7.817483E-05  2.399390E-06
   6.110001E+02  7.715575E-05  2.383859E-06
   6.130001E+02  7.763074E-05  2.391370E-06
   6.150001E+02  7.837988E-05  2.403366E-06
   6.170001E+02  7.738588E-05  2.385863E-06
   6.190001E+02  8.087761E-05  2.401589E-06
   6.210001E+02  7.833843E-05  2.405482E-06
   6.230001E+02  7.794384E-05  2.398904E-06
   6.250001E+02  7.889301E-05  2.414585E-06
   6.270001E+02  7.900784E-05  2.415609E-06
   6.290001E+02  7.749521E-05  2.391673E-06
   6.310001E+02  8.212850E-05  2.402562E-06
   6.330001E+02  8.241739E-05  2.414152E-06
   6.350001E+02  8.023858E-05  2.440015E-06
   6.370001E+02  7.929630E-05  2.425530E-06
   6.390001E+02  7.755673E-05  2.397836E-06
   6.410001E+02  7.998400E-05  2.425840E-06
   6.430001E+02  8.122340E-05  2.436659E-06
   6.450001E+02  8.191088E-05  2.426134E-06
   6.470001E+02  7.913743E-05  2.423105E-06
   6.490001E+02  8.041764E-05  2.443529E-06
   6.510001E+02  8.112520E-05  2.455609E-06
   6.530001E+02  8.063773E-05  2.448420E-06
   6.550001E+02  8.075426E-05  2.437692E-06
   6.570001E+02  7.962295E-05  2.434213E-06
   6.590001E+02  8.133715E-05  2.458530E-06
   6.610001E+02  8.058890E-05  2.448030E-06
   6.630001E+02  7.967629E-05  2.433837E-06
   6.650001E+02  7.984137E-05  2.436508E-06
   6.670001E+02  8.267759E-05  2.479173E-06
   6.690001E+02  8.324562E-05  2.488262E-06
   6.710001E+02  8.092133E-05  2.452826E-06
   6.730001E+02  8.194254E-05  2.467810E-06
   6.750001E+02  8.210138E-05  2.470191E-06
   6.770001E+02  8.329926E-05  2.488881E-06
   6.790001E+02  8.224312E-05  2.473426E-06
   6.810001E+02  8.286256E-05  2.481917E-06
   6.830001E+02  8.362643E-05  2.493244E-06
   6.850001E+02  8.176534E-05  2.465297E-06
   6.870001E+02  8.385490E-05  2.496466E-06
   6.890001E+02  8.367956E-05  2.494102E-06
   6.910001E+02  8.283969E-05  2.481922E-06
   6.930001E+02  8.387871E-05  2.496837E-06
   6.950001E+02  8.497995E-05  2.512080E-06
   6.970001E+02  8.344789E-05  2.490876E-06
   6.990001E+02  8.485733E-05  2.511300E-06
   7.010001E+02  8.357287E-05  2.492265E-06
   7.030001E+02  8.421073E-05  2.502154E-06
   7.050001E+02  8.703515E-05  2.544199E-06
   7.070001E+02  8.311078E-05  2.486151E-06
   7.090001E+02  8.498984E-05  2.508008E-06
   7.110001E+02  8.415532E-05  2.501402E-06
   7.130001E+02  8.579819E-05  2.525774E-06
   7.150001E+02  8.480481E-05  2.511388E-06
   7.170001E+02  8.576511E-05  2.525878E-06
   7.190001E+02  8.632631E-05  2.533835E-06
   7.210001E+02  8.617295E-05  2.531627E-06
   7.230001E+02  8.815043E-05  2.560190E-06
   7.250001E+02  8.695572E-05  2.541436E-06
   7.270001E+02  8.800395E-05  2.558601E-06
   7.290001E+02  8.740337E-05  2.549999E-06
   7.310001E+02  8.658599E-05  2.537846E-06
   7.330001E+02  8.738982E-05  2.548817E-06
   7.350001E+02  8.870433E-05  2.568978E-06
   7.370001E+02  8.925504E-05  2.559404E-06
   7.390001E+02  8.893627E-05  2.548469E-06
   7.410001E+02  8.942834E-05  2.581175E-06
   7.430001E+02  8.860330E-05  2.568590E-06
   7.450001E+02  8.768289E-05  2.556135E-06
   7.470001E+02  8.912233E-05  2.576629E-06
   7.490001E+02  8.981335E-05  2.586328E-06
   7.510001E+02  8.892902E-05  2.573858E-06
   7.530001E+02  8.759946E-05  2.554800E-06
   7.550001E+02  8.936046E-05  2.579859E-06
   7.570001E+02  8.988130E-05  2.587640E-06
   7.590001E+02  8.828202E-05  2.564343E-06
   7.610001E+02  9.106733E-05  2.604554E-06
   7.630001E+02  9.171661E-05  2.613923E-06
   7.650001E+02  9.222319E-05  2.620895E-06
   7.670001E+02  9.141324E-05  2.609772E-06
   7.690001E+02  9.150647E-05  2.610840E-06
   7.710001E+02  9.160813E-05  2.612613E-06
   7.730001E+02  9.093748E-05  2.602769E-06
   7.750001E+02  9.187060E-05  2.616046E-06
   7.770001E+02  9.151071E-05  2.611308E-06
   7.790001E+02  9.343627E-05  2.638523E-06
   7.810001E+02  9.323045E-05  2.635364E-06
   7.830001E+02  9.264510E-05  2.625893E-06
   7.850001E+02  9.273737E-05  2.628779E-06
   7.870001E+02  9.405554E-05  2.647653E-06
   7.890001E+02  9.327951E-05  2.636296E-06
   7.910001E+02  9.320246E-05  2.629324E-06
   7.930001E+02  9.500317E-05  2.659909E-06
   7.950001E+02  9.485040E-05  2.650699E-06
   7.970001E+02  9.646962E-05  2.678628E-06
   7.990001E+02  9.218131E-05  2.621448E-06
   8.010001E+02  9.334707E-05  2.637917E-06
   8.030001E+02  9.500368E-05  2.661494E-06
   8.050001E+02  9.423024E-05  2.649073E-06
   8.070001E+02  9.507649E-05  2.659377E-06
   8.090001E+02  9.614626E-05  2.677034E-06
   8.110001E+02  9.479979E-05  2.658582E-06
   8.130001E+02  9.491974E-05  2.660212E-06
   8.150001E+02  9.657634E-05  2.683593E-06
   8.170001E+02  9.604331E-05  2.676437E-06
   8.190001E+02  9.613236E-05  2.677714E-06
   8.210001E+02  9.724174E-05  2.691232E-06
   8.230001E+02  9.581864E-05  2.672852E-06
   8.250001E+02  9.676419E-05  2.685453E-06
   8.270001E+02  9.732983E-05  2.693830E-06
   8.290001E+02  9.833186E-05  2.707686E-06
   8.310001E+02  9.769107E-05  2.698876E-06
   8.330001E+02  9.890684E-05  2.715447E-06
   8.350001E+02  9.662917E-05  2.684167E-06
   8.370001E+02  9.936965E-05  2.722382E-06
   8.390001E+02  9.895708E-05  2.716241E-06
   8.410001E+02  9.906513E-05  2.717949E-06
   8.430001E+02  9.991409E-05  2.729642E-06
   8.450001E+02  1.008946E-04  2.742754E-06
   8.470001E+02  1.008117E-04  2.741305E-06
   8.490001E+02  1.002038E-04  2.733378E-06
   8.510001E+02  9.907245E-05  2.718172E-06
   8.530001E+02  1.006790E-04  2.739930E-06
   8.550001E+02  1.011838E-04  2.746807E-06
   8.570001E+02  1.009114E-04  2.743089E-06
   8.590001E+02  1.000033E-04  2.730228E-06
   8.610001E+02  1.025635E-04  2.764568E-06
   8.630001E+02  1.002686E-04  2.734618E-06
   8.650001E+02  1.030226E-04  2.772021E-06
   8.670001E+02  1.024351E-04  2.763865E-06
   8.690001E+02  1.016697E-04  2.753999E-06
   8.710001E+02  1.010330E-04  2.744888E-06
   8.730001E+02  1.035743E-04  2.778945E-06
   8.750001E+02  1.039219E-04  2.784046E-06
   8.770001E+02  1.040417E-04  2.785488E-06
   8.790001E+02  1.042306E-04  2.784489E-06
   8.810001E+02  1.022688E-04  2.757069E-06
   8.830001E+02  1.038407E-04  2.783144E-06
   8.850001E+02  1.052105E-04  2.801420E-06
   8.870001E+02  1.067032E-04  2.821222E-06
   8.890001E+02  1.035518E-04  2.778073E-06
   8.910001E+02  1.041435E-04  2.785529E-06
   8.930001E+02  1.057699E-04  2.809136E-06
   8.950001E+02  1.060715E-04  2.812984E-06
   8.970001E+02  1.053385E-04  2.803512E-06
   8.990001E+02  1.070593E-04  2.826038E-06
   9.010001E+02  1.058593E-04  2.810125E-06
   9.030001E+02  1.050345E-04  2.799549E-06
   9.050001E+02  1.072067E-04  2.828006E-06
   9.070001E+02  1.074371E-04  2.831503E-06
   9.090001E+02  1.060062E-04  2.812105E-06
   9.110001E+02  1.080305E-04  2.839031E-06
   9.130001E+02  1.077900E-04  2.835652E-06
   9.150001E+02  1.076724E-04  2.834124E-06
   9.170001E+02  1.090887E-04  2.852722E-06
   9.190001E+02  1.105722E-04  2.872278E-06
   9.210001E+02  1.090229E-04  2.852072E-06
   9.230001E+02  1.109484E-04  2.876905E-06
   9.250001E+02  1.083080E-04  2.842513E-06
   9.270001E+02  1.091084E-04  2.853157E-06
   9.290001E+02  1.099565E-04  2.863872E-06
   9.310001E+02  1.114597E-04  2.883561E-06
   9.330001E+02  1.110561E-04  2.878309E-06
   9.350001E+02  1.108678E-04  2.876150E-06
   9.370001E+02  1.108855E-04  2.876581E-06
   9.390001E+02  1.112345E-04  2.880663E-06
   9.410001E+02  1.110863E-04  2.878731E-06
   9.430001E+02  1.120800E-04  2.891600E-06
   9.450001E+02  1.114616E-04  2.883146E-06
   9.470001E+02  1.117161E-04  2.886676E-06
   9.490001E+02  1.117648E-04  2.887111E-06
   9.510001E+02  1.124060E-04  2.896079E-06
   9.530001E+02  1.109458E-04  2.877008E-06
   9.550001E+02  1.125566E-04  2.897271E-06
   9.570001E+02  1.132943E-04  2.907181E-06
   9.590001E+02  1.155808E-04  2.936483E-06
   9.610001E+02  1.153489E-04  2.933743E-06
   9.630001E+02  1.158482E-04  2.939852E-06
   9.650001E+02  1.139828E-04  2.916087E-06
   9.670001E+02  1.134407E-04  2.909184E-06
   9.690001E+02  1.144860E-04  2.922548E-06
   9.710001E+02  1.166497E-04  2.950037E-06
   9.730001E+02  1.166165E-04  2.949617E-06
   9.750001E+02  1.160778E-04  2.942795E-06
   9.770001E+02  1.159557E-04  2.941219E-06
   9.790001E+02  1.158228E-04  2.939536E-06
   9.810001E+02  1.155818E-04  2.936694E-06
   9.830001E+02  1.179460E-04  2.966245E-06
   9.850001E+02  1.187467E-04  2.976441E-06
   9.870001E+02  1.178668E-04  2.965615E-06
   9.890001E+02  1.161197E-04  2.943320E-06
   9.910001E+02  1.178450E-04  2.965095E-06
   9.930001E+02  1.187322E-04  2.976234E-06
   9.950001E+02  1.194932E-04  2.985777E-06
   9.970001E+02  1.188160E-04  2.976870E-06
   9.990001E+02  1.192525E-04  2.982772E-06
   1.001000E+03  1.188035E-04  2.977167E-06
   1.003000E+03  1.193837E-04  2.984430E-06
   1.005000E+03  1.213835E-04  3.009300E-06
   1.007000E+03  1.210519E-04  3.005186E-06
   1.009000E+03  1.199501E-04  2.991469E-06
   1.011000E+03  1.217061E-04  3.013205E-06
   1.013000E+03  1.204434E-04  2.997564E-06
   1.015000E+03  1.193502E-04  2.984015E-06
   1.017000E+03  1.215489E-04  3.011354E-06
   1.019000E+03  1.232650E-04  3.032537E-06
   1.021000E+03  1.228668E-04  3.027638E-06
   1.023000E+03  1.232500E-04  3.032334E-06
   1.025000E+03  1.232805E-04  3.032642E-06
   1.027000E+03  1.214026E-04  3.009407E-06
   1.029000E+03  1.223287E-04  3.020893E-06
   1.031000E+03  1.222029E-04  3.019456E-06
   1.033000E+03  1.228406E-04  3.027332E-06
   1.035000E+03  1.237187E-04  3.038140E-06
   1.037000E+03  1.261338E-04  3.067618E-06
   1.039000E+03  1.253973E-04  3.058634E-06
   1.041000E+03  1.261993E-04  3.068424E-06
   1.043000E+03  1.250384E-04  3.054282E-06
   1.045000E+03  1.265986E-04  3.073259E-06
   1.047000E+03  1.275514E-04  3.084809E-06
   1.049000E+03  1.262226E-04  3.068726E-06
   1.051000E+03  1.266632E-04  3.074063E-06
   1.053000E+03  1.267725E-04  3.075371E-06
   1.055000E+03  1.257425E-04  3.062876E-06
   1.057000E+03  1.276429E-04  3.085911E-06
   1.059000E+03  1.291173E-04  3.103697E-06
   1.061000E+03  1.300214E-04  3.114539E-06
   1.063000E+03  1.303530E-04  3.118508E-06
   1.065000E+03  1.274690E-04  3.083806E-06
   1.067000E+03  1.301628E-04  3.116226E-06
   1.069000E+03  1.287934E-04  3.099809E-06
   1.071000E+03  1.307850E-04  3.123660E-06
   1.073000E+03  1.293072E-04  3.105988E-06
   1.075000E+03  1.301960E-04  3.116623E-06
   1.077000E+03  1.299879E-04  3.114141E-06
   1.079000E+03  1.306035E-04  3.121194E-06
   1.081000E+03  1.332207E-04  3.152631E-06
   1.083000E+03  1.304993E-04  3.119811E-06
   1.085000E+03  1.332112E-04  3.152532E-06
   1.087000E+03  1.328624E-04  3.148409E-06
   1.089000E+03  1.321003E-04  3.139360E-06
   1.091000E+03  1.350105E-04  3.173747E-06
   1.093000E+03  1.343477E-04  3.165942E-06
   1.095000E+03  1.334200E-04  3.154984E-06
   1.097000E+03  1.338690E-04  3.160273E-06
   1.099000E+03  1.359796E-04  3.185126E-06
   1.101000E+03  1.339815E-04  3.161641E-06
   1.103000E+03  1.356314E-04  3.181046E-06
   1.105000E+03  1.362618E-04  3.188425E-06
   1.107000E+03  1.365367E-04  3.191625E-06
   1.109000E+03  1.346959E-04  3.170042E-06
   1.111000E+03  1.341888E-04  3.164086E-06
   1.113000E+03  1.370495E-04  3.197626E-06
   1.115000E+03  1.360128E-04  3.185514E-06
   1.117000E+03  1.376302E-04  3.204388E-06
   1.119000E+03  1.367593E-04  3.194239E-06
   1.121000E+03  1.388574E-04  3.218639E-06
   1.123000E+03  1.396288E-04  3.227561E-06
   1.125000E+03  1.405653E-04  3.238369E-06
   1.127000E+03  1.380038E-04  3.208728E-06
   1.129000E+03  1.380280E-04  3.209017E-06
   1.131000E+03  1.386662E-04  3.216428E-06
   1.133000E+03  1.411711E-04  3.245333E-06
   1.135000E+03  1.409889E-04  3.243236E-06
   1.137000E+03  1.408635E-04  3.241805E-06
   1.139000E+03  1.424473E-04  3.259973E-06
   1.141000E+03  1.417010E-04  3.251425E-06
   1.143000E+03  1.414777E-04  3.248856E-06
   1.145000E+03  1.410048E-04  3.243426E-06
   1.147000E+03  1.446457E-04  3.285014E-06
   1.149000E+03  1.408493E-04  3.241615E-06
   1.151000E+03  1.442383E-04  3.280398E-06
   1.153000E+03  1.419913E-04  3.254752E-06
   1.155000E+03  1.438403E-04  3.275870E-06
   1.157000E+03  1.449763E-04  3.288777E-06
   1.159000E+03  1.449100E-04  3.288025E-06
   1.161000E+03  1.451424E-04  3.290657E-06
   1.163000E+03  1.462953E-04  3.303693E-06
   1.165000E+03  1.459796E-04  3.300134E-06
   1.167000E+03  1.459879E-04  3.300228E-06
   1.169000E+03  1.469581E-04  3.311172E-06
   1.171000E+03  1.460957E-04  3.301446E-06
   1.173000E+03  1.484506E-04  3.327939E-06
   1.175000E+03  1.491140E-04  3.335364E-06
   1.177000E+03  1.473564E-04  3.315652E-06
   1.179000E+03  1.473146E-04  3.315185E-06
   1.181000E+03  1.484838E-04  3.328311E-06
   1.183000E+03  1.499763E-04  3.344992E-06
   1.185000E+03  1.496032E-04  3.340830E-06
   1.187000E+03  1.507724E-04  3.353855E-06
   1.189000E+03  1.511124E-04  3.357633E-06
   1.191000E+03  1.496695E-04  3.341570E-06
   1.193000E+03  1.517923E-04  3.365176E-06
   1.195000E+03  1.511538E-04  3.358093E-06
   1.197000E+03  1.525385E-04  3.373436E-06
   1.199000E+03  1.525800E-04  3.373894E-06
   1.201000E+03  1.524390E-04  3.372335E-06
   1.203000E+03  1.544208E-04  3.394179E-06
   1.205000E+03  1.529946E-04  3.378473E-06
   1.207000E+03  1.544623E-04  3.394634E-06
   1.209000E+03  1.559963E-04  3.411444E-06
   1.211000E+03  1.554158E-04  3.405093E-06
   1.213000E+03  1.543793E-04  3.393723E-06
   1.215000E+03  1.570162E-04  3.422574E-06
   1.217000E+03  1.553578E-04  3.404458E-06
   1.219000E+03  1.582019E-04  3.435469E-06
   1.221000E+03  1.551256E-04  3.401914E-06
   1.223000E+03  1.579283E-04  3.432498E-06
   1.225000E+03  1.583595E-04  3.437179E-06
   1.227000E+03  1.570245E-04  3.422665E-06
   1.229000E+03  1.580029E-04  3.433308E-06
   1.231000E+03  1.590975E-04  3.445176E-06
   1.233000E+03  1.595535E-04  3.450109E-06
   1.235000E+03  1.579615E-04  3.432858E-06
   1.237000E+03  1.598686E-04  3.453513E-06
   1.239000E+03  1.614275E-04  3.470304E-06
   1.241000E+03  1.612616E-04  3.468522E-06
   1.243000E+03  1.614358E-04  3.470393E-06
   1.245000E+03  1.608139E-04  3.463704E-06
   1.247000E+03  1.618669E-04  3.475023E-06
   1.249000E+03  1.640311E-04  3.498169E-06
   1.251000E+03  1.619250E-04  3.475646E-06
   1.253000E+03  1.609631E-04  3.465311E-06
   1.255000E+03  1.631771E-04  3.489053E-06
   1.257000E+03  1.641804E-04  3.499760E-06
   1.259000E+03  1.653827E-04  3.512547E-06
   1.261000E+03  1.651920E-04  3.510522E-06
   1.263000E+03  1.640394E-04  3.498258E-06
   1.265000E+03  1.666597E-04  3.526077E-06
   1.267000E+03  1.667758E-04  3.527305E-06
   1.269000E+03  1.667675E-04  3.527217E-06
   1.271000E+03  1.653329E-04  3.512019E-06
   1.273000E+03  1.669250E-04  3.528882E-06
   1.275000E+03  1.666762E-04  3.526252E-06
   1.277000E+03  1.681024E-04  3.541302E-06
   1.279000E+03  1.714358E-04  3.576229E-06
   1.281000E+03  1.691970E-04  3.552808E-06
   1.283000E+03  1.703496E-04  3.564885E-06
   1.285000E+03  1.706481E-04  3.568006E-06
   1.287000E+03  1.693545E-04  3.554461E-06
   1.289000E+03  1.702003E-04  3.563323E-06
   1.291000E+03  1.739317E-04  3.602158E-06
   1.293000E+03  1.707061E-04  3.568612E-06
   1.295000E+03  1.719002E-04  3.581067E-06
   1.297000E+03  1.731854E-04  3.594425E-06
   1.299000E+03  1.756647E-04  3.620053E-06
   1.301000E+03  1.740975E-04  3.603874E-06
   1.303000E+03  1.726630E-04  3.589001E-06
   1.305000E+03  1.764110E-04  3.627731E-06
   1.307000E+03  1.763198E-04  3.626794E-06
   1.309000E+03  1.762866E-04  3.626453E-06
   1.311000E+03  1.768007E-04  3.631735E-06
   1.313000E+03  1.755486E-04  3.618857E-06
   1.315000E+03  1.780030E-04  3.644058E-06
   1.317000E+03  1.748604E-04  3.611759E-06
   1.319000E+03  1.780942E-04  3.644992E-06
   1.321000E+03  1.796780E-04  3.661157E-06
   1.323000E+03  1.801175E-04  3.665630E-06
   1.325000E+03  1.790063E-04  3.654310E-06
   1.327000E+03  1.825884E-04  3.690679E-06
   1.329000E+03  1.797858E-04  3.662255E-06
   1.331000E+03  1.822899E-04  3.687662E-06
   1.333000E+03  1.824143E-04  3.688920E-06
   1.335000E+03  1.826714E-04  3.691517E-06
   1.337000E+03  1.818090E-04  3.682796E-06
   1.339000E+03  1.823646E-04  3.688417E-06
   1.341000E+03  1.856316E-04  3.721297E-06
   1.343000E+03  1.843546E-04  3.708480E-06
   1.345000E+03  1.838239E-04  3.703140E-06
   1.347000E+03  1.842717E-04  3.707646E-06
   1.349000E+03  1.871158E-04  3.736139E-06
   1.351000E+03  1.865188E-04  3.730176E-06
   1.353000E+03  1.857559E-04  3.722543E-06
   1.355000E+03  1.886913E-04  3.751828E-06
   1.357000E+03  1.882767E-04  3.747706E-06
   1.359000E+03  1.872651E-04  3.737628E-06
   1.361000E+03  1.894790E-04  3.759649E-06
   1.363000E+03  1.925056E-04  3.789545E-06
   1.365000E+03  1.885089E-04  3.750015E-06
   1.367000E+03  1.891722E-04  3.756605E-06
   1.369000E+03  1.915852E-04  3.780478E-06
   1.371000E+03  1.896532E-04  3.761375E-06
   1.373000E+03  1.945205E-04  3.809318E-06
   1.375000E+03  1.943049E-04  3.807207E-06
   1.377000E+03  1.939567E-04  3.803795E-06
   1.379000E+03  1.946615E-04  3.810697E-06
   1.381000E+03  1.929616E-04  3.794029E-06
   1.383000E+03  1.926300E-04  3.790768E-06
   1.385000E+03  1.950678E-04  3.814671E-06
   1.387000E+03  1.970910E-04  3.834395E-06
   1.389000E+03  1.963033E-04  3.826727E-06
   1.391000E+03  1.978787E-04  3.842047E-06
   1.393000E+03  1.953912E-04  3.817830E-06
   1.395000E+03  1.965852E-04  3.829473E-06
   1.397000E+03  1.974642E-04  3.838021E-06
   1.399000E+03  2.004409E-04  3.866831E-06
   1.401000E+03  2.008887E-04  3.871146E-06
   1.403000E+03  2.004493E-04  3.866911E-06
   1.405000E+03  1.996449E-04  3.859148E-06
   1.407000E+03  1.984840E-04  3.847916E-06
   1.409000E+03  2.018423E-04  3.880319E-06
   1.411000E+03  2.027212E-04  3.888755E-06
   1.413000E+03  2.041806E-04  3.902722E-06
   1.415000E+03  2.043133E-04  3.903989E-06
   1.417000E+03  2.020910E-04  3.882708E-06
   1.419000E+03  2.053746E-04  3.914112E-06
   1.421000E+03  2.058722E-04  3.918848E-06
   1.423000E+03  2.054576E-04  3.914902E-06
   1.425000E+03  2.065024E-04  3.924839E-06
   1.427000E+03  2.076881E-04  3.936086E-06
   1.429000E+03  2.074476E-04  3.933808E-06
   1.431000E+03  2.072569E-04  3.932000E-06
   1.433000E+03  2.047030E-04  3.907709E-06
   1.435000E+03  2.090397E-04  3.948868E-06
   1.437000E+03  2.102669E-04  3.960437E-06
   1.439000E+03  2.101259E-04  3.959110E-06
   1.441000E+03  2.095372E-04  3.953562E-06
   1.443000E+03  2.141807E-04  3.997110E-06
   1.445000E+03  2.147114E-04  4.002057E-06
   1.447000E+03  2.138324E-04  3.993861E-06
   1.449000E+03  2.096865E-04  3.954969E-06
   1.451000E+03  2.132768E-04  3.988671E-06
   1.453000E+03  2.127876E-04  3.984096E-06
   1.455000E+03  2.149435E-04  4.004219E-06
   1.457000E+03  2.139485E-04  3.994944E-06
   1.459000E+03  2.166019E-04  4.019630E-06
   1.461000E+03  2.163532E-04  4.017322E-06
   1.463000E+03  2.185837E-04  4.037969E-06
   1.465000E+03  2.186334E-04  4.038428E-06
   1.467000E+03  2.161624E-04  4.015552E-06
   1.469000E+03  2.185090E-04  4.037280E-06
   1.471000E+03  2.209800E-04  4.060033E-06
   1.473000E+03  2.194792E-04  4.046228E-06
   1.475000E+03  2.224228E-04  4.073260E-06
   1.477000E+03  2.208142E-04  4.058510E-06
   1.479000E+03  2.213615E-04  4.063534E-06
   1.481000E+03  2.213864E-04  4.063762E-06
   1.483000E+03  2.230199E-04  4.078720E-06
   1.485000E+03  2.229204E-04  4.077811E-06
   1.487000E+03  2.239320E-04  4.087049E-06
   1.489000E+03  2.267512E-04  4.112684E-06
   1.491000E+03  2.238822E-04  4.086595E-06
   1.493000E+03  2.252421E-04  4.098982E-06
   1.495000E+03  2.266683E-04  4.111933E-06
   1.497000E+03  2.270083E-04  4.115014E-06
   1.499000E+03  2.306484E-04  4.147860E-06
   1.501000E+03  2.280365E-04  4.124318E-06
   1.503000E+03  2.300514E-04  4.142491E-06
   1.505000E+03  2.317264E-04  4.157537E-06
   1.507000E+03  2.319668E-04  4.159693E-06
   1.509000E+03  2.286252E-04  4.129636E-06
   1.511000E+03  2.342803E-04  4.180374E-06
   1.513000E+03  2.348193E-04  4.185178E-06
   1.515000E+03  2.354329E-04  4.190640E-06
   1.517000E+03  2.337994E-04  4.176083E-06
   1.519000E+03  2.349354E-04  4.186212E-06
   1.521000E+03  2.366518E-04  4.201469E-06
   1.523000E+03  2.357977E-04  4.193884E-06
   1.525000E+03  2.356319E-04  4.192410E-06
   1.527000E+03  2.365855E-04  4.200880E-06
   1.529000E+03  2.379205E-04  4.212710E-06
   1.531000E+03  2.369669E-04  4.204264E-06
   1.533000E+03  2.401676E-04  4.232548E-06
   1.535000E+03  2.389735E-04  4.222019E-06
   1.537000E+03  2.385423E-04  4.218210E-06
   1.539000E+03  2.432770E-04  4.259846E-06
   1.541000E+03  2.438326E-04  4.264705E-06
   1.543000E+03  2.429288E-04  4.256798E-06
   1.545000E+03  2.429619E-04  4.257088E-06
   1.547000E+03  2.478873E-04  4.300001E-06
   1.549000E+03  2.453417E-04  4.277876E-06
   1.551000E+03  2.471411E-04  4.293527E-06
   1.553000E+03  2.458144E-04  4.281993E-06
   1.555000E+03  2.461046E-04  4.284518E-06
   1.557000E+03  2.489487E-04  4.309192E-06
   1.559000E+03  2.483102E-04  4.303666E-06
   1.561000E+03  2.498691E-04  4.317147E-06
   1.563000E+03  2.505076E-04  4.322656E-06
   1.565000E+03  2.502920E-04  4.320797E-06
   1.567000E+03  2.501676E-04  4.319724E-06
   1.569000E+03  2.518011E-04  4.333797E-06
   1.571000E+03  2.534512E-04  4.347966E-06
   1.573000E+03  2.529952E-04  4.344055E-06
   1.575000E+03  2.538907E-04  4.351732E-06
   1.577000E+03  2.573816E-04  4.381532E-06
   1.579000E+03  2.583103E-04  4.389426E-06
   1.581000E+03  2.546204E-04  4.357978E-06
   1.583000E+03  2.573982E-04  4.381673E-06
   1.585000E+03  2.600765E-04  4.404399E-06
   1.587000E+03  2.575806E-04  4.383225E-06
   1.589000E+03  2.620748E-04  4.421279E-06
   1.591000E+03  2.589073E-04  4.394493E-06
   1.593000E+03  2.583518E-04  4.389778E-06
   1.595000E+03  2.599272E-04  4.403135E-06
   1.597000E+03  2.632772E-04  4.431404E-06
   1.599000E+03  2.600848E-04  4.404469E-06
   1.601000E+03  2.645790E-04  4.442340E-06
   1.603000E+03  2.637498E-04  4.435377E-06
   1.605000E+03  2.646453E-04  4.442897E-06
   1.607000E+03  2.647200E-04  4.443523E-06
   1.609000E+03  2.672241E-04  4.464479E-06
   1.611000E+03  2.653916E-04  4.449153E-06
   1.613000E+03  2.672241E-04  4.464479E-06
   1.615000E+03  2.699522E-04  4.487198E-06
   1.617000E+03  2.733767E-04  4.515555E-06
   1.619000E+03  2.683270E-04  4.473677E-06
   1.621000E+03  2.726470E-04  4.509527E-06
   1.623000E+03  2.717764E-04  4.502325E-06
   1.625000E+03  2.734265E-04  4.515965E-06
   1.627000E+03  2.752922E-04  4.531338E-06
   1.629000E+03  2.735094E-04  4.516650E-06
   1.631000E+03  2.771579E-04  4.546658E-06
   1.633000E+03  2.773403E-04  4.548153E-06
   1.635000E+03  2.764282E-04  4.540672E-06
   1.637000E+03  2.763618E-04  4.540128E-06
   1.639000E+03  2.780700E-04  4.554129E-06
   1.641000E+03  2.786836E-04  4.559148E-06
   1.643000E+03  2.814945E-04  4.582071E-06
   1.645000E+03  2.837748E-04  4.600582E-06
   1.647000E+03  2.857151E-04  4.616274E-06
   1.649000E+03  2.832856E-04  4.596616E-06
   1.651000E+03  2.865194E-04  4.622763E-06
   1.653000E+03  2.861795E-04  4.620022E-06
   1.655000E+03  2.826471E-04  4.591436E-06
   1.657000E+03  2.840982E-04  4.603201E-06
   1.659000E+03  2.868677E-04  4.625570E-06
   1.661000E+03  2.883602E-04  4.637581E-06
   1.663000E+03  2.885675E-04  4.639247E-06
   1.665000E+03  2.906405E-04  4.655871E-06
   1.667000E+03  2.915609E-04  4.663233E-06
   1.669000E+03  2.908230E-04  4.657331E-06
   1.671000E+03  2.915858E-04  4.663432E-06
   1.673000E+03  2.942724E-04  4.684853E-06
   1.675000E+03  2.924896E-04  4.670649E-06
   1.677000E+03  2.966605E-04  4.703813E-06
   1.679000E+03  2.949440E-04  4.690194E-06
   1.681000E+03  2.951596E-04  4.691906E-06
   1.683000E+03  2.999689E-04  4.729954E-06
   1.685000E+03  2.986920E-04  4.719882E-06
   1.687000E+03  2.970087E-04  4.706572E-06
   1.689000E+03  3.003918E-04  4.733285E-06
   1.691000E+03  3.013620E-04  4.740918E-06
   1.693000E+03  2.986505E-04  4.719554E-06
   1.695000E+03  3.051597E-04  4.770678E-06
   1.697000E+03  3.035428E-04  4.758030E-06
   1.699000E+03  3.049690E-04  4.769188E-06
   1.701000E+03  3.039325E-04  4.761082E-06
   1.703000E+03  3.056821E-04  4.774757E-06
   1.705000E+03  3.080619E-04  4.793296E-06
   1.707000E+03  3.101680E-04  4.809643E-06
   1.709000E+03  3.074897E-04  4.788845E-06
   1.711000E+03  3.092310E-04  4.802377E-06
   1.713000E+03  3.118015E-04  4.822284E-06
   1.715000E+03  3.130204E-04  4.831694E-06
   1.717000E+03  3.150271E-04  4.847147E-06
   1.719000E+03  3.154002E-04  4.850015E-06
   1.721000E+03  3.135594E-04  4.835850E-06
   1.723000E+03  3.158314E-04  4.853327E-06
   1.725000E+03  3.166191E-04  4.859372E-06
   1.727000E+03  3.172162E-04  4.863948E-06
   1.729000E+03  3.170420E-04  4.862614E-06
   1.731000E+03  3.170420E-04  4.862614E-06
   1.733000E+03  3.185926E-04  4.874483E-06
   1.735000E+03  3.193886E-04  4.880565E-06
   1.737000E+03  3.222659E-04  4.902485E-06
   1.739000E+03  3.210139E-04  4.892959E-06
   1.741000E+03  3.266026E-04  4.935340E-06
   1.743000E+03  3.214119E-04  4.895989E-06
   1.745000E+03  3.273074E-04  4.940659E-06
   1.747000E+03  3.246872E-04  4.920856E-06
   1.749000E+03  3.282278E-04  4.947596E-06
   1.751000E+03  3.306159E-04  4.965550E-06
   1.753000E+03  3.308149E-04  4.967043E-06
   1.755000E+03  3.325065E-04  4.979717E-06
   1.757000E+03  3.324733E-04  4.979469E-06
   1.759000E+03  3.338746E-04  4.989945E-06
   1.761000E+03  3.343307E-04  4.993350E-06
   1.763000E+03  3.355828E-04  5.002685E-06
   1.765000E+03  3.394302E-04  5.031262E-06
   1.767000E+03  3.373075E-04  5.015515E-06
   1.769000E+03  3.396873E-04  5.033165E-06
   1.771000E+03  3.398697E-04  5.034515E-06
   1.773000E+03  3.426309E-04  5.054911E-06
   1.775000E+03  3.446293E-04  5.069621E-06
   1.777000E+03  3.430787E-04  5.058211E-06
   1.779000E+03  3.490323E-04  5.101880E-06
   1.781000E+03  3.470920E-04  5.087690E-06
   1.783000E+03  3.476061E-04  5.091453E-06
   1.785000E+03  3.500937E-04  5.109626E-06
   1.787000E+03  3.545713E-04  5.142175E-06
   1.789000E+03  3.523159E-04  5.125806E-06
   1.791000E+03  3.543889E-04  5.140853E-06
   1.793000E+03  3.574320E-04  5.162862E-06
   1.795000E+03  3.595216E-04  5.177921E-06
   1.797000E+03  3.576974E-04  5.164777E-06
   1.799000E+03  3.595050E-04  5.177801E-06
   1.801000E+03  3.601849E-04  5.182692E-06
   1.803000E+03  3.649445E-04  5.216797E-06
   1.805000E+03  3.639661E-04  5.209804E-06
   1.807000E+03  3.675067E-04  5.235065E-06
   1.809000E+03  3.689578E-04  5.245382E-06
   1.811000E+03  3.731121E-04  5.274808E-06
   1.813000E+03  3.748451E-04  5.287035E-06
   1.815000E+03  3.756743E-04  5.292875E-06
   1.817000E+03  3.758899E-04  5.294392E-06
   1.819000E+03  3.738169E-04  5.279784E-06
   1.821000E+03  3.754587E-04  5.291357E-06
   1.823000E+03  3.820839E-04  5.337802E-06
   1.825000E+03  3.821420E-04  5.338208E-06
   1.827000E+03  3.825317E-04  5.340927E-06
   1.829000E+03  3.823824E-04  5.339886E-06
   1.831000E+03  3.808899E-04  5.329462E-06
   1.833000E+03  3.865699E-04  5.369022E-06
   1.835000E+03  3.890492E-04  5.386198E-06
   1.837000E+03  3.861967E-04  5.366432E-06
   1.839000E+03  3.881039E-04  5.379656E-06
   1.841000E+03  3.903344E-04  5.395081E-06
   1.843000E+03  3.923493E-04  5.408977E-06
   1.845000E+03  3.986015E-04  5.451868E-06
   1.847000E+03  3.956993E-04  5.432001E-06
   1.849000E+03  3.973245E-04  5.443136E-06
   1.851000E+03  3.990990E-04  5.455267E-06
   1.853000E+03  3.988585E-04  5.453625E-06
   1.855000E+03  4.002350E-04  5.463019E-06
   1.857000E+03  4.022333E-04  5.476630E-06
   1.859000E+03  4.059979E-04  5.502177E-06
   1.861000E+03  4.075402E-04  5.512610E-06
   1.863000E+03  4.110062E-04  5.535983E-06
   1.865000E+03  4.133777E-04  5.551918E-06
   1.867000E+03  4.117856E-04  5.541225E-06
   1.869000E+03  4.150858E-04  5.563367E-06
   1.871000E+03  4.187094E-04  5.587577E-06
   1.873000E+03  4.173495E-04  5.578504E-06
   1.875000E+03  4.232119E-04  5.617514E-06
   1.877000E+03  4.244308E-04  5.625591E-06
   1.879000E+03  4.247542E-04  5.627732E-06
   1.881000E+03  4.277642E-04  5.647620E-06
   1.883000E+03  4.319433E-04  5.675117E-06
   1.885000E+03  4.274159E-04  5.645322E-06
   1.887000E+03  4.284109E-04  5.651884E-06
   1.889000E+03  4.315038E-04  5.672232E-06
   1.891000E+03  4.368438E-04  5.707191E-06
   1.893000E+03  4.395553E-04  5.724860E-06
   1.895000E+03  4.411722E-04  5.735371E-06
   1.897000E+03  4.459152E-04  5.766091E-06
   1.899000E+03  4.476980E-04  5.777596E-06
   1.901000E+03  4.517527E-04  5.803677E-06
   1.903000E+03  4.513713E-04  5.801228E-06
   1.905000E+03  4.559816E-04  5.830753E-06
   1.907000E+03  4.604095E-04  5.858969E-06
   1.909000E+03  4.652769E-04  5.889829E-06
   1.911000E+03  4.699038E-04  5.919015E-06
   1.913000E+03  4.760149E-04  5.957342E-06
   1.915000E+03  4.895225E-04  6.041193E-06
   1.917000E+03  4.993235E-04  6.101311E-06
   1.919000E+03  4.999786E-04  6.105308E-06
   1.921000E+03  4.967282E-04  6.085450E-06
   1.923000E+03  4.999040E-04  6.104853E-06
   1.925000E+03  5.086686E-04  6.158083E-06
   1.927000E+03  5.170932E-04  6.208816E-06
   1.929000E+03  5.249539E-04  6.255782E-06
   1.931000E+03  5.294813E-04  6.282672E-06
   1.933000E+03  5.399955E-04  6.344677E-06
   1.935000E+03  5.456672E-04  6.377874E-06
   1.937000E+03  5.468529E-04  6.384792E-06
   1.939000E+03  5.527816E-04  6.419271E-06
   1.941000E+03  5.600288E-04  6.461166E-06
   1.943000E+03  5.583870E-04  6.451699E-06
   1.945000E+03  5.662975E-04  6.497187E-06
   1.947000E+03  5.688016E-04  6.511520E-06
   1.949000E+03  5.897719E-04  6.630326E-06
   1.951000E+03  5.936526E-04  6.652078E-06
   1.953000E+03  6.388768E-04  6.900491E-06
   1.955000E+03  6.882220E-04  7.161670E-06
   1.957000E+03  7.406768E-04  7.429192E-06
   1.959000E+03  8.092842E-04  7.765115E-06
   1.961000E+03  8.730326E-04  8.064638E-06
   1.963000E+03  9.004374E-04  8.190011E-06
   1.965000E+03  8.784390E-04  8.089526E-06
   1.967000E+03  8.492762E-04  7.954345E-06
   1.969000E+03  8.160173E-04  7.797298E-06
   1.971000E+03  7.908098E-04  7.676114E-06
   1.973000E+03  7.663901E-04  7.556853E-06
   1.975000E+03  7.374595E-04  7.413063E-06
   1.977000E+03  7.174511E-04  7.311954E-06
   1.979000E+03  6.885952E-04  7.163608E-06
   1.981000E+03  6.645154E-04  7.037410E-06
   1.983000E+03  6.442914E-04  6.929634E-06
   1.985000E+03  6.189430E-04  6.792122E-06
   1.987000E+03  6.052364E-04  6.716587E-06
   1.989000E+03  5.827321E-04  6.590682E-06
   1.991000E+03  5.629392E-04  6.477915E-06
   1.993000E+03  5.470104E-04  6.385711E-06
   1.995000E+03  5.260982E-04  6.262589E-06
   1.997000E+03  5.084281E-04  6.156629E-06
   1.999000E+03  1.278286E-02  3.048873E-05
