 #  Results from PENEPMA.
 #  Energy distribution of downbound electrons.
 #  1st column: E (eV).
 #  2nd and 3rd columns: probability density and STU (1/(eV*particle)).

   1.000000E+00  1.000000E-35  1.000000E-35
   3.000000E+00  1.000000E-35  1.000000E-35
   5.000001E+00  1.000000E-35  1.000000E-35
   7.000001E+00  1.000000E-35  1.000000E-35
   9.000001E+00  1.000000E-35  1.000000E-35
   1.100000E+01  1.000000E-35  1.000000E-35
   1.300000E+01  1.000000E-35  1.000000E-35
   1.500000E+01  1.000000E-35  1.000000E-35
   1.700000E+01  1.000000E-35  1.000000E-35
   1.900000E+01  1.000000E-35  1.000000E-35
   2.100000E+01  1.000000E-35  1.000000E-35
   2.300000E+01  1.000000E-35  1.000000E-35
   2.500000E+01  1.000000E-35  1.000000E-35
   2.700000E+01  1.000000E-35  1.000000E-35
   2.900000E+01  1.000000E-35  1.000000E-35
   3.100000E+01  1.000000E-35  1.000000E-35
   3.300000E+01  1.000000E-35  1.000000E-35
   3.500000E+01  1.000000E-35  1.000000E-35
   3.700000E+01  1.000000E-35  1.000000E-35
   3.900000E+01  1.000000E-35  1.000000E-35
   4.100000E+01  1.000000E-35  1.000000E-35
   4.300000E+01  1.000000E-35  1.000000E-35
   4.500000E+01  1.000000E-35  1.000000E-35
   4.700000E+01  1.000000E-35  1.000000E-35
   4.900000E+01  1.000000E-35  1.000000E-35
   5.100001E+01  1.000000E-35  1.000000E-35
   5.300001E+01  1.000000E-35  1.000000E-35
   5.500001E+01  1.000000E-35  1.000000E-35
   5.700001E+01  1.000000E-35  1.000000E-35
   5.900001E+01  1.000000E-35  1.000000E-35
   6.100001E+01  1.000000E-35  1.000000E-35
   6.300001E+01  1.000000E-35  1.000000E-35
   6.500001E+01  1.000000E-35  1.000000E-35
   6.700001E+01  1.000000E-35  1.000000E-35
   6.900001E+01  1.000000E-35  1.000000E-35
   7.100001E+01  1.000000E-35  1.000000E-35
   7.300001E+01  1.000000E-35  1.000000E-35
   7.500001E+01  1.000000E-35  1.000000E-35
   7.700001E+01  1.000000E-35  1.000000E-35
   7.900001E+01  1.000000E-35  1.000000E-35
   8.100001E+01  1.000000E-35  1.000000E-35
   8.300001E+01  1.000000E-35  1.000000E-35
   8.500001E+01  1.000000E-35  1.000000E-35
   8.700001E+01  1.000000E-35  1.000000E-35
   8.900001E+01  1.000000E-35  1.000000E-35
   9.100001E+01  1.000000E-35  1.000000E-35
   9.300001E+01  1.000000E-35  1.000000E-35
   9.500001E+01  1.000000E-35  1.000000E-35
   9.700001E+01  1.000000E-35  1.000000E-35
   9.900001E+01  1.000000E-35  1.000000E-35
   1.010000E+02  1.000000E-35  1.000000E-35
   1.030000E+02  1.000000E-35  1.000000E-35
   1.050000E+02  1.000000E-35  1.000000E-35
   1.070000E+02  1.000000E-35  1.000000E-35
   1.090000E+02  1.000000E-35  1.000000E-35
   1.110000E+02  1.000000E-35  1.000000E-35
   1.130000E+02  1.000000E-35  1.000000E-35
   1.150000E+02  1.000000E-35  1.000000E-35
   1.170000E+02  1.000000E-35  1.000000E-35
   1.190000E+02  1.000000E-35  1.000000E-35
   1.210000E+02  1.000000E-35  1.000000E-35
   1.230000E+02  1.000000E-35  1.000000E-35
   1.250000E+02  1.000000E-35  1.000000E-35
   1.270000E+02  1.000000E-35  1.000000E-35
   1.290000E+02  1.000000E-35  1.000000E-35
   1.310000E+02  1.000000E-35  1.000000E-35
   1.330000E+02  1.000000E-35  1.000000E-35
   1.350000E+02  1.000000E-35  1.000000E-35
   1.370000E+02  1.000000E-35  1.000000E-35
   1.390000E+02  1.000000E-35  1.000000E-35
   1.410000E+02  1.000000E-35  1.000000E-35
   1.430000E+02  1.000000E-35  1.000000E-35
   1.450000E+02  1.000000E-35  1.000000E-35
   1.470000E+02  1.000000E-35  1.000000E-35
   1.490000E+02  1.000000E-35  1.000000E-35
   1.510000E+02  1.000000E-35  1.000000E-35
   1.530000E+02  1.000000E-35  1.000000E-35
   1.550000E+02  1.000000E-35  1.000000E-35
   1.570000E+02  1.000000E-35  1.000000E-35
   1.590000E+02  1.000000E-35  1.000000E-35
   1.610000E+02  1.000000E-35  1.000000E-35
   1.630000E+02  1.000000E-35  1.000000E-35
   1.650000E+02  1.000000E-35  1.000000E-35
   1.670000E+02  1.000000E-35  1.000000E-35
   1.690000E+02  1.000000E-35  1.000000E-35
   1.710000E+02  1.000000E-35  1.000000E-35
   1.730000E+02  1.000000E-35  1.000000E-35
   1.750000E+02  1.000000E-35  1.000000E-35
   1.770000E+02  1.000000E-35  1.000000E-35
   1.790000E+02  1.000000E-35  1.000000E-35
   1.810000E+02  1.000000E-35  1.000000E-35
   1.830000E+02  1.000000E-35  1.000000E-35
   1.850000E+02  1.000000E-35  1.000000E-35
   1.870000E+02  1.000000E-35  1.000000E-35
   1.890000E+02  1.000000E-35  1.000000E-35
   1.910000E+02  1.000000E-35  1.000000E-35
   1.930000E+02  1.000000E-35  1.000000E-35
   1.950000E+02  1.000000E-35  1.000000E-35
   1.970000E+02  1.000000E-35  1.000000E-35
   1.990000E+02  1.000000E-35  1.000000E-35
   2.010000E+02  1.000000E-35  1.000000E-35
   2.030000E+02  1.000000E-35  1.000000E-35
   2.050000E+02  1.000000E-35  1.000000E-35
   2.070000E+02  1.000000E-35  1.000000E-35
   2.090000E+02  1.000000E-35  1.000000E-35
   2.110000E+02  1.000000E-35  1.000000E-35
   2.130000E+02  1.000000E-35  1.000000E-35
   2.150000E+02  1.000000E-35  1.000000E-35
   2.170000E+02  1.000000E-35  1.000000E-35
   2.190000E+02  1.000000E-35  1.000000E-35
   2.210000E+02  1.000000E-35  1.000000E-35
   2.230000E+02  1.000000E-35  1.000000E-35
   2.250000E+02  1.000000E-35  1.000000E-35
   2.270000E+02  1.000000E-35  1.000000E-35
   2.290000E+02  1.000000E-35  1.000000E-35
   2.310000E+02  1.000000E-35  1.000000E-35
   2.330000E+02  1.000000E-35  1.000000E-35
   2.350000E+02  1.000000E-35  1.000000E-35
   2.370000E+02  1.000000E-35  1.000000E-35
   2.390000E+02  1.000000E-35  1.000000E-35
   2.410000E+02  1.000000E-35  1.000000E-35
   2.430000E+02  1.000000E-35  1.000000E-35
   2.450000E+02  1.000000E-35  1.000000E-35
   2.470000E+02  1.000000E-35  1.000000E-35
   2.490000E+02  1.000000E-35  1.000000E-35
   2.510000E+02  1.000000E-35  1.000000E-35
   2.530000E+02  1.000000E-35  1.000000E-35
   2.550000E+02  1.000000E-35  1.000000E-35
   2.570000E+02  1.000000E-35  1.000000E-35
   2.590000E+02  1.000000E-35  1.000000E-35
   2.610000E+02  1.000000E-35  1.000000E-35
   2.630000E+02  1.000000E-35  1.000000E-35
   2.650000E+02  1.000000E-35  1.000000E-35
   2.670000E+02  1.000000E-35  1.000000E-35
   2.690000E+02  1.000000E-35  1.000000E-35
   2.710000E+02  1.000000E-35  1.000000E-35
   2.730000E+02  1.000000E-35  1.000000E-35
   2.750000E+02  1.000000E-35  1.000000E-35
   2.770000E+02  1.000000E-35  1.000000E-35
   2.790000E+02  1.000000E-35  1.000000E-35
   2.810000E+02  1.000000E-35  1.000000E-35
   2.830000E+02  1.000000E-35  1.000000E-35
   2.850000E+02  1.000000E-35  1.000000E-35
   2.870000E+02  1.000000E-35  1.000000E-35
   2.890000E+02  1.000000E-35  1.000000E-35
   2.910000E+02  1.000000E-35  1.000000E-35
   2.930000E+02  1.000000E-35  1.000000E-35
   2.950000E+02  1.000000E-35  1.000000E-35
   2.970000E+02  1.000000E-35  1.000000E-35
   2.990000E+02  1.000000E-35  1.000000E-35
   3.010000E+02  1.000000E-35  1.000000E-35
   3.030000E+02  1.000000E-35  1.000000E-35
   3.050000E+02  1.000000E-35  1.000000E-35
   3.070000E+02  1.000000E-35  1.000000E-35
   3.090000E+02  1.000000E-35  1.000000E-35
   3.110000E+02  1.000000E-35  1.000000E-35
   3.130000E+02  1.000000E-35  1.000000E-35
   3.150000E+02  1.000000E-35  1.000000E-35
   3.170000E+02  1.000000E-35  1.000000E-35
   3.190000E+02  1.000000E-35  1.000000E-35
   3.210000E+02  1.000000E-35  1.000000E-35
   3.230000E+02  1.000000E-35  1.000000E-35
   3.250000E+02  1.000000E-35  1.000000E-35
   3.270000E+02  1.000000E-35  1.000000E-35
   3.290000E+02  1.000000E-35  1.000000E-35
   3.310000E+02  1.000000E-35  1.000000E-35
   3.330000E+02  1.000000E-35  1.000000E-35
   3.350000E+02  1.000000E-35  1.000000E-35
   3.370000E+02  1.000000E-35  1.000000E-35
   3.390000E+02  1.000000E-35  1.000000E-35
   3.410000E+02  1.000000E-35  1.000000E-35
   3.430000E+02  1.000000E-35  1.000000E-35
   3.450000E+02  1.000000E-35  1.000000E-35
   3.470000E+02  1.000000E-35  1.000000E-35
   3.490000E+02  1.000000E-35  1.000000E-35
   3.510000E+02  1.000000E-35  1.000000E-35
   3.530000E+02  1.000000E-35  1.000000E-35
   3.550000E+02  1.000000E-35  1.000000E-35
   3.570000E+02  1.000000E-35  1.000000E-35
   3.590000E+02  1.000000E-35  1.000000E-35
   3.610000E+02  1.000000E-35  1.000000E-35
   3.630000E+02  1.000000E-35  1.000000E-35
   3.650000E+02  1.000000E-35  1.000000E-35
   3.670000E+02  1.000000E-35  1.000000E-35
   3.690000E+02  1.000000E-35  1.000000E-35
   3.710000E+02  1.000000E-35  1.000000E-35
   3.730000E+02  1.000000E-35  1.000000E-35
   3.750000E+02  1.000000E-35  1.000000E-35
   3.770000E+02  1.000000E-35  1.000000E-35
   3.790000E+02  1.000000E-35  1.000000E-35
   3.810000E+02  1.000000E-35  1.000000E-35
   3.830000E+02  1.000000E-35  1.000000E-35
   3.850000E+02  1.000000E-35  1.000000E-35
   3.870000E+02  1.000000E-35  1.000000E-35
   3.890000E+02  1.000000E-35  1.000000E-35
   3.910000E+02  1.000000E-35  1.000000E-35
   3.930000E+02  1.000000E-35  1.000000E-35
   3.950000E+02  1.000000E-35  1.000000E-35
   3.970000E+02  1.000000E-35  1.000000E-35
   3.990000E+02  1.000000E-35  1.000000E-35
   4.010000E+02  1.000000E-35  1.000000E-35
   4.030000E+02  1.000000E-35  1.000000E-35
   4.050000E+02  1.000000E-35  1.000000E-35
   4.070000E+02  1.000000E-35  1.000000E-35
   4.090000E+02  1.000000E-35  1.000000E-35
   4.110000E+02  1.000000E-35  1.000000E-35
   4.130000E+02  1.000000E-35  1.000000E-35
   4.150000E+02  1.000000E-35  1.000000E-35
   4.170000E+02  1.000000E-35  1.000000E-35
   4.190000E+02  1.000000E-35  1.000000E-35
   4.210000E+02  1.000000E-35  1.000000E-35
   4.230000E+02  1.000000E-35  1.000000E-35
   4.250000E+02  1.000000E-35  1.000000E-35
   4.270000E+02  1.000000E-35  1.000000E-35
   4.290000E+02  1.000000E-35  1.000000E-35
   4.310000E+02  1.000000E-35  1.000000E-35
   4.330000E+02  1.000000E-35  1.000000E-35
   4.350000E+02  1.000000E-35  1.000000E-35
   4.370000E+02  1.000000E-35  1.000000E-35
   4.390000E+02  1.000000E-35  1.000000E-35
   4.410000E+02  1.000000E-35  1.000000E-35
   4.430000E+02  1.000000E-35  1.000000E-35
   4.450000E+02  1.000000E-35  1.000000E-35
   4.470000E+02  1.000000E-35  1.000000E-35
   4.490000E+02  1.000000E-35  1.000000E-35
   4.510000E+02  1.000000E-35  1.000000E-35
   4.530000E+02  1.000000E-35  1.000000E-35
   4.550000E+02  1.000000E-35  1.000000E-35
   4.570000E+02  1.000000E-35  1.000000E-35
   4.590000E+02  1.000000E-35  1.000000E-35
   4.610000E+02  1.000000E-35  1.000000E-35
   4.630000E+02  1.000000E-35  1.000000E-35
   4.650000E+02  1.000000E-35  1.000000E-35
   4.670000E+02  1.000000E-35  1.000000E-35
   4.690000E+02  1.000000E-35  1.000000E-35
   4.710000E+02  1.000000E-35  1.000000E-35
   4.730000E+02  1.000000E-35  1.000000E-35
   4.750000E+02  1.000000E-35  1.000000E-35
   4.770000E+02  1.000000E-35  1.000000E-35
   4.790000E+02  1.000000E-35  1.000000E-35
   4.810000E+02  1.000000E-35  1.000000E-35
   4.830000E+02  1.000000E-35  1.000000E-35
   4.850000E+02  1.000000E-35  1.000000E-35
   4.870000E+02  1.000000E-35  1.000000E-35
   4.890000E+02  1.000000E-35  1.000000E-35
   4.910000E+02  1.000000E-35  1.000000E-35
   4.930000E+02  1.000000E-35  1.000000E-35
   4.950000E+02  1.000000E-35  1.000000E-35
   4.970000E+02  1.000000E-35  1.000000E-35
   4.990000E+02  1.000000E-35  1.000000E-35
   5.010001E+02  1.000000E-35  1.000000E-35
   5.030001E+02  1.000000E-35  1.000000E-35
   5.050001E+02  1.000000E-35  1.000000E-35
   5.070001E+02  1.000000E-35  1.000000E-35
   5.090001E+02  1.000000E-35  1.000000E-35
   5.110001E+02  1.000000E-35  1.000000E-35
   5.130001E+02  1.000000E-35  1.000000E-35
   5.150001E+02  1.000000E-35  1.000000E-35
   5.170001E+02  1.000000E-35  1.000000E-35
   5.190001E+02  1.000000E-35  1.000000E-35
   5.210001E+02  1.000000E-35  1.000000E-35
   5.230001E+02  1.000000E-35  1.000000E-35
   5.250001E+02  1.000000E-35  1.000000E-35
   5.270001E+02  1.000000E-35  1.000000E-35
   5.290001E+02  1.000000E-35  1.000000E-35
   5.310001E+02  1.000000E-35  1.000000E-35
   5.330001E+02  1.000000E-35  1.000000E-35
   5.350001E+02  1.000000E-35  1.000000E-35
   5.370001E+02  1.000000E-35  1.000000E-35
   5.390001E+02  1.000000E-35  1.000000E-35
   5.410001E+02  1.000000E-35  1.000000E-35
   5.430001E+02  1.000000E-35  1.000000E-35
   5.450001E+02  1.000000E-35  1.000000E-35
   5.470001E+02  1.000000E-35  1.000000E-35
   5.490001E+02  1.000000E-35  1.000000E-35
   5.510001E+02  1.000000E-35  1.000000E-35
   5.530001E+02  1.000000E-35  1.000000E-35
   5.550001E+02  1.000000E-35  1.000000E-35
   5.570001E+02  1.000000E-35  1.000000E-35
   5.590001E+02  1.000000E-35  1.000000E-35
   5.610001E+02  1.000000E-35  1.000000E-35
   5.630001E+02  1.000000E-35  1.000000E-35
   5.650001E+02  1.000000E-35  1.000000E-35
   5.670001E+02  1.000000E-35  1.000000E-35
   5.690001E+02  1.000000E-35  1.000000E-35
   5.710001E+02  1.000000E-35  1.000000E-35
   5.730001E+02  1.000000E-35  1.000000E-35
   5.750001E+02  1.000000E-35  1.000000E-35
   5.770001E+02  1.000000E-35  1.000000E-35
   5.790001E+02  1.000000E-35  1.000000E-35
   5.810001E+02  1.000000E-35  1.000000E-35
   5.830001E+02  1.000000E-35  1.000000E-35
   5.850001E+02  1.000000E-35  1.000000E-35
   5.870001E+02  1.000000E-35  1.000000E-35
   5.890001E+02  1.000000E-35  1.000000E-35
   5.910001E+02  1.000000E-35  1.000000E-35
   5.930001E+02  1.000000E-35  1.000000E-35
   5.950001E+02  1.000000E-35  1.000000E-35
   5.970001E+02  1.000000E-35  1.000000E-35
   5.990001E+02  1.000000E-35  1.000000E-35
   6.010001E+02  1.000000E-35  1.000000E-35
   6.030001E+02  1.000000E-35  1.000000E-35
   6.050001E+02  1.000000E-35  1.000000E-35
   6.070001E+02  1.000000E-35  1.000000E-35
   6.090001E+02  1.000000E-35  1.000000E-35
   6.110001E+02  1.000000E-35  1.000000E-35
   6.130001E+02  1.000000E-35  1.000000E-35
   6.150001E+02  1.000000E-35  1.000000E-35
   6.170001E+02  1.000000E-35  1.000000E-35
   6.190001E+02  1.000000E-35  1.000000E-35
   6.210001E+02  1.000000E-35  1.000000E-35
   6.230001E+02  1.000000E-35  1.000000E-35
   6.250001E+02  1.000000E-35  1.000000E-35
   6.270001E+02  1.000000E-35  1.000000E-35
   6.290001E+02  1.000000E-35  1.000000E-35
   6.310001E+02  1.000000E-35  1.000000E-35
   6.330001E+02  1.000000E-35  1.000000E-35
   6.350001E+02  1.000000E-35  1.000000E-35
   6.370001E+02  1.000000E-35  1.000000E-35
   6.390001E+02  1.000000E-35  1.000000E-35
   6.410001E+02  1.000000E-35  1.000000E-35
   6.430001E+02  1.000000E-35  1.000000E-35
   6.450001E+02  1.000000E-35  1.000000E-35
   6.470001E+02  1.000000E-35  1.000000E-35
   6.490001E+02  1.000000E-35  1.000000E-35
   6.510001E+02  1.000000E-35  1.000000E-35
   6.530001E+02  1.000000E-35  1.000000E-35
   6.550001E+02  1.000000E-35  1.000000E-35
   6.570001E+02  1.000000E-35  1.000000E-35
   6.590001E+02  1.000000E-35  1.000000E-35
   6.610001E+02  1.000000E-35  1.000000E-35
   6.630001E+02  1.000000E-35  1.000000E-35
   6.650001E+02  1.000000E-35  1.000000E-35
   6.670001E+02  1.000000E-35  1.000000E-35
   6.690001E+02  1.000000E-35  1.000000E-35
   6.710001E+02  1.000000E-35  1.000000E-35
   6.730001E+02  1.000000E-35  1.000000E-35
   6.750001E+02  1.000000E-35  1.000000E-35
   6.770001E+02  1.000000E-35  1.000000E-35
   6.790001E+02  1.000000E-35  1.000000E-35
   6.810001E+02  1.000000E-35  1.000000E-35
   6.830001E+02  1.000000E-35  1.000000E-35
   6.850001E+02  1.000000E-35  1.000000E-35
   6.870001E+02  1.000000E-35  1.000000E-35
   6.890001E+02  1.000000E-35  1.000000E-35
   6.910001E+02  1.000000E-35  1.000000E-35
   6.930001E+02  1.000000E-35  1.000000E-35
   6.950001E+02  1.000000E-35  1.000000E-35
   6.970001E+02  1.000000E-35  1.000000E-35
   6.990001E+02  1.000000E-35  1.000000E-35
   7.010001E+02  1.000000E-35  1.000000E-35
   7.030001E+02  1.000000E-35  1.000000E-35
   7.050001E+02  1.000000E-35  1.000000E-35
   7.070001E+02  1.000000E-35  1.000000E-35
   7.090001E+02  1.000000E-35  1.000000E-35
   7.110001E+02  1.000000E-35  1.000000E-35
   7.130001E+02  1.000000E-35  1.000000E-35
   7.150001E+02  1.000000E-35  1.000000E-35
   7.170001E+02  1.000000E-35  1.000000E-35
   7.190001E+02  1.000000E-35  1.000000E-35
   7.210001E+02  1.000000E-35  1.000000E-35
   7.230001E+02  1.000000E-35  1.000000E-35
   7.250001E+02  1.000000E-35  1.000000E-35
   7.270001E+02  1.000000E-35  1.000000E-35
   7.290001E+02  1.000000E-35  1.000000E-35
   7.310001E+02  1.000000E-35  1.000000E-35
   7.330001E+02  1.000000E-35  1.000000E-35
   7.350001E+02  1.000000E-35  1.000000E-35
   7.370001E+02  1.000000E-35  1.000000E-35
   7.390001E+02  1.000000E-35  1.000000E-35
   7.410001E+02  1.000000E-35  1.000000E-35
   7.430001E+02  1.000000E-35  1.000000E-35
   7.450001E+02  1.000000E-35  1.000000E-35
   7.470001E+02  1.000000E-35  1.000000E-35
   7.490001E+02  1.000000E-35  1.000000E-35
   7.510001E+02  1.000000E-35  1.000000E-35
   7.530001E+02  1.000000E-35  1.000000E-35
   7.550001E+02  1.000000E-35  1.000000E-35
   7.570001E+02  1.000000E-35  1.000000E-35
   7.590001E+02  1.000000E-35  1.000000E-35
   7.610001E+02  1.000000E-35  1.000000E-35
   7.630001E+02  1.000000E-35  1.000000E-35
   7.650001E+02  1.000000E-35  1.000000E-35
   7.670001E+02  1.000000E-35  1.000000E-35
   7.690001E+02  1.000000E-35  1.000000E-35
   7.710001E+02  1.000000E-35  1.000000E-35
   7.730001E+02  1.000000E-35  1.000000E-35
   7.750001E+02  1.000000E-35  1.000000E-35
   7.770001E+02  1.000000E-35  1.000000E-35
   7.790001E+02  1.000000E-35  1.000000E-35
   7.810001E+02  1.000000E-35  1.000000E-35
   7.830001E+02  1.000000E-35  1.000000E-35
   7.850001E+02  1.000000E-35  1.000000E-35
   7.870001E+02  1.000000E-35  1.000000E-35
   7.890001E+02  1.000000E-35  1.000000E-35
   7.910001E+02  1.000000E-35  1.000000E-35
   7.930001E+02  1.000000E-35  1.000000E-35
   7.950001E+02  1.000000E-35  1.000000E-35
   7.970001E+02  1.000000E-35  1.000000E-35
   7.990001E+02  1.000000E-35  1.000000E-35
   8.010001E+02  1.000000E-35  1.000000E-35
   8.030001E+02  1.000000E-35  1.000000E-35
   8.050001E+02  1.000000E-35  1.000000E-35
   8.070001E+02  1.000000E-35  1.000000E-35
   8.090001E+02  1.000000E-35  1.000000E-35
   8.110001E+02  1.000000E-35  1.000000E-35
   8.130001E+02  1.000000E-35  1.000000E-35
   8.150001E+02  1.000000E-35  1.000000E-35
   8.170001E+02  1.000000E-35  1.000000E-35
   8.190001E+02  1.000000E-35  1.000000E-35
   8.210001E+02  1.000000E-35  1.000000E-35
   8.230001E+02  1.000000E-35  1.000000E-35
   8.250001E+02  1.000000E-35  1.000000E-35
   8.270001E+02  1.000000E-35  1.000000E-35
   8.290001E+02  1.000000E-35  1.000000E-35
   8.310001E+02  1.000000E-35  1.000000E-35
   8.330001E+02  1.000000E-35  1.000000E-35
   8.350001E+02  1.000000E-35  1.000000E-35
   8.370001E+02  1.000000E-35  1.000000E-35
   8.390001E+02  1.000000E-35  1.000000E-35
   8.410001E+02  1.000000E-35  1.000000E-35
   8.430001E+02  1.000000E-35  1.000000E-35
   8.450001E+02  1.000000E-35  1.000000E-35
   8.470001E+02  1.000000E-35  1.000000E-35
   8.490001E+02  1.000000E-35  1.000000E-35
   8.510001E+02  1.000000E-35  1.000000E-35
   8.530001E+02  1.000000E-35  1.000000E-35
   8.550001E+02  1.000000E-35  1.000000E-35
   8.570001E+02  1.000000E-35  1.000000E-35
   8.590001E+02  1.000000E-35  1.000000E-35
   8.610001E+02  1.000000E-35  1.000000E-35
   8.630001E+02  1.000000E-35  1.000000E-35
   8.650001E+02  1.000000E-35  1.000000E-35
   8.670001E+02  1.000000E-35  1.000000E-35
   8.690001E+02  1.000000E-35  1.000000E-35
   8.710001E+02  1.000000E-35  1.000000E-35
   8.730001E+02  1.000000E-35  1.000000E-35
   8.750001E+02  1.000000E-35  1.000000E-35
   8.770001E+02  1.000000E-35  1.000000E-35
   8.790001E+02  1.000000E-35  1.000000E-35
   8.810001E+02  1.000000E-35  1.000000E-35
   8.830001E+02  1.000000E-35  1.000000E-35
   8.850001E+02  1.000000E-35  1.000000E-35
   8.870001E+02  1.000000E-35  1.000000E-35
   8.890001E+02  1.000000E-35  1.000000E-35
   8.910001E+02  1.000000E-35  1.000000E-35
   8.930001E+02  1.000000E-35  1.000000E-35
   8.950001E+02  1.000000E-35  1.000000E-35
   8.970001E+02  1.000000E-35  1.000000E-35
   8.990001E+02  1.000000E-35  1.000000E-35
   9.010001E+02  1.000000E-35  1.000000E-35
   9.030001E+02  1.000000E-35  1.000000E-35
   9.050001E+02  1.000000E-35  1.000000E-35
   9.070001E+02  1.000000E-35  1.000000E-35
   9.090001E+02  1.000000E-35  1.000000E-35
   9.110001E+02  1.000000E-35  1.000000E-35
   9.130001E+02  1.000000E-35  1.000000E-35
   9.150001E+02  1.000000E-35  1.000000E-35
   9.170001E+02  1.000000E-35  1.000000E-35
   9.190001E+02  1.000000E-35  1.000000E-35
   9.210001E+02  1.000000E-35  1.000000E-35
   9.230001E+02  1.000000E-35  1.000000E-35
   9.250001E+02  1.000000E-35  1.000000E-35
   9.270001E+02  1.000000E-35  1.000000E-35
   9.290001E+02  1.000000E-35  1.000000E-35
   9.310001E+02  1.000000E-35  1.000000E-35
   9.330001E+02  1.000000E-35  1.000000E-35
   9.350001E+02  1.000000E-35  1.000000E-35
   9.370001E+02  1.000000E-35  1.000000E-35
   9.390001E+02  1.000000E-35  1.000000E-35
   9.410001E+02  1.000000E-35  1.000000E-35
   9.430001E+02  1.000000E-35  1.000000E-35
   9.450001E+02  1.000000E-35  1.000000E-35
   9.470001E+02  1.000000E-35  1.000000E-35
   9.490001E+02  1.000000E-35  1.000000E-35
   9.510001E+02  1.000000E-35  1.000000E-35
   9.530001E+02  1.000000E-35  1.000000E-35
   9.550001E+02  1.000000E-35  1.000000E-35
   9.570001E+02  1.000000E-35  1.000000E-35
   9.590001E+02  1.000000E-35  1.000000E-35
   9.610001E+02  1.000000E-35  1.000000E-35
   9.630001E+02  1.000000E-35  1.000000E-35
   9.650001E+02  1.000000E-35  1.000000E-35
   9.670001E+02  1.000000E-35  1.000000E-35
   9.690001E+02  1.000000E-35  1.000000E-35
   9.710001E+02  1.000000E-35  1.000000E-35
   9.730001E+02  1.000000E-35  1.000000E-35
   9.750001E+02  1.000000E-35  1.000000E-35
   9.770001E+02  1.000000E-35  1.000000E-35
   9.790001E+02  1.000000E-35  1.000000E-35
   9.810001E+02  1.000000E-35  1.000000E-35
   9.830001E+02  1.000000E-35  1.000000E-35
   9.850001E+02  1.000000E-35  1.000000E-35
   9.870001E+02  1.000000E-35  1.000000E-35
   9.890001E+02  1.000000E-35  1.000000E-35
   9.910001E+02  1.000000E-35  1.000000E-35
   9.930001E+02  1.000000E-35  1.000000E-35
   9.950001E+02  1.000000E-35  1.000000E-35
   9.970001E+02  1.000000E-35  1.000000E-35
   9.990001E+02  1.000000E-35  1.000000E-35
   1.001000E+03  1.000000E-35  1.000000E-35
   1.003000E+03  1.000000E-35  1.000000E-35
   1.005000E+03  1.000000E-35  1.000000E-35
   1.007000E+03  1.000000E-35  1.000000E-35
   1.009000E+03  1.000000E-35  1.000000E-35
   1.011000E+03  1.000000E-35  1.000000E-35
   1.013000E+03  1.000000E-35  1.000000E-35
   1.015000E+03  1.000000E-35  1.000000E-35
   1.017000E+03  1.000000E-35  1.000000E-35
   1.019000E+03  1.000000E-35  1.000000E-35
   1.021000E+03  1.000000E-35  1.000000E-35
   1.023000E+03  1.000000E-35  1.000000E-35
   1.025000E+03  1.000000E-35  1.000000E-35
   1.027000E+03  1.000000E-35  1.000000E-35
   1.029000E+03  1.000000E-35  1.000000E-35
   1.031000E+03  1.000000E-35  1.000000E-35
   1.033000E+03  1.000000E-35  1.000000E-35
   1.035000E+03  1.000000E-35  1.000000E-35
   1.037000E+03  1.000000E-35  1.000000E-35
   1.039000E+03  1.000000E-35  1.000000E-35
   1.041000E+03  1.000000E-35  1.000000E-35
   1.043000E+03  1.000000E-35  1.000000E-35
   1.045000E+03  1.000000E-35  1.000000E-35
   1.047000E+03  1.000000E-35  1.000000E-35
   1.049000E+03  1.000000E-35  1.000000E-35
   1.051000E+03  1.000000E-35  1.000000E-35
   1.053000E+03  1.000000E-35  1.000000E-35
   1.055000E+03  1.000000E-35  1.000000E-35
   1.057000E+03  1.000000E-35  1.000000E-35
   1.059000E+03  1.000000E-35  1.000000E-35
   1.061000E+03  1.000000E-35  1.000000E-35
   1.063000E+03  1.000000E-35  1.000000E-35
   1.065000E+03  1.000000E-35  1.000000E-35
   1.067000E+03  1.000000E-35  1.000000E-35
   1.069000E+03  1.000000E-35  1.000000E-35
   1.071000E+03  1.000000E-35  1.000000E-35
   1.073000E+03  1.000000E-35  1.000000E-35
   1.075000E+03  1.000000E-35  1.000000E-35
   1.077000E+03  1.000000E-35  1.000000E-35
   1.079000E+03  1.000000E-35  1.000000E-35
   1.081000E+03  1.000000E-35  1.000000E-35
   1.083000E+03  1.000000E-35  1.000000E-35
   1.085000E+03  1.000000E-35  1.000000E-35
   1.087000E+03  1.000000E-35  1.000000E-35
   1.089000E+03  1.000000E-35  1.000000E-35
   1.091000E+03  1.000000E-35  1.000000E-35
   1.093000E+03  1.000000E-35  1.000000E-35
   1.095000E+03  1.000000E-35  1.000000E-35
   1.097000E+03  1.000000E-35  1.000000E-35
   1.099000E+03  1.000000E-35  1.000000E-35
   1.101000E+03  1.000000E-35  1.000000E-35
   1.103000E+03  1.000000E-35  1.000000E-35
   1.105000E+03  1.000000E-35  1.000000E-35
   1.107000E+03  1.000000E-35  1.000000E-35
   1.109000E+03  1.000000E-35  1.000000E-35
   1.111000E+03  1.000000E-35  1.000000E-35
   1.113000E+03  1.000000E-35  1.000000E-35
   1.115000E+03  1.000000E-35  1.000000E-35
   1.117000E+03  1.000000E-35  1.000000E-35
   1.119000E+03  1.000000E-35  1.000000E-35
   1.121000E+03  1.000000E-35  1.000000E-35
   1.123000E+03  1.000000E-35  1.000000E-35
   1.125000E+03  1.000000E-35  1.000000E-35
   1.127000E+03  1.000000E-35  1.000000E-35
   1.129000E+03  1.000000E-35  1.000000E-35
   1.131000E+03  1.000000E-35  1.000000E-35
   1.133000E+03  1.000000E-35  1.000000E-35
   1.135000E+03  1.000000E-35  1.000000E-35
   1.137000E+03  1.000000E-35  1.000000E-35
   1.139000E+03  1.000000E-35  1.000000E-35
   1.141000E+03  1.000000E-35  1.000000E-35
   1.143000E+03  1.000000E-35  1.000000E-35
   1.145000E+03  1.000000E-35  1.000000E-35
   1.147000E+03  1.000000E-35  1.000000E-35
   1.149000E+03  1.000000E-35  1.000000E-35
   1.151000E+03  1.000000E-35  1.000000E-35
   1.153000E+03  1.000000E-35  1.000000E-35
   1.155000E+03  1.000000E-35  1.000000E-35
   1.157000E+03  1.000000E-35  1.000000E-35
   1.159000E+03  1.000000E-35  1.000000E-35
   1.161000E+03  1.000000E-35  1.000000E-35
   1.163000E+03  1.000000E-35  1.000000E-35
   1.165000E+03  1.000000E-35  1.000000E-35
   1.167000E+03  1.000000E-35  1.000000E-35
   1.169000E+03  1.000000E-35  1.000000E-35
   1.171000E+03  1.000000E-35  1.000000E-35
   1.173000E+03  1.000000E-35  1.000000E-35
   1.175000E+03  1.000000E-35  1.000000E-35
   1.177000E+03  1.000000E-35  1.000000E-35
   1.179000E+03  1.000000E-35  1.000000E-35
   1.181000E+03  1.000000E-35  1.000000E-35
   1.183000E+03  1.000000E-35  1.000000E-35
   1.185000E+03  1.000000E-35  1.000000E-35
   1.187000E+03  1.000000E-35  1.000000E-35
   1.189000E+03  1.000000E-35  1.000000E-35
   1.191000E+03  1.000000E-35  1.000000E-35
   1.193000E+03  1.000000E-35  1.000000E-35
   1.195000E+03  1.000000E-35  1.000000E-35
   1.197000E+03  1.000000E-35  1.000000E-35
   1.199000E+03  1.000000E-35  1.000000E-35
   1.201000E+03  1.000000E-35  1.000000E-35
   1.203000E+03  1.000000E-35  1.000000E-35
   1.205000E+03  1.000000E-35  1.000000E-35
   1.207000E+03  1.000000E-35  1.000000E-35
   1.209000E+03  1.000000E-35  1.000000E-35
   1.211000E+03  1.000000E-35  1.000000E-35
   1.213000E+03  1.000000E-35  1.000000E-35
   1.215000E+03  1.000000E-35  1.000000E-35
   1.217000E+03  1.000000E-35  1.000000E-35
   1.219000E+03  1.000000E-35  1.000000E-35
   1.221000E+03  1.000000E-35  1.000000E-35
   1.223000E+03  1.000000E-35  1.000000E-35
   1.225000E+03  1.000000E-35  1.000000E-35
   1.227000E+03  1.000000E-35  1.000000E-35
   1.229000E+03  1.000000E-35  1.000000E-35
   1.231000E+03  1.000000E-35  1.000000E-35
   1.233000E+03  1.000000E-35  1.000000E-35
   1.235000E+03  1.000000E-35  1.000000E-35
   1.237000E+03  1.000000E-35  1.000000E-35
   1.239000E+03  1.000000E-35  1.000000E-35
   1.241000E+03  1.000000E-35  1.000000E-35
   1.243000E+03  1.000000E-35  1.000000E-35
   1.245000E+03  1.000000E-35  1.000000E-35
   1.247000E+03  1.000000E-35  1.000000E-35
   1.249000E+03  1.000000E-35  1.000000E-35
   1.251000E+03  1.000000E-35  1.000000E-35
   1.253000E+03  1.000000E-35  1.000000E-35
   1.255000E+03  1.000000E-35  1.000000E-35
   1.257000E+03  1.000000E-35  1.000000E-35
   1.259000E+03  1.000000E-35  1.000000E-35
   1.261000E+03  1.000000E-35  1.000000E-35
   1.263000E+03  1.000000E-35  1.000000E-35
   1.265000E+03  1.000000E-35  1.000000E-35
   1.267000E+03  1.000000E-35  1.000000E-35
   1.269000E+03  1.000000E-35  1.000000E-35
   1.271000E+03  1.000000E-35  1.000000E-35
   1.273000E+03  1.000000E-35  1.000000E-35
   1.275000E+03  1.000000E-35  1.000000E-35
   1.277000E+03  1.000000E-35  1.000000E-35
   1.279000E+03  1.000000E-35  1.000000E-35
   1.281000E+03  1.000000E-35  1.000000E-35
   1.283000E+03  1.000000E-35  1.000000E-35
   1.285000E+03  1.000000E-35  1.000000E-35
   1.287000E+03  1.000000E-35  1.000000E-35
   1.289000E+03  1.000000E-35  1.000000E-35
   1.291000E+03  1.000000E-35  1.000000E-35
   1.293000E+03  1.000000E-35  1.000000E-35
   1.295000E+03  1.000000E-35  1.000000E-35
   1.297000E+03  1.000000E-35  1.000000E-35
   1.299000E+03  1.000000E-35  1.000000E-35
   1.301000E+03  1.000000E-35  1.000000E-35
   1.303000E+03  1.000000E-35  1.000000E-35
   1.305000E+03  1.000000E-35  1.000000E-35
   1.307000E+03  1.000000E-35  1.000000E-35
   1.309000E+03  1.000000E-35  1.000000E-35
   1.311000E+03  1.000000E-35  1.000000E-35
   1.313000E+03  1.000000E-35  1.000000E-35
   1.315000E+03  1.000000E-35  1.000000E-35
   1.317000E+03  1.000000E-35  1.000000E-35
   1.319000E+03  1.000000E-35  1.000000E-35
   1.321000E+03  1.000000E-35  1.000000E-35
   1.323000E+03  1.000000E-35  1.000000E-35
   1.325000E+03  1.000000E-35  1.000000E-35
   1.327000E+03  1.000000E-35  1.000000E-35
   1.329000E+03  1.000000E-35  1.000000E-35
   1.331000E+03  1.000000E-35  1.000000E-35
   1.333000E+03  1.000000E-35  1.000000E-35
   1.335000E+03  1.000000E-35  1.000000E-35
   1.337000E+03  1.000000E-35  1.000000E-35
   1.339000E+03  1.000000E-35  1.000000E-35
   1.341000E+03  1.000000E-35  1.000000E-35
   1.343000E+03  1.000000E-35  1.000000E-35
   1.345000E+03  1.000000E-35  1.000000E-35
   1.347000E+03  1.000000E-35  1.000000E-35
   1.349000E+03  1.000000E-35  1.000000E-35
   1.351000E+03  1.000000E-35  1.000000E-35
   1.353000E+03  1.000000E-35  1.000000E-35
   1.355000E+03  1.000000E-35  1.000000E-35
   1.357000E+03  1.000000E-35  1.000000E-35
   1.359000E+03  1.000000E-35  1.000000E-35
   1.361000E+03  1.000000E-35  1.000000E-35
   1.363000E+03  1.000000E-35  1.000000E-35
   1.365000E+03  1.000000E-35  1.000000E-35
   1.367000E+03  1.000000E-35  1.000000E-35
   1.369000E+03  1.000000E-35  1.000000E-35
   1.371000E+03  1.000000E-35  1.000000E-35
   1.373000E+03  1.000000E-35  1.000000E-35
   1.375000E+03  1.000000E-35  1.000000E-35
   1.377000E+03  1.000000E-35  1.000000E-35
   1.379000E+03  1.000000E-35  1.000000E-35
   1.381000E+03  1.000000E-35  1.000000E-35
   1.383000E+03  1.000000E-35  1.000000E-35
   1.385000E+03  1.000000E-35  1.000000E-35
   1.387000E+03  1.000000E-35  1.000000E-35
   1.389000E+03  1.000000E-35  1.000000E-35
   1.391000E+03  1.000000E-35  1.000000E-35
   1.393000E+03  1.000000E-35  1.000000E-35
   1.395000E+03  1.000000E-35  1.000000E-35
   1.397000E+03  1.000000E-35  1.000000E-35
   1.399000E+03  1.000000E-35  1.000000E-35
   1.401000E+03  1.000000E-35  1.000000E-35
   1.403000E+03  1.000000E-35  1.000000E-35
   1.405000E+03  1.000000E-35  1.000000E-35
   1.407000E+03  1.000000E-35  1.000000E-35
   1.409000E+03  1.000000E-35  1.000000E-35
   1.411000E+03  1.000000E-35  1.000000E-35
   1.413000E+03  1.000000E-35  1.000000E-35
   1.415000E+03  1.000000E-35  1.000000E-35
   1.417000E+03  1.000000E-35  1.000000E-35
   1.419000E+03  1.000000E-35  1.000000E-35
   1.421000E+03  1.000000E-35  1.000000E-35
   1.423000E+03  1.000000E-35  1.000000E-35
   1.425000E+03  1.000000E-35  1.000000E-35
   1.427000E+03  1.000000E-35  1.000000E-35
   1.429000E+03  1.000000E-35  1.000000E-35
   1.431000E+03  1.000000E-35  1.000000E-35
   1.433000E+03  1.000000E-35  1.000000E-35
   1.435000E+03  1.000000E-35  1.000000E-35
   1.437000E+03  1.000000E-35  1.000000E-35
   1.439000E+03  1.000000E-35  1.000000E-35
   1.441000E+03  1.000000E-35  1.000000E-35
   1.443000E+03  1.000000E-35  1.000000E-35
   1.445000E+03  1.000000E-35  1.000000E-35
   1.447000E+03  1.000000E-35  1.000000E-35
   1.449000E+03  1.000000E-35  1.000000E-35
   1.451000E+03  1.000000E-35  1.000000E-35
   1.453000E+03  1.000000E-35  1.000000E-35
   1.455000E+03  1.000000E-35  1.000000E-35
   1.457000E+03  1.000000E-35  1.000000E-35
   1.459000E+03  1.000000E-35  1.000000E-35
   1.461000E+03  1.000000E-35  1.000000E-35
   1.463000E+03  1.000000E-35  1.000000E-35
   1.465000E+03  1.000000E-35  1.000000E-35
   1.467000E+03  1.000000E-35  1.000000E-35
   1.469000E+03  1.000000E-35  1.000000E-35
   1.471000E+03  1.000000E-35  1.000000E-35
   1.473000E+03  1.000000E-35  1.000000E-35
   1.475000E+03  1.000000E-35  1.000000E-35
   1.477000E+03  1.000000E-35  1.000000E-35
   1.479000E+03  1.000000E-35  1.000000E-35
   1.481000E+03  1.000000E-35  1.000000E-35
   1.483000E+03  1.000000E-35  1.000000E-35
   1.485000E+03  1.000000E-35  1.000000E-35
   1.487000E+03  1.000000E-35  1.000000E-35
   1.489000E+03  1.000000E-35  1.000000E-35
   1.491000E+03  1.000000E-35  1.000000E-35
   1.493000E+03  1.000000E-35  1.000000E-35
   1.495000E+03  1.000000E-35  1.000000E-35
   1.497000E+03  1.000000E-35  1.000000E-35
   1.499000E+03  1.000000E-35  1.000000E-35
   1.501000E+03  1.000000E-35  1.000000E-35
   1.503000E+03  1.000000E-35  1.000000E-35
   1.505000E+03  1.000000E-35  1.000000E-35
   1.507000E+03  1.000000E-35  1.000000E-35
   1.509000E+03  1.000000E-35  1.000000E-35
   1.511000E+03  1.000000E-35  1.000000E-35
   1.513000E+03  1.000000E-35  1.000000E-35
   1.515000E+03  1.000000E-35  1.000000E-35
   1.517000E+03  1.000000E-35  1.000000E-35
   1.519000E+03  1.000000E-35  1.000000E-35
   1.521000E+03  1.000000E-35  1.000000E-35
   1.523000E+03  1.000000E-35  1.000000E-35
   1.525000E+03  1.000000E-35  1.000000E-35
   1.527000E+03  1.000000E-35  1.000000E-35
   1.529000E+03  1.000000E-35  1.000000E-35
   1.531000E+03  1.000000E-35  1.000000E-35
   1.533000E+03  1.000000E-35  1.000000E-35
   1.535000E+03  1.000000E-35  1.000000E-35
   1.537000E+03  1.000000E-35  1.000000E-35
   1.539000E+03  1.000000E-35  1.000000E-35
   1.541000E+03  1.000000E-35  1.000000E-35
   1.543000E+03  1.000000E-35  1.000000E-35
   1.545000E+03  1.000000E-35  1.000000E-35
   1.547000E+03  1.000000E-35  1.000000E-35
   1.549000E+03  1.000000E-35  1.000000E-35
   1.551000E+03  1.000000E-35  1.000000E-35
   1.553000E+03  1.000000E-35  1.000000E-35
   1.555000E+03  1.000000E-35  1.000000E-35
   1.557000E+03  1.000000E-35  1.000000E-35
   1.559000E+03  1.000000E-35  1.000000E-35
   1.561000E+03  1.000000E-35  1.000000E-35
   1.563000E+03  1.000000E-35  1.000000E-35
   1.565000E+03  1.000000E-35  1.000000E-35
   1.567000E+03  1.000000E-35  1.000000E-35
   1.569000E+03  1.000000E-35  1.000000E-35
   1.571000E+03  1.000000E-35  1.000000E-35
   1.573000E+03  1.000000E-35  1.000000E-35
   1.575000E+03  1.000000E-35  1.000000E-35
   1.577000E+03  1.000000E-35  1.000000E-35
   1.579000E+03  1.000000E-35  1.000000E-35
   1.581000E+03  1.000000E-35  1.000000E-35
   1.583000E+03  1.000000E-35  1.000000E-35
   1.585000E+03  1.000000E-35  1.000000E-35
   1.587000E+03  1.000000E-35  1.000000E-35
   1.589000E+03  1.000000E-35  1.000000E-35
   1.591000E+03  1.000000E-35  1.000000E-35
   1.593000E+03  1.000000E-35  1.000000E-35
   1.595000E+03  1.000000E-35  1.000000E-35
   1.597000E+03  1.000000E-35  1.000000E-35
   1.599000E+03  1.000000E-35  1.000000E-35
   1.601000E+03  1.000000E-35  1.000000E-35
   1.603000E+03  1.000000E-35  1.000000E-35
   1.605000E+03  1.000000E-35  1.000000E-35
   1.607000E+03  1.000000E-35  1.000000E-35
   1.609000E+03  1.000000E-35  1.000000E-35
   1.611000E+03  1.000000E-35  1.000000E-35
   1.613000E+03  1.000000E-35  1.000000E-35
   1.615000E+03  1.000000E-35  1.000000E-35
   1.617000E+03  1.000000E-35  1.000000E-35
   1.619000E+03  1.000000E-35  1.000000E-35
   1.621000E+03  1.000000E-35  1.000000E-35
   1.623000E+03  1.000000E-35  1.000000E-35
   1.625000E+03  1.000000E-35  1.000000E-35
   1.627000E+03  1.000000E-35  1.000000E-35
   1.629000E+03  1.000000E-35  1.000000E-35
   1.631000E+03  1.000000E-35  1.000000E-35
   1.633000E+03  1.000000E-35  1.000000E-35
   1.635000E+03  1.000000E-35  1.000000E-35
   1.637000E+03  1.000000E-35  1.000000E-35
   1.639000E+03  1.000000E-35  1.000000E-35
   1.641000E+03  1.000000E-35  1.000000E-35
   1.643000E+03  1.000000E-35  1.000000E-35
   1.645000E+03  1.000000E-35  1.000000E-35
   1.647000E+03  1.000000E-35  1.000000E-35
   1.649000E+03  1.000000E-35  1.000000E-35
   1.651000E+03  1.000000E-35  1.000000E-35
   1.653000E+03  1.000000E-35  1.000000E-35
   1.655000E+03  1.000000E-35  1.000000E-35
   1.657000E+03  1.000000E-35  1.000000E-35
   1.659000E+03  1.000000E-35  1.000000E-35
   1.661000E+03  1.000000E-35  1.000000E-35
   1.663000E+03  1.000000E-35  1.000000E-35
   1.665000E+03  1.000000E-35  1.000000E-35
   1.667000E+03  1.000000E-35  1.000000E-35
   1.669000E+03  1.000000E-35  1.000000E-35
   1.671000E+03  1.000000E-35  1.000000E-35
   1.673000E+03  1.000000E-35  1.000000E-35
   1.675000E+03  1.000000E-35  1.000000E-35
   1.677000E+03  1.000000E-35  1.000000E-35
   1.679000E+03  1.000000E-35  1.000000E-35
   1.681000E+03  1.000000E-35  1.000000E-35
   1.683000E+03  1.000000E-35  1.000000E-35
   1.685000E+03  1.000000E-35  1.000000E-35
   1.687000E+03  1.000000E-35  1.000000E-35
   1.689000E+03  1.000000E-35  1.000000E-35
   1.691000E+03  1.000000E-35  1.000000E-35
   1.693000E+03  1.000000E-35  1.000000E-35
   1.695000E+03  1.000000E-35  1.000000E-35
   1.697000E+03  1.000000E-35  1.000000E-35
   1.699000E+03  1.000000E-35  1.000000E-35
   1.701000E+03  1.000000E-35  1.000000E-35
   1.703000E+03  1.000000E-35  1.000000E-35
   1.705000E+03  1.000000E-35  1.000000E-35
   1.707000E+03  1.000000E-35  1.000000E-35
   1.709000E+03  1.000000E-35  1.000000E-35
   1.711000E+03  1.000000E-35  1.000000E-35
   1.713000E+03  1.000000E-35  1.000000E-35
   1.715000E+03  1.000000E-35  1.000000E-35
   1.717000E+03  1.000000E-35  1.000000E-35
   1.719000E+03  1.000000E-35  1.000000E-35
   1.721000E+03  1.000000E-35  1.000000E-35
   1.723000E+03  1.000000E-35  1.000000E-35
   1.725000E+03  1.000000E-35  1.000000E-35
   1.727000E+03  1.000000E-35  1.000000E-35
   1.729000E+03  1.000000E-35  1.000000E-35
   1.731000E+03  1.000000E-35  1.000000E-35
   1.733000E+03  1.000000E-35  1.000000E-35
   1.735000E+03  1.000000E-35  1.000000E-35
   1.737000E+03  1.000000E-35  1.000000E-35
   1.739000E+03  1.000000E-35  1.000000E-35
   1.741000E+03  1.000000E-35  1.000000E-35
   1.743000E+03  1.000000E-35  1.000000E-35
   1.745000E+03  1.000000E-35  1.000000E-35
   1.747000E+03  1.000000E-35  1.000000E-35
   1.749000E+03  1.000000E-35  1.000000E-35
   1.751000E+03  1.000000E-35  1.000000E-35
   1.753000E+03  1.000000E-35  1.000000E-35
   1.755000E+03  1.000000E-35  1.000000E-35
   1.757000E+03  1.000000E-35  1.000000E-35
   1.759000E+03  1.000000E-35  1.000000E-35
   1.761000E+03  1.000000E-35  1.000000E-35
   1.763000E+03  1.000000E-35  1.000000E-35
   1.765000E+03  1.000000E-35  1.000000E-35
   1.767000E+03  1.000000E-35  1.000000E-35
   1.769000E+03  1.000000E-35  1.000000E-35
   1.771000E+03  1.000000E-35  1.000000E-35
   1.773000E+03  1.000000E-35  1.000000E-35
   1.775000E+03  1.000000E-35  1.000000E-35
   1.777000E+03  1.000000E-35  1.000000E-35
   1.779000E+03  1.000000E-35  1.000000E-35
   1.781000E+03  1.000000E-35  1.000000E-35
   1.783000E+03  1.000000E-35  1.000000E-35
   1.785000E+03  1.000000E-35  1.000000E-35
   1.787000E+03  1.000000E-35  1.000000E-35
   1.789000E+03  1.000000E-35  1.000000E-35
   1.791000E+03  1.000000E-35  1.000000E-35
   1.793000E+03  1.000000E-35  1.000000E-35
   1.795000E+03  1.000000E-35  1.000000E-35
   1.797000E+03  1.000000E-35  1.000000E-35
   1.799000E+03  1.000000E-35  1.000000E-35
   1.801000E+03  1.000000E-35  1.000000E-35
   1.803000E+03  1.000000E-35  1.000000E-35
   1.805000E+03  1.000000E-35  1.000000E-35
   1.807000E+03  1.000000E-35  1.000000E-35
   1.809000E+03  1.000000E-35  1.000000E-35
   1.811000E+03  1.000000E-35  1.000000E-35
   1.813000E+03  1.000000E-35  1.000000E-35
   1.815000E+03  1.000000E-35  1.000000E-35
   1.817000E+03  1.000000E-35  1.000000E-35
   1.819000E+03  1.000000E-35  1.000000E-35
   1.821000E+03  1.000000E-35  1.000000E-35
   1.823000E+03  1.000000E-35  1.000000E-35
   1.825000E+03  1.000000E-35  1.000000E-35
   1.827000E+03  1.000000E-35  1.000000E-35
   1.829000E+03  1.000000E-35  1.000000E-35
   1.831000E+03  1.000000E-35  1.000000E-35
   1.833000E+03  1.000000E-35  1.000000E-35
   1.835000E+03  1.000000E-35  1.000000E-35
   1.837000E+03  1.000000E-35  1.000000E-35
   1.839000E+03  1.000000E-35  1.000000E-35
   1.841000E+03  1.000000E-35  1.000000E-35
   1.843000E+03  1.000000E-35  1.000000E-35
   1.845000E+03  1.000000E-35  1.000000E-35
   1.847000E+03  1.000000E-35  1.000000E-35
   1.849000E+03  1.000000E-35  1.000000E-35
   1.851000E+03  1.000000E-35  1.000000E-35
   1.853000E+03  1.000000E-35  1.000000E-35
   1.855000E+03  1.000000E-35  1.000000E-35
   1.857000E+03  1.000000E-35  1.000000E-35
   1.859000E+03  1.000000E-35  1.000000E-35
   1.861000E+03  1.000000E-35  1.000000E-35
   1.863000E+03  1.000000E-35  1.000000E-35
   1.865000E+03  1.000000E-35  1.000000E-35
   1.867000E+03  1.000000E-35  1.000000E-35
   1.869000E+03  1.000000E-35  1.000000E-35
   1.871000E+03  1.000000E-35  1.000000E-35
   1.873000E+03  1.000000E-35  1.000000E-35
   1.875000E+03  1.000000E-35  1.000000E-35
   1.877000E+03  1.000000E-35  1.000000E-35
   1.879000E+03  1.000000E-35  1.000000E-35
   1.881000E+03  1.000000E-35  1.000000E-35
   1.883000E+03  1.000000E-35  1.000000E-35
   1.885000E+03  1.000000E-35  1.000000E-35
   1.887000E+03  1.000000E-35  1.000000E-35
   1.889000E+03  1.000000E-35  1.000000E-35
   1.891000E+03  1.000000E-35  1.000000E-35
   1.893000E+03  1.000000E-35  1.000000E-35
   1.895000E+03  1.000000E-35  1.000000E-35
   1.897000E+03  1.000000E-35  1.000000E-35
   1.899000E+03  1.000000E-35  1.000000E-35
   1.901000E+03  1.000000E-35  1.000000E-35
   1.903000E+03  1.000000E-35  1.000000E-35
   1.905000E+03  1.000000E-35  1.000000E-35
   1.907000E+03  1.000000E-35  1.000000E-35
   1.909000E+03  1.000000E-35  1.000000E-35
   1.911000E+03  1.000000E-35  1.000000E-35
   1.913000E+03  1.000000E-35  1.000000E-35
   1.915000E+03  1.000000E-35  1.000000E-35
   1.917000E+03  1.000000E-35  1.000000E-35
   1.919000E+03  1.000000E-35  1.000000E-35
   1.921000E+03  1.000000E-35  1.000000E-35
   1.923000E+03  1.000000E-35  1.000000E-35
   1.925000E+03  1.000000E-35  1.000000E-35
   1.927000E+03  1.000000E-35  1.000000E-35
   1.929000E+03  1.000000E-35  1.000000E-35
   1.931000E+03  1.000000E-35  1.000000E-35
   1.933000E+03  1.000000E-35  1.000000E-35
   1.935000E+03  1.000000E-35  1.000000E-35
   1.937000E+03  1.000000E-35  1.000000E-35
   1.939000E+03  1.000000E-35  1.000000E-35
   1.941000E+03  1.000000E-35  1.000000E-35
   1.943000E+03  1.000000E-35  1.000000E-35
   1.945000E+03  1.000000E-35  1.000000E-35
   1.947000E+03  1.000000E-35  1.000000E-35
   1.949000E+03  1.000000E-35  1.000000E-35
   1.951000E+03  1.000000E-35  1.000000E-35
   1.953000E+03  1.000000E-35  1.000000E-35
   1.955000E+03  1.000000E-35  1.000000E-35
   1.957000E+03  1.000000E-35  1.000000E-35
   1.959000E+03  1.000000E-35  1.000000E-35
   1.961000E+03  1.000000E-35  1.000000E-35
   1.963000E+03  1.000000E-35  1.000000E-35
   1.965000E+03  1.000000E-35  1.000000E-35
   1.967000E+03  1.000000E-35  1.000000E-35
   1.969000E+03  1.000000E-35  1.000000E-35
   1.971000E+03  1.000000E-35  1.000000E-35
   1.973000E+03  1.000000E-35  1.000000E-35
   1.975000E+03  1.000000E-35  1.000000E-35
   1.977000E+03  1.000000E-35  1.000000E-35
   1.979000E+03  1.000000E-35  1.000000E-35
   1.981000E+03  1.000000E-35  1.000000E-35
   1.983000E+03  1.000000E-35  1.000000E-35
   1.985000E+03  1.000000E-35  1.000000E-35
   1.987000E+03  1.000000E-35  1.000000E-35
   1.989000E+03  1.000000E-35  1.000000E-35
   1.991000E+03  1.000000E-35  1.000000E-35
   1.993000E+03  1.000000E-35  1.000000E-35
   1.995000E+03  1.000000E-35  1.000000E-35
   1.997000E+03  1.000000E-35  1.000000E-35
   1.999000E+03  1.000000E-35  1.000000E-35
