 #  Results from PENEPMA.
 #  Probability of emission of bremmstrahlung photons.
 #  1st column: E (eV).
 #  2nd and 3rd columns: probability density and STU (1/(eV*sr*electron)).

   5.100001E+01  2.559420E-07  9.995690E-10
   5.300001E+01  2.452476E-07  9.312527E-10
   5.500001E+01  2.359195E-07  9.276242E-10
   5.700001E+01  2.273292E-07  9.642917E-10
   5.900001E+01  2.187224E-07  9.124477E-10
   6.100001E+01  2.109934E-07  9.007239E-10
   6.300001E+01  2.030793E-07  8.133484E-10
   6.500001E+01  1.961554E-07  8.095702E-10
   6.700001E+01  1.897829E-07  7.942794E-10
   6.900001E+01  1.833397E-07  7.438773E-10
   7.100001E+01  1.775814E-07  7.400915E-10
   7.300001E+01  1.724427E-07  7.765058E-10
   7.500001E+01  1.673496E-07  7.656744E-10
   7.700001E+01  1.623289E-07  7.420872E-10
   7.900001E+01  1.571387E-07  6.629818E-10
   8.100001E+01  1.528891E-07  6.981495E-10
   8.300001E+01  1.488344E-07  7.419615E-10
   8.500001E+01  1.442543E-07  7.044258E-10
   8.700001E+01  1.398658E-07  6.619164E-10
   8.900001E+01  1.359528E-07  6.347669E-10
   9.100001E+01  1.327430E-07  6.992812E-10
   9.300001E+01  1.284987E-07  5.928570E-10
   9.500001E+01  1.258450E-07  6.813370E-10
   9.700001E+01  1.220176E-07  5.716875E-10
   9.900001E+01  1.196329E-07  6.659847E-10
   1.010000E+02  1.164612E-07  6.180536E-10
   1.030000E+02  1.135195E-07  5.662039E-10
   1.050000E+02  1.107833E-07  5.519824E-10
   1.070000E+02  1.084299E-07  5.974345E-10
   1.090000E+02  1.058970E-07  5.472788E-10
   1.110000E+02  1.037714E-07  5.736209E-10
   1.130000E+02  1.019253E-07  6.357426E-10
   1.150000E+02  9.918122E-08  5.313426E-10
   1.170000E+02  9.763918E-08  6.073425E-10
   1.190000E+02  9.556893E-08  5.781305E-10
   1.210000E+02  9.301719E-08  4.730636E-10
   1.230000E+02  9.136797E-08  5.034769E-10
   1.250000E+02  9.004067E-08  5.463740E-10
   1.270000E+02  8.817790E-08  5.210446E-10
   1.290000E+02  8.662748E-08  5.206109E-10
   1.310000E+02  8.487813E-08  4.940036E-10
   1.330000E+02  8.349744E-08  5.123989E-10
   1.350000E+02  8.194550E-08  4.932027E-10
   1.370000E+02  8.071361E-08  5.189854E-10
   1.390000E+02  7.912565E-08  4.605506E-10
   1.410000E+02  7.817637E-08  5.182548E-10
   1.430000E+02  7.662834E-08  4.915313E-10
   1.450000E+02  7.550280E-08  4.755765E-10
   1.470000E+02  7.442020E-08  5.061064E-10
   1.490000E+02  7.294063E-08  4.544344E-10
   1.510000E+02  7.165606E-08  4.238802E-10
   1.530000E+02  7.088813E-08  4.701403E-10
   1.550000E+02  7.010004E-08  5.159415E-10
   1.570000E+02  6.906269E-08  5.082921E-10
   1.590000E+02  6.772866E-08  4.485459E-10
   1.610000E+02  6.687368E-08  4.689300E-10
   1.630000E+02  6.565436E-08  4.034294E-10
   1.650000E+02  6.489977E-08  4.215175E-10
   1.670000E+02  6.386988E-08  4.166613E-10
   1.690000E+02  6.317199E-08  4.342148E-10
   1.710000E+02  6.230990E-08  4.206272E-10
   1.730000E+02  6.125978E-08  3.775909E-10
   1.750000E+02  6.098864E-08  4.830095E-10
   1.770000E+02  5.996803E-08  4.374527E-10
   1.790000E+02  5.907143E-08  3.914781E-10
   1.810000E+02  5.829543E-08  4.054545E-10
   1.830000E+02  5.759937E-08  3.860986E-10
   1.850000E+02  5.690231E-08  3.906814E-10
   1.870000E+02  5.618664E-08  4.047039E-10
   1.890000E+02  5.563700E-08  3.997874E-10
   1.910000E+02  5.474203E-08  3.489053E-10
   1.930000E+02  5.423573E-08  3.748775E-10
   1.950000E+02  5.380124E-08  4.131503E-10
   1.970000E+02  5.326680E-08  4.264577E-10
   1.990000E+02  5.243034E-08  3.791940E-10
   2.010000E+02  5.198017E-08  4.031792E-10
   2.030000E+02  5.148652E-08  4.122751E-10
   2.050000E+02  5.079044E-08  3.884147E-10
   2.070000E+02  5.033741E-08  3.978803E-10
   2.090000E+02  4.992429E-08  4.117397E-10
   2.110000E+02  4.931222E-08  3.878812E-10
   2.130000E+02  4.863577E-08  3.675882E-10
   2.150000E+02  4.814210E-08  3.825242E-10
   2.170000E+02  4.758400E-08  3.404559E-10
   2.190000E+02  4.722895E-08  3.669940E-10
   2.210000E+02  4.695825E-08  4.060625E-10
   2.230000E+02  4.642993E-08  4.058850E-10
   2.250000E+02  4.578187E-08  3.506066E-10
   2.270000E+02  4.533662E-08  3.450105E-10
   2.290000E+02  4.526377E-08  4.192071E-10
   2.310000E+02  4.460285E-08  3.909543E-10
   2.330000E+02  4.406964E-08  3.389399E-10
   2.350000E+02  4.360226E-08  3.330869E-10
   2.370000E+02  4.320428E-08  3.549046E-10
   2.390000E+02  4.289604E-08  3.494034E-10
   2.410000E+02  4.239356E-08  3.027692E-10
   2.430000E+02  4.230151E-08  3.852598E-10
   2.450000E+02  4.178263E-08  3.648404E-10
   2.470000E+02  4.130229E-08  3.377366E-10
   2.490000E+02  4.089317E-08  3.319304E-10
   2.510000E+02  4.066369E-08  3.643939E-10
   2.530000E+02  4.013941E-08  3.016845E-10
   2.550000E+02  3.990181E-08  3.257308E-10
   2.570000E+02  3.948006E-08  2.885880E-10
   2.590000E+02  3.930400E-08  3.479303E-10
   2.610000E+02  3.885436E-08  3.010952E-10
   2.630000E+02  3.853795E-08  3.071462E-10
   2.650000E+02  3.839608E-08  3.634931E-10
   2.670000E+02  3.799219E-08  3.306251E-10
   2.690000E+02  3.752801E-08  2.741215E-10
   2.710000E+02  3.737607E-08  3.303767E-10
   2.730000E+02  3.711063E-08  3.359138E-10
   2.750000E+02  3.677427E-08  3.184233E-10
   2.770000E+02  3.620801E-08  2.591979E-10
   2.790000E+02  3.618794E-08  3.240445E-10
   2.810000E+02  3.591750E-08  3.120242E-10
   2.830000E+02  3.556997E-08  2.994996E-10
   2.850000E+02  3.527263E-08  2.864513E-10
   2.870000E+02  3.502308E-08  2.863384E-10
   2.890000E+02  3.474774E-08  2.926949E-10
   2.910000E+02  3.464808E-08  3.291861E-10
   2.930000E+02  3.446135E-08  3.347733E-10
   2.950000E+02  3.395969E-08  2.579343E-10
   2.970000E+02  3.381395E-08  3.049030E-10
   2.990000E+02  3.356164E-08  2.855692E-10
   3.010000E+02  3.316003E-08  2.500369E-10
   3.030000E+02  3.301035E-08  2.646445E-10
   3.050000E+02  3.268431E-08  2.420597E-10
   3.070000E+02  3.251897E-08  2.571224E-10
   3.090000E+02  3.224899E-08  2.338520E-10
   3.110000E+02  3.204402E-08  2.780676E-10
   3.130000E+02  3.196559E-08  2.913249E-10
   3.150000E+02  3.169151E-08  2.846215E-10
   3.170000E+02  3.152717E-08  3.038453E-10
   3.190000E+02  3.128680E-08  2.707804E-10
   3.210000E+02  3.113454E-08  2.843568E-10
   3.230000E+02  3.084090E-08  2.705404E-10
   3.250000E+02  3.051451E-08  2.327751E-10
   3.270000E+02  3.039986E-08  2.559293E-10
   3.290000E+02  3.030962E-08  2.969390E-10
   3.310000E+02  3.007648E-08  2.630409E-10
   3.330000E+02  2.980073E-08  2.481082E-10
   3.350000E+02  2.981332E-08  3.270624E-10
   3.370000E+02  2.956998E-08  3.028878E-10
   3.390000E+02  2.935141E-08  2.697734E-10
   3.410000E+02  2.919780E-08  3.027143E-10
   3.430000E+02  2.878820E-08  2.317238E-10
   3.450000E+02  2.879215E-08  2.694986E-10
   3.470000E+02  2.869847E-08  3.086679E-10
   3.490000E+02  2.835485E-08  2.620952E-10
   3.510000E+02  2.814079E-08  2.313231E-10
   3.530000E+02  2.806354E-08  2.619313E-10
   3.550000E+02  2.786685E-08  2.545155E-10
   3.570000E+02  2.764355E-08  2.049479E-10
   3.590000E+02  2.745542E-08  2.225237E-10
   3.610000E+02  2.732390E-08  2.466286E-10
   3.630000E+02  2.722062E-08  2.823407E-10
   3.650000E+02  2.706486E-08  2.464805E-10
   3.670000E+02  2.670704E-08  1.948085E-10
   3.690000E+02  2.666012E-08  2.303669E-10
   3.710000E+02  2.668584E-08  2.683142E-10
   3.730000E+02  2.643014E-08  2.383252E-10
   3.750000E+02  2.616710E-08  2.130102E-10
   3.770000E+02  2.604185E-08  2.216059E-10
   3.790000E+02  2.594136E-08  2.380005E-10
   3.810000E+02  2.578083E-08  2.298210E-10
   3.830000E+02  2.558719E-08  2.034987E-10
   3.850000E+02  2.544661E-08  2.033955E-10
   3.870000E+02  2.537435E-08  2.211761E-10
   3.890000E+02  2.524742E-08  2.454403E-10
   3.910000E+02  2.499646E-08  1.728935E-10
   3.930000E+02  2.496678E-08  2.374176E-10
   3.950000E+02  2.477752E-08  2.029202E-10
   3.970000E+02  2.475998E-08  2.451325E-10
   3.990000E+02  2.456280E-08  2.206415E-10
   4.010000E+02  2.459802E-08  2.876912E-10
   4.030000E+02  2.421902E-08  1.828941E-10
   4.050000E+02  2.420609E-08  2.288588E-10
   4.070000E+02  2.411750E-08  2.447507E-10
   4.090000E+02  2.384016E-08  2.022532E-10
   4.110000E+02  2.382696E-08  2.201621E-10
   4.130000E+02  2.371659E-08  2.367001E-10
   4.150000E+02  2.361783E-08  2.284564E-10
   4.170000E+02  2.334089E-08  1.715019E-10
   4.190000E+02  2.330919E-08  2.110361E-10
   4.210000E+02  2.319808E-08  1.921899E-10
   4.230000E+02  2.305442E-08  1.920868E-10
   4.250000E+02  2.301017E-08  2.280699E-10
   4.270000E+02  2.297230E-08  2.440819E-10
   4.290000E+02  2.272460E-08  2.014529E-10
   4.310000E+02  2.256670E-08  1.815855E-10
   4.330000E+02  2.250945E-08  1.917091E-10
   4.350000E+02  2.244103E-08  2.192478E-10
   4.370000E+02  2.232323E-08  2.276399E-10
   4.390000E+02  2.211675E-08  1.589902E-10
   4.410000E+02  2.199820E-08  1.588713E-10
   4.430000E+02  2.196452E-08  1.810987E-10
   4.450000E+02  2.181269E-08  1.702094E-10
   4.470000E+02  2.172167E-08  1.701376E-10
   4.490000E+02  2.147024E-08  7.855918E-11
   4.510000E+02  2.154229E-08  1.909538E-10
   4.530000E+02  2.137337E-08  1.458712E-10
   4.550000E+02  2.132795E-08  1.698017E-10
   4.570000E+02  2.121639E-08  1.805374E-10
   4.590000E+02  2.118483E-08  2.095848E-10
   4.610000E+02  2.098017E-08  1.579524E-10
   4.630000E+02  2.092267E-08  1.904758E-10
   4.650000E+02  2.081827E-08  1.801910E-10
   4.670000E+02  2.069875E-08  1.692974E-10
   4.690000E+02  2.054159E-08  1.313569E-10
   4.710000E+02  2.049203E-08  1.575030E-10
   4.730000E+02  2.032166E-08  1.158037E-10
   4.750000E+02  2.030061E-08  1.573313E-10
   4.770000E+02  2.026617E-08  1.572989E-10
   4.790000E+02  2.014133E-08  1.687911E-10
   4.810000E+02  2.008223E-08  1.796036E-10
   4.830000E+02  1.993742E-08  1.153168E-10
   4.850000E+02  1.990491E-08  1.569588E-10
   4.870000E+02  1.971998E-08  1.304500E-10
   4.890000E+02  1.959181E-08  9.702663E-11
   4.910000E+02  1.959204E-08  1.303216E-10
   4.930000E+02  1.946698E-08  1.439732E-10
   4.950000E+02  1.938589E-08  1.565284E-10
   4.970000E+02  1.932111E-08  1.564709E-10
   4.990000E+02  1.916305E-08  7.422281E-11
   5.010001E+02  1.918764E-08  1.436942E-10
   5.030001E+02  1.907607E-08  1.297420E-10
   5.050001E+02  1.902963E-08  1.561606E-10
   5.070001E+02  1.885441E-08  1.294962E-10
   5.090001E+02  1.886546E-08  1.560120E-10
   5.110001E+02  1.880769E-08  1.785719E-10
   5.130001E+02  1.866159E-08  1.292800E-10
   5.150001E+02  1.858681E-08  1.291891E-10
   5.170001E+02  1.846608E-08  1.134624E-10
   5.190001E+02  1.842756E-08  1.134071E-10
   5.210001E+02  1.829579E-08  1.288699E-10
   5.230001E+02  1.831068E-08  1.288847E-10
   5.250001E+02  1.818701E-08  1.287529E-10
   5.270001E+02  1.818669E-08  1.553827E-10
   5.290001E+02  1.808796E-08  1.425852E-10
   5.310001E+02  1.791185E-08  1.127556E-10
   5.330001E+02  1.792022E-08  1.424234E-10
   5.350001E+02  1.778064E-08  9.430341E-11
   5.370001E+02  1.775644E-08  1.422546E-10
   5.390001E+02  1.769277E-08  1.421838E-10
   5.410001E+02  1.759819E-08  1.123478E-10
   5.430001E+02  1.748046E-08  7.086360E-11
   5.450001E+02  1.747305E-08  1.121922E-10
   5.470001E+02  1.734144E-08  7.058700E-11
   5.490001E+02  1.728968E-08  7.048907E-11
   5.510001E+02  1.720102E-08  7.029920E-11
   5.530001E+02  1.723915E-08  1.276881E-10
   5.550001E+02  1.711351E-08  1.117414E-10
   5.570001E+02  1.705371E-08  9.318166E-11
   5.590001E+02  1.693323E-08  6.975552E-11
   5.610001E+02  1.686612E-08  6.962603E-11
   5.630001E+02  1.689733E-08  1.114534E-10
   5.650001E+02  1.674716E-08  6.937488E-11
   5.670001E+02  1.668772E-08  6.924628E-11
   5.690001E+02  1.662057E-08  9.251282E-11
   5.710001E+02  1.655689E-08  6.897608E-11
   5.730001E+02  1.650153E-08  6.884776E-11
   5.750001E+02  1.647248E-08  9.227315E-11
   5.770001E+02  1.633351E-08  6.851246E-11
   5.790001E+02  1.634709E-08  9.208111E-11
   5.810001E+02  1.618946E-08  6.820557E-11
   5.830001E+02  1.617803E-08  6.817072E-11
   5.850001E+02  1.613317E-08  6.808134E-11
   5.870001E+02  1.601898E-08  6.783662E-11
   5.890001E+02  1.607648E-08  1.103874E-10
   5.910001E+02  1.593494E-08  6.766146E-11
   5.930001E+02  1.583756E-08  6.746772E-11
   5.950001E+02  1.582492E-08  6.742117E-11
   5.970001E+02  1.578363E-08  6.732644E-11
   5.990001E+02  1.564907E-08  6.704218E-11
   6.010001E+02  1.559836E-08  6.693468E-11
   6.030001E+02  1.557394E-08  6.688829E-11
   6.050001E+02  1.549907E-08  6.673158E-11
   6.070001E+02  1.549237E-08  9.074886E-11
   6.090001E+02  1.542077E-08  9.062400E-11
   6.110001E+02  1.534451E-08  6.638289E-11
   6.130001E+02  1.527216E-08  6.625122E-11
   6.150001E+02  1.524882E-08  6.619135E-11
   6.170001E+02  1.517885E-08  6.603870E-11
   6.190001E+02  1.511009E-08  6.587318E-11
   6.210001E+02  1.505568E-08  6.576910E-11
   6.230001E+02  1.499144E-08  6.561607E-11
   6.250001E+02  1.494420E-08  6.551363E-11
   6.270001E+02  1.490753E-08  6.543129E-11
   6.290001E+02  1.484831E-08  6.531206E-11
   6.310001E+02  1.475326E-08  6.509385E-11
   6.330001E+02  1.477831E-08  6.514909E-11
   6.350001E+02  1.468205E-08  6.494496E-11
   6.370001E+02  1.463595E-08  6.483562E-11
   6.390001E+02  1.457534E-08  6.470332E-11
   6.410001E+02  1.456821E-08  6.468890E-11
   6.430001E+02  1.446535E-08  6.445300E-11
   6.450001E+02  1.441865E-08  6.435380E-11
   6.470001E+02  1.439197E-08  6.429868E-11
   6.490001E+02  1.433241E-08  6.415973E-11
   6.510001E+02  1.429496E-08  8.882056E-11
   6.530001E+02  1.421055E-08  6.388899E-11
   6.550001E+02  1.416436E-08  6.378443E-11
   6.570001E+02  1.410623E-08  6.365711E-11
   6.590001E+02  1.405418E-08  6.353728E-11
   6.610001E+02  1.405620E-08  8.843582E-11
   6.630001E+02  1.395024E-08  6.329643E-11
   6.650001E+02  1.397106E-08  6.334659E-11
   6.670001E+02  1.390335E-08  6.318382E-11
   6.690001E+02  1.382793E-08  6.303013E-11
   6.710001E+02  1.383023E-08  6.301920E-11
   6.730001E+02  1.373698E-08  6.280660E-11
   6.750001E+02  1.369964E-08  6.272826E-11
   6.770001E+02  1.365991E-08  6.261458E-11
   6.790001E+02  1.356874E-08  6.243024E-11
   6.810001E+02  1.355871E-08  6.240711E-11
   6.830001E+02  1.350549E-08  6.227892E-11
   6.850001E+02  1.345150E-08  6.214476E-11
   6.870001E+02  1.340744E-08  6.206747E-11
   6.890001E+02  1.339235E-08  6.202077E-11
   6.910001E+02  1.329866E-08  6.180480E-11
   6.930001E+02  1.326998E-08  6.172856E-11
   6.950001E+02  1.322458E-08  6.162058E-11
   6.970001E+02  1.317438E-08  6.151501E-11
   6.990001E+02  1.314538E-08  6.143916E-11
   7.010001E+02  1.309884E-08  6.132489E-11
   7.030001E+02  1.304825E-08  6.121895E-11
   7.050001E+02  1.301308E-08  6.113084E-11
   7.070001E+02  1.297255E-08  6.103828E-11
   7.090001E+02  1.290844E-08  6.089490E-11
   7.110001E+02  1.284891E-08  6.073091E-11
   7.130001E+02  1.284474E-08  6.073111E-11
   7.150001E+02  1.278960E-08  6.060175E-11
   7.170001E+02  1.273230E-08  6.045649E-11
   7.190001E+02  1.271533E-08  6.042284E-11
   7.210001E+02  1.269222E-08  6.037192E-11
   7.230001E+02  1.264106E-08  6.024990E-11
   7.250001E+02  1.255215E-08  6.004166E-11
   7.270001E+02  1.249485E-08  5.990567E-11
   7.290001E+02  1.250346E-08  8.586789E-11
   7.310001E+02  1.244019E-08  5.976446E-11
   7.330001E+02  1.242531E-08  8.573070E-11
   7.350001E+02  1.239014E-08  5.965466E-11
   7.370001E+02  1.231814E-08  5.947498E-11
   7.390001E+02  1.230499E-08  5.943634E-11
   7.410001E+02  1.226265E-08  5.933582E-11
   7.430001E+02  1.221178E-08  5.920413E-11
   7.450001E+02  1.216909E-08  5.910129E-11
   7.470001E+02  1.211280E-08  5.897309E-11
   7.490001E+02  1.208336E-08  5.891883E-11
   7.510001E+02  1.203551E-08  5.877824E-11
   7.530001E+02  1.198190E-08  5.865033E-11
   7.550001E+02  1.197114E-08  5.863012E-11
   7.570001E+02  1.194144E-08  5.854767E-11
   7.590001E+02  1.192069E-08  5.850388E-11
   7.610001E+02  1.185313E-08  5.834123E-11
   7.630001E+02  1.180322E-08  5.820814E-11
   7.650001E+02  1.179625E-08  5.819746E-11
   7.670001E+02  1.172997E-08  5.803358E-11
   7.690001E+02  1.171383E-08  5.798965E-11
   7.710001E+02  1.166254E-08  5.785822E-11
   7.730001E+02  1.164300E-08  5.781307E-11
   7.750001E+02  1.159022E-08  5.769116E-11
   7.770001E+02  1.156924E-08  5.762558E-11
   7.790001E+02  1.157026E-08  5.763806E-11
   7.810001E+02  1.148319E-08  5.743260E-11
   7.830001E+02  1.145779E-08  5.734992E-11
   7.850001E+02  1.139494E-08  5.719541E-11
   7.870001E+02  1.137167E-08  5.713284E-11
   7.890001E+02  1.134477E-08  5.706663E-11
   7.910001E+02  1.129333E-08  5.693294E-11
   7.930001E+02  1.125522E-08  5.683939E-11
   7.950001E+02  1.123307E-08  5.679028E-11
   7.970001E+02  1.117965E-08  5.664826E-11
   7.990001E+02  1.116638E-08  5.661088E-11
   8.010001E+02  1.112493E-08  5.651115E-11
   8.030001E+02  1.108186E-08  5.640038E-11
   8.050001E+02  1.106575E-08  5.636381E-11
   8.070001E+02  1.105496E-08  5.633005E-11
   8.090001E+02  1.100765E-08  5.621327E-11
   8.110001E+02  1.096541E-08  5.610220E-11
   8.130001E+02  1.091641E-08  5.597366E-11
   8.150001E+02  1.090600E-08  5.595123E-11
   8.170001E+02  1.085348E-08  5.582089E-11
   8.190001E+02  1.078723E-08  5.564189E-11
   8.210001E+02  1.079353E-08  5.565580E-11
   8.230001E+02  1.073232E-08  5.551506E-11
   8.250001E+02  1.072846E-08  5.548633E-11
   8.270001E+02  1.067788E-08  5.537368E-11
   8.290001E+02  1.062901E-08  5.524110E-11
   8.310001E+02  1.059667E-08  5.514882E-11
   8.330001E+02  1.060164E-08  5.516902E-11
   8.350001E+02  1.053889E-08  5.500235E-11
   8.370001E+02  1.054424E-08  5.501480E-11
   8.390001E+02  1.048678E-08  5.486694E-11
   8.410001E+02  1.046456E-08  5.480454E-11
   8.430001E+02  1.045803E-08  5.479166E-11
   8.450001E+02  1.040567E-08  5.464922E-11
   8.470001E+02  1.035339E-08  5.451786E-11
   8.490001E+02  1.037320E-08  5.456312E-11
   8.510001E+02  1.028918E-08  5.434550E-11
   8.530001E+02  1.026512E-08  5.427094E-11
   8.550001E+02  1.022625E-08  5.417389E-11
   8.570001E+02  1.019712E-08  5.409746E-11
   8.590001E+02  1.015348E-08  5.398299E-11
   8.610001E+02  1.012696E-08  5.390046E-11
   8.630001E+02  1.010786E-08  5.385613E-11
   8.650001E+02  1.006867E-08  5.375968E-11
   8.670001E+02  1.005212E-08  5.371975E-11
   8.690001E+02  1.001665E-08  5.362047E-11
   8.710001E+02  9.988320E-09  5.354961E-11
   8.730001E+02  9.964540E-09  5.347109E-11
   8.750001E+02  9.940632E-09  5.340443E-11
   8.770001E+02  9.909817E-09  5.333350E-11
   8.790001E+02  9.862925E-09  5.321059E-11
   8.810001E+02  9.850956E-09  5.316771E-11
   8.830001E+02  9.776750E-09  5.296703E-11
   8.850001E+02  9.757395E-09  5.292019E-11
   8.870001E+02  9.745807E-09  5.288120E-11
   8.890001E+02  9.711713E-09  5.279471E-11
   8.910001E+02  9.698916E-09  5.275808E-11
   8.930001E+02  9.651515E-09  5.263363E-11
   8.950001E+02  9.647026E-09  5.261582E-11
   8.970001E+02  9.634611E-09  5.258321E-11
   8.990001E+02  9.547035E-09  5.234073E-11
   9.010001E+02  9.539267E-09  5.231183E-11
   9.030001E+02  9.534747E-09  5.230899E-11
   9.050001E+02  9.490370E-09  5.219621E-11
   9.070001E+02  9.474708E-09  5.214034E-11
   9.090001E+02  9.425683E-09  5.201311E-11
   9.110001E+02  9.394326E-09  5.192103E-11
   9.130001E+02  9.353547E-09  5.182586E-11
   9.150001E+02  9.356730E-09  5.181663E-11
   9.170001E+02  9.312640E-09  5.169878E-11
   9.190001E+02  9.293094E-09  5.164140E-11
   9.210001E+02  9.260304E-09  5.156133E-11
   9.230001E+02  9.264825E-09  5.156103E-11
   9.250001E+02  9.190206E-09  5.136364E-11
   9.270001E+02  9.165248E-09  5.128594E-11
   9.290001E+02  9.155124E-09  5.125134E-11
   9.310001E+02  9.135355E-09  5.120318E-11
   9.330001E+02  9.070891E-09  5.101903E-11
   9.350001E+02  9.047811E-09  5.095928E-11
   9.370001E+02  9.048862E-09  5.096005E-11
   9.390001E+02  8.989905E-09  5.078861E-11
   9.410001E+02  8.970677E-09  5.073719E-11
   9.430001E+02  8.950876E-09  5.069311E-11
   9.450001E+02  8.938238E-09  5.063809E-11
   9.470001E+02  8.899814E-09  5.053498E-11
   9.490001E+02  8.875461E-09  5.046672E-11
   9.510001E+02  8.860690E-09  5.042371E-11
   9.530001E+02  8.815390E-09  5.029858E-11
   9.550001E+02  8.811188E-09  5.027801E-11
   9.570001E+02  8.820738E-09  5.031765E-11
   9.590001E+02  8.783524E-09  5.019295E-11
   9.610001E+02  8.726254E-09  5.003966E-11
   9.630001E+02  8.713680E-09  4.999138E-11
   9.650001E+02  8.666693E-09  4.986089E-11
   9.670001E+02  8.655678E-09  4.983281E-11
   9.690001E+02  8.630243E-09  4.975535E-11
   9.710001E+02  8.593856E-09  4.965546E-11
   9.730001E+02  8.539070E-09  4.949765E-11
   9.750001E+02  8.569790E-09  4.959525E-11
   9.770001E+02  8.498417E-09  4.937370E-11
   9.790001E+02  8.499150E-09  4.939002E-11
   9.810001E+02  8.461426E-09  4.927905E-11
   9.830001E+02  8.438442E-09  4.921741E-11
   9.850001E+02  8.392441E-09  4.906927E-11
   9.870001E+02  8.396866E-09  4.908802E-11
   9.890001E+02  8.377257E-09  4.903517E-11
   9.910001E+02  8.355386E-09  4.896658E-11
   9.930001E+02  8.359461E-09  4.897150E-11
   9.950001E+02  8.324571E-09  4.887302E-11
   9.970001E+02  8.273413E-09  4.872077E-11
   9.990001E+02  8.237314E-09  4.861787E-11
   1.001000E+03  8.221492E-09  4.856543E-11
   1.003000E+03  8.203315E-09  4.851638E-11
   1.005000E+03  8.177465E-09  4.843650E-11
   1.007000E+03  8.147764E-09  4.834838E-11
   1.009000E+03  8.104310E-09  4.822358E-11
   1.011000E+03  8.127581E-09  4.829189E-11
   1.013000E+03  8.063817E-09  4.809885E-11
   1.015000E+03  8.040101E-09  4.801584E-11
   1.017000E+03  8.026285E-09  4.799034E-11
   1.019000E+03  7.991617E-09  4.788609E-11
   1.021000E+03  7.945967E-09  4.774798E-11
   1.023000E+03  7.974936E-09  4.784077E-11
   1.025000E+03  7.898757E-09  4.760424E-11
   1.027000E+03  7.928427E-09  4.769328E-11
   1.029000E+03  7.857914E-09  4.747527E-11
   1.031000E+03  7.840246E-09  4.742698E-11
   1.033000E+03  7.844066E-09  4.743727E-11
   1.035000E+03  7.817867E-09  4.735950E-11
   1.037000E+03  7.777214E-09  4.723564E-11
   1.039000E+03  7.762857E-09  4.719745E-11
   1.041000E+03  7.727489E-09  4.708426E-11
   1.043000E+03  7.725325E-09  4.707153E-11
   1.045000E+03  7.715265E-09  4.705550E-11
   1.047000E+03  7.676013E-09  4.692593E-11
   1.049000E+03  7.626416E-09  4.677607E-11
   1.051000E+03  7.628676E-09  4.678196E-11
   1.053000E+03  7.609321E-09  4.672117E-11
   1.055000E+03  7.572043E-09  4.661253E-11
   1.057000E+03  7.592067E-09  4.668117E-11
   1.059000E+03  7.542310E-09  4.650512E-11
   1.061000E+03  7.537790E-09  4.650346E-11
   1.063000E+03  7.503822E-09  4.639383E-11
   1.065000E+03  7.482239E-09  4.632825E-11
   1.067000E+03  7.452219E-09  4.623921E-11
   1.069000E+03  7.430286E-09  4.617331E-11
   1.071000E+03  7.413541E-09  4.611343E-11
   1.073000E+03  7.380974E-09  4.601234E-11
   1.075000E+03  7.362829E-09  4.595942E-11
   1.077000E+03  7.322081E-09  4.583699E-11
   1.079000E+03  7.327111E-09  4.584642E-11
   1.081000E+03  7.285313E-09  4.571283E-11
   1.083000E+03  7.301803E-09  4.576309E-11
   1.085000E+03  7.238962E-09  4.557626E-11
   1.087000E+03  7.258286E-09  4.562650E-11
   1.089000E+03  7.242050E-09  4.558109E-11
   1.091000E+03  7.199997E-09  4.545153E-11
   1.093000E+03  7.168800E-09  4.534297E-11
   1.095000E+03  7.174976E-09  4.537319E-11
   1.097000E+03  7.160905E-09  4.533069E-11
   1.099000E+03  7.101216E-09  4.513337E-11
   1.101000E+03  7.071737E-09  4.504628E-11
   1.103000E+03  7.064511E-09  4.502103E-11
   1.105000E+03  7.034396E-09  4.492317E-11
   1.107000E+03  7.007719E-09  4.483396E-11
   1.109000E+03  7.008833E-09  4.484746E-11
   1.111000E+03  7.001829E-09  4.481955E-11
   1.113000E+03  6.951500E-09  4.465283E-11
   1.115000E+03  6.951691E-09  4.465487E-11
   1.117000E+03  6.938320E-09  4.461165E-11
   1.119000E+03  6.914254E-09  4.453671E-11
   1.121000E+03  6.871437E-09  4.439031E-11
   1.123000E+03  6.857493E-09  4.434027E-11
   1.125000E+03  6.834509E-09  4.427904E-11
   1.127000E+03  6.829288E-09  4.426351E-11
   1.129000E+03  6.828779E-09  4.425383E-11
   1.131000E+03  6.794303E-09  4.414887E-11
   1.133000E+03  6.766479E-09  4.405935E-11
   1.135000E+03  6.737001E-09  4.395702E-11
   1.137000E+03  6.712966E-09  4.387709E-11
   1.139000E+03  6.702143E-09  4.385551E-11
   1.141000E+03  6.693484E-09  4.381326E-11
   1.143000E+03  6.688040E-09  4.380807E-11
   1.145000E+03  6.634240E-09  4.362570E-11
   1.147000E+03  6.598745E-09  4.350476E-11
   1.149000E+03  6.590978E-09  4.347558E-11
   1.151000E+03  6.597185E-09  4.349253E-11
   1.153000E+03  6.545041E-09  4.332731E-11
   1.155000E+03  6.536318E-09  4.330371E-11
   1.157000E+03  6.531766E-09  4.328727E-11
   1.159000E+03  6.489968E-09  4.313952E-11
   1.161000E+03  6.497258E-09  4.316926E-11
   1.163000E+03  6.453741E-09  4.302368E-11
   1.165000E+03  6.446737E-09  4.300560E-11
   1.167000E+03  6.418182E-09  4.290337E-11
   1.169000E+03  6.398763E-09  4.284061E-11
   1.171000E+03  6.379503E-09  4.277638E-11
   1.173000E+03  6.352349E-09  4.268809E-11
   1.175000E+03  6.345982E-09  4.266835E-11
   1.177000E+03  6.337578E-09  4.264031E-11
   1.179000E+03  6.287439E-09  4.246577E-11
   1.181000E+03  6.272827E-09  4.240968E-11
   1.183000E+03  6.257292E-09  4.236677E-11
   1.185000E+03  6.250416E-09  4.234324E-11
   1.187000E+03  6.222338E-09  4.225048E-11
   1.189000E+03  6.222497E-09  4.225555E-11
   1.191000E+03  6.195502E-09  4.215133E-11
   1.193000E+03  6.168475E-09  4.206257E-11
   1.195000E+03  6.158320E-09  4.202125E-11
   1.197000E+03  6.145331E-09  4.199005E-11
   1.199000E+03  6.115439E-09  4.187357E-11
   1.201000E+03  6.090003E-09  4.179531E-11
   1.203000E+03  6.080644E-09  4.175884E-11
   1.205000E+03  6.056291E-09  4.167968E-11
   1.207000E+03  6.040660E-09  4.162473E-11
   1.209000E+03  6.042348E-09  4.163006E-11
   1.211000E+03  5.986033E-09  4.143132E-11
   1.213000E+03  5.981895E-09  4.142414E-11
   1.215000E+03  5.986192E-09  4.143076E-11
   1.217000E+03  5.940256E-09  4.126996E-11
   1.219000E+03  5.911573E-09  4.117621E-11
   1.221000E+03  5.922810E-09  4.121505E-11
   1.223000E+03  5.878211E-09  4.106403E-11
   1.225000E+03  5.851852E-09  4.097253E-11
   1.227000E+03  5.860543E-09  4.099894E-11
   1.229000E+03  5.857455E-09  4.099244E-11
   1.231000E+03  5.801713E-09  4.079256E-11
   1.233000E+03  5.790890E-09  4.075319E-11
   1.235000E+03  5.783695E-09  4.073141E-11
   1.237000E+03  5.762271E-09  4.064657E-11
   1.239000E+03  5.742088E-09  4.058344E-11
   1.241000E+03  5.728781E-09  4.053515E-11
   1.243000E+03  5.691440E-09  4.040195E-11
   1.245000E+03  5.702550E-09  4.044560E-11
   1.247000E+03  5.650533E-09  4.026226E-11
   1.249000E+03  5.664572E-09  4.030306E-11
   1.251000E+03  5.624238E-09  4.015893E-11
   1.253000E+03  5.630796E-09  4.019171E-11
   1.255000E+03  5.608257E-09  4.010608E-11
   1.257000E+03  5.575786E-09  3.999768E-11
   1.259000E+03  5.574449E-09  3.998083E-11
   1.261000E+03  5.562861E-09  3.993953E-11
   1.263000E+03  5.545607E-09  3.988596E-11
   1.265000E+03  5.503905E-09  3.972505E-11
   1.267000E+03  5.502408E-09  3.972520E-11
   1.269000E+03  5.489356E-09  3.967906E-11
   1.271000E+03  5.475158E-09  3.963106E-11
   1.273000E+03  5.453543E-09  3.954845E-11
   1.275000E+03  5.411586E-09  3.939426E-11
   1.277000E+03  5.401335E-09  3.936158E-11
   1.279000E+03  5.400062E-09  3.935906E-11
   1.281000E+03  5.375899E-09  3.926083E-11
   1.283000E+03  5.344925E-09  3.915480E-11
   1.285000E+03  5.331905E-09  3.910157E-11
   1.287000E+03  5.327671E-09  3.908731E-11
   1.289000E+03  5.310035E-09  3.901901E-11
   1.291000E+03  5.289788E-09  3.894876E-11
   1.293000E+03  5.283867E-09  3.892124E-11
   1.295000E+03  5.260182E-09  3.884196E-11
   1.297000E+03  5.211794E-09  3.865628E-11
   1.299000E+03  5.209948E-09  3.864641E-11
   1.301000E+03  5.184290E-09  3.855808E-11
   1.303000E+03  5.188428E-09  3.857716E-11
   1.305000E+03  5.170028E-09  3.850393E-11
   1.307000E+03  5.152392E-09  3.843932E-11
   1.309000E+03  5.137780E-09  3.838488E-11
   1.311000E+03  5.097414E-09  3.823689E-11
   1.313000E+03  5.106646E-09  3.826508E-11
   1.315000E+03  5.080415E-09  3.817874E-11
   1.317000E+03  5.063129E-09  3.809790E-11
   1.319000E+03  5.060709E-09  3.809986E-11
   1.321000E+03  5.031868E-09  3.797743E-11
   1.323000E+03  5.044378E-09  3.802818E-11
   1.325000E+03  5.006814E-09  3.788956E-11
   1.327000E+03  4.962246E-09  3.771696E-11
   1.329000E+03  4.983575E-09  3.779940E-11
   1.331000E+03  4.963424E-09  3.772746E-11
   1.333000E+03  4.920639E-09  3.755213E-11
   1.335000E+03  4.940949E-09  3.764295E-11
   1.337000E+03  4.899883E-09  3.748301E-11
   1.339000E+03  4.889728E-09  3.744584E-11
   1.341000E+03  4.867540E-09  3.735836E-11
   1.343000E+03  4.869864E-09  3.736186E-11
   1.345000E+03  4.848312E-09  3.728322E-11
   1.347000E+03  4.806195E-09  3.712382E-11
   1.349000E+03  4.822112E-09  3.718121E-11
   1.351000E+03  4.793653E-09  3.708154E-11
   1.353000E+03  4.785949E-09  3.705167E-11
   1.355000E+03  4.749944E-09  3.690425E-11
   1.357000E+03  4.736829E-09  3.685231E-11
   1.359000E+03  4.732213E-09  3.683767E-11
   1.361000E+03  4.707828E-09  3.674642E-11
   1.363000E+03  4.704358E-09  3.672799E-11
   1.365000E+03  4.686785E-09  3.665698E-11
   1.367000E+03  4.658548E-09  3.654551E-11
   1.369000E+03  4.643363E-09  3.648223E-11
   1.371000E+03  4.627956E-09  3.642622E-11
   1.373000E+03  4.617705E-09  3.638232E-11
   1.375000E+03  4.599337E-09  3.632233E-11
   1.377000E+03  4.581510E-09  3.624650E-11
   1.379000E+03  4.560308E-09  3.616680E-11
   1.381000E+03  4.554037E-09  3.614030E-11
   1.383000E+03  4.517905E-09  3.598987E-11
   1.385000E+03  4.511188E-09  3.596173E-11
   1.387000E+03  4.511029E-09  3.596084E-11
   1.389000E+03  4.485402E-09  3.586113E-11
   1.391000E+03  4.479163E-09  3.584242E-11
   1.393000E+03  4.445387E-09  3.569886E-11
   1.395000E+03  4.428419E-09  3.563383E-11
   1.397000E+03  4.423071E-09  3.560526E-11
   1.399000E+03  4.406231E-09  3.554185E-11
   1.401000E+03  4.373569E-09  3.541829E-11
   1.403000E+03  4.390186E-09  3.548179E-11
   1.405000E+03  4.360103E-09  3.536043E-11
   1.407000E+03  4.330338E-09  3.523759E-11
   1.409000E+03  4.339379E-09  3.527494E-11
   1.411000E+03  4.320247E-09  3.519414E-11
   1.413000E+03  4.291819E-09  3.507642E-11
   1.415000E+03  4.305730E-09  3.513527E-11
   1.417000E+03  4.267688E-09  3.497634E-11
   1.419000E+03  4.250975E-09  3.490891E-11
   1.421000E+03  4.223375E-09  3.479911E-11
   1.423000E+03  4.225381E-09  3.480366E-11
   1.425000E+03  4.207585E-09  3.473303E-11
   1.427000E+03  4.172250E-09  3.458313E-11
   1.429000E+03  4.175911E-09  3.460456E-11
   1.431000E+03  4.174828E-09  3.459904E-11
   1.433000E+03  4.144427E-09  3.447269E-11
   1.435000E+03  4.152162E-09  3.450812E-11
   1.437000E+03  4.096261E-09  3.426909E-11
   1.439000E+03  4.093365E-09  3.425330E-11
   1.441000E+03  4.085565E-09  3.422454E-11
   1.443000E+03  4.067420E-09  3.414749E-11
   1.445000E+03  4.057838E-09  3.411145E-11
   1.447000E+03  4.024093E-09  3.396574E-11
   1.449000E+03  4.022438E-09  3.396121E-11
   1.451000E+03  4.022661E-09  3.396751E-11
   1.453000E+03  3.977488E-09  3.376754E-11
   1.455000E+03  3.983505E-09  3.379970E-11
   1.457000E+03  3.973159E-09  3.374736E-11
   1.459000E+03  3.953963E-09  3.367451E-11
   1.461000E+03  3.949952E-09  3.365263E-11
   1.463000E+03  3.935658E-09  3.359605E-11
   1.465000E+03  3.898380E-09  3.343219E-11
   1.467000E+03  3.884596E-09  3.337851E-11
   1.469000E+03  3.857601E-09  3.325771E-11
   1.471000E+03  3.857983E-09  3.326346E-11
   1.473000E+03  3.856104E-09  3.325156E-11
   1.475000E+03  3.848623E-09  3.322054E-11
   1.477000E+03  3.817394E-09  3.308421E-11
   1.479000E+03  3.791959E-09  3.297571E-11
   1.481000E+03  3.802655E-09  3.301699E-11
   1.483000E+03  3.776392E-09  3.290690E-11
   1.485000E+03  3.758883E-09  3.282228E-11
   1.487000E+03  3.730614E-09  3.270556E-11
   1.489000E+03  3.709381E-09  3.261111E-11
   1.491000E+03  3.699608E-09  3.256832E-11
   1.493000E+03  3.703651E-09  3.258015E-11
   1.495000E+03  3.676846E-09  3.246478E-11
   1.497000E+03  3.650870E-09  3.235518E-11
   1.499000E+03  3.658382E-09  3.238549E-11
   1.501000E+03  3.656218E-09  3.237482E-11
   1.503000E+03  3.616202E-09  3.219511E-11
   1.505000E+03  3.615884E-09  3.220021E-11
   1.507000E+03  3.603660E-09  3.214117E-11
   1.509000E+03  3.569565E-09  3.198771E-11
   1.511000E+03  3.542124E-09  3.186818E-11
   1.513000E+03  3.562371E-09  3.196329E-11
   1.515000E+03  3.544034E-09  3.187588E-11
   1.517000E+03  3.521050E-09  3.177653E-11
   1.519000E+03  3.512486E-09  3.172769E-11
   1.521000E+03  3.500899E-09  3.167984E-11
   1.523000E+03  3.462889E-09  3.150725E-11
   1.525000E+03  3.463589E-09  3.151795E-11
   1.527000E+03  3.461074E-09  3.150801E-11
   1.529000E+03  3.442165E-09  3.140974E-11
   1.531000E+03  3.428540E-09  3.134311E-11
   1.533000E+03  3.434238E-09  3.137602E-11
   1.535000E+03  3.390530E-09  3.117917E-11
   1.537000E+03  3.381330E-09  3.113175E-11
   1.539000E+03  3.373180E-09  3.109876E-11
   1.541000E+03  3.354557E-09  3.100551E-11
   1.543000E+03  3.341855E-09  3.094904E-11
   1.545000E+03  3.331987E-09  3.090643E-11
   1.547000E+03  3.326861E-09  3.087980E-11
   1.549000E+03  3.281307E-09  3.066698E-11
   1.551000E+03  3.279301E-09  3.066240E-11
   1.553000E+03  3.280766E-09  3.066892E-11
   1.555000E+03  3.246767E-09  3.050666E-11
   1.557000E+03  3.238617E-09  3.047448E-11
   1.559000E+03  3.218912E-09  3.037512E-11
   1.561000E+03  3.222032E-09  3.038918E-11
   1.563000E+03  3.198442E-09  3.027514E-11
   1.565000E+03  3.176254E-09  3.017092E-11
   1.567000E+03  3.161610E-09  3.010063E-11
   1.569000E+03  3.163934E-09  3.011740E-11
   1.571000E+03  3.155625E-09  3.008041E-11
   1.573000E+03  3.128471E-09  2.994424E-11
   1.575000E+03  3.112681E-09  2.987801E-11
   1.577000E+03  3.096159E-09  2.979129E-11
   1.579000E+03  3.079446E-09  2.971322E-11
   1.581000E+03  3.067954E-09  2.965579E-11
   1.583000E+03  3.061333E-09  2.963097E-11
   1.585000E+03  3.045575E-09  2.954660E-11
   1.587000E+03  3.042328E-09  2.953430E-11
   1.589000E+03  3.026888E-09  2.945986E-11
   1.591000E+03  2.990661E-09  2.928341E-11
   1.593000E+03  2.994258E-09  2.930126E-11
   1.595000E+03  2.995468E-09  2.930218E-11
   1.597000E+03  2.964843E-09  2.915974E-11
   1.599000E+03  2.959431E-09  2.912884E-11
   1.601000E+03  2.946475E-09  2.906179E-11
   1.603000E+03  2.927311E-09  2.897093E-11
   1.605000E+03  2.900602E-09  2.883295E-11
   1.607000E+03  2.898628E-09  2.882823E-11
   1.609000E+03  2.889778E-09  2.878499E-11
   1.611000E+03  2.877013E-09  2.871841E-11
   1.613000E+03  2.849667E-09  2.858049E-11
   1.615000E+03  2.841104E-09  2.853702E-11
   1.617000E+03  2.822672E-09  2.844077E-11
   1.619000E+03  2.807360E-09  2.836859E-11
   1.621000E+03  2.794276E-09  2.830006E-11
   1.623000E+03  2.783293E-09  2.824263E-11
   1.625000E+03  2.769382E-09  2.817639E-11
   1.627000E+03  2.782306E-09  2.823732E-11
   1.629000E+03  2.742291E-09  2.803449E-11
   1.631000E+03  2.744137E-09  2.804552E-11
   1.633000E+03  2.717492E-09  2.790948E-11
   1.635000E+03  2.699410E-09  2.781776E-11
   1.637000E+03  2.681487E-09  2.772326E-11
   1.639000E+03  2.700333E-09  2.781889E-11
   1.641000E+03  2.664679E-09  2.763487E-11
   1.643000E+03  2.637238E-09  2.749132E-11
   1.645000E+03  2.653569E-09  2.757671E-11
   1.647000E+03  2.626319E-09  2.743784E-11
   1.649000E+03  2.613076E-09  2.737447E-11
   1.651000E+03  2.605499E-09  2.732922E-11
   1.653000E+03  2.584903E-09  2.722435E-11
   1.655000E+03  2.574174E-09  2.716598E-11
   1.657000E+03  2.563510E-09  2.710748E-11
   1.659000E+03  2.540812E-09  2.698995E-11
   1.661000E+03  2.527315E-09  2.691942E-11
   1.663000E+03  2.516236E-09  2.685716E-11
   1.665000E+03  2.505604E-09  2.680088E-11
   1.667000E+03  2.512766E-09  2.683904E-11
   1.669000E+03  2.478163E-09  2.665555E-11
   1.671000E+03  2.459444E-09  2.655330E-11
   1.673000E+03  2.447761E-09  2.649036E-11
   1.675000E+03  2.435855E-09  2.642779E-11
   1.677000E+03  2.430157E-09  2.639350E-11
   1.679000E+03  2.409210E-09  2.627985E-11
   1.681000E+03  2.393961E-09  2.619159E-11
   1.683000E+03  2.390587E-09  2.617526E-11
   1.685000E+03  2.380145E-09  2.611889E-11
   1.687000E+03  2.362605E-09  2.601995E-11
   1.689000E+03  2.340480E-09  2.590097E-11
   1.691000E+03  2.328542E-09  2.583114E-11
   1.693000E+03  2.334718E-09  2.587515E-11
   1.695000E+03  2.315999E-09  2.576484E-11
   1.697000E+03  2.279613E-09  2.556328E-11
   1.699000E+03  2.281618E-09  2.557057E-11
   1.701000E+03  2.277448E-09  2.555618E-11
   1.703000E+03  2.257424E-09  2.543643E-11
   1.705000E+03  2.241667E-09  2.534701E-11
   1.707000E+03  2.242303E-09  2.534916E-11
   1.709000E+03  2.220019E-09  2.522683E-11
   1.711000E+03  2.211265E-09  2.517754E-11
   1.713000E+03  2.192960E-09  2.507051E-11
   1.715000E+03  2.178157E-09  2.499473E-11
   1.717000E+03  2.154505E-09  2.485434E-11
   1.719000E+03  2.145496E-09  2.479953E-11
   1.721000E+03  2.141548E-09  2.477787E-11
   1.723000E+03  2.131679E-09  2.472088E-11
   1.725000E+03  2.115508E-09  2.462461E-11
   1.727000E+03  2.109778E-09  2.459095E-11
   1.729000E+03  2.108950E-09  2.458651E-11
   1.731000E+03  2.079599E-09  2.441863E-11
   1.733000E+03  2.057124E-09  2.428145E-11
   1.735000E+03  2.053909E-09  2.426665E-11
   1.737000E+03  2.041780E-09  2.419359E-11
   1.739000E+03  2.024175E-09  2.408670E-11
   1.741000E+03  2.012683E-09  2.401384E-11
   1.743000E+03  2.000300E-09  2.395143E-11
   1.745000E+03  1.987439E-09  2.386691E-11
   1.747000E+03  1.978939E-09  2.381173E-11
   1.749000E+03  1.953185E-09  2.366316E-11
   1.751000E+03  1.953440E-09  2.367009E-11
   1.753000E+03  1.942107E-09  2.358994E-11
   1.755000E+03  1.909732E-09  2.339486E-11
   1.757000E+03  1.908395E-09  2.339098E-11
   1.759000E+03  1.909541E-09  2.339408E-11
   1.761000E+03  1.877738E-09  2.319852E-11
   1.763000E+03  1.866947E-09  2.313152E-11
   1.765000E+03  1.848228E-09  2.301632E-11
   1.767000E+03  1.854563E-09  2.305604E-11
   1.769000E+03  1.835494E-09  2.293430E-11
   1.771000E+03  1.825594E-09  2.287528E-11
   1.773000E+03  1.805889E-09  2.274817E-11
   1.775000E+03  1.792359E-09  2.266458E-11
   1.777000E+03  1.788634E-09  2.264228E-11
   1.779000E+03  1.773004E-09  2.254619E-11
   1.781000E+03  1.754954E-09  2.243386E-11
   1.783000E+03  1.750911E-09  2.239953E-11
   1.785000E+03  1.734930E-09  2.230014E-11
   1.787000E+03  1.719045E-09  2.219722E-11
   1.789000E+03  1.703828E-09  2.209526E-11
   1.791000E+03  1.689089E-09  2.200132E-11
   1.793000E+03  1.669575E-09  2.187495E-11
   1.795000E+03  1.661170E-09  2.182203E-11
   1.797000E+03  1.657860E-09  2.179781E-11
   1.799000E+03  1.647227E-09  2.172584E-11
   1.801000E+03  1.629527E-09  2.160860E-11
   1.803000E+03  1.615106E-09  2.151676E-11
   1.805000E+03  1.610140E-09  2.148415E-11
   1.807000E+03  1.590148E-09  2.134681E-11
   1.809000E+03  1.581617E-09  2.129215E-11
   1.811000E+03  1.580057E-09  2.128209E-11
   1.813000E+03  1.547459E-09  2.105929E-11
   1.815000E+03  1.544180E-09  2.103658E-11
   1.817000E+03  1.525175E-09  2.090216E-11
   1.819000E+03  1.516134E-09  2.084502E-11
   1.821000E+03  1.498625E-09  2.072234E-11
   1.823000E+03  1.500090E-09  2.073112E-11
   1.825000E+03  1.474336E-09  2.055755E-11
   1.827000E+03  1.456222E-09  2.043336E-11
   1.829000E+03  1.452880E-09  2.040772E-11
   1.831000E+03  1.449983E-09  2.038382E-11
   1.833000E+03  1.412768E-09  2.012189E-11
   1.835000E+03  1.411559E-09  2.011147E-11
   1.837000E+03  1.395419E-09  1.999817E-11
   1.839000E+03  1.392267E-09  1.997562E-11
   1.841000E+03  1.366259E-09  1.978895E-11
   1.843000E+03  1.358969E-09  1.973572E-11
   1.845000E+03  1.336398E-09  1.957190E-11
   1.847000E+03  1.332196E-09  1.954490E-11
   1.849000E+03  1.321182E-09  1.946036E-11
   1.851000E+03  1.314847E-09  1.941327E-11
   1.853000E+03  1.300267E-09  1.930316E-11
   1.855000E+03  1.290907E-09  1.923510E-11
   1.857000E+03  1.271106E-09  1.908726E-11
   1.859000E+03  1.258182E-09  1.898918E-11
   1.861000E+03  1.249841E-09  1.892479E-11
   1.863000E+03  1.230168E-09  1.877547E-11
   1.865000E+03  1.220044E-09  1.869671E-11
   1.867000E+03  1.205687E-09  1.858750E-11
   1.869000E+03  1.194036E-09  1.849760E-11
   1.871000E+03  1.178501E-09  1.837903E-11
   1.873000E+03  1.180093E-09  1.839290E-11
   1.875000E+03  1.174140E-09  1.834156E-11
   1.877000E+03  1.152492E-09  1.817593E-11
   1.879000E+03  1.128521E-09  1.798217E-11
   1.881000E+03  1.126102E-09  1.796901E-11
   1.883000E+03  1.103531E-09  1.778427E-11
   1.885000E+03  1.087582E-09  1.765599E-11
   1.887000E+03  1.068832E-09  1.750129E-11
   1.889000E+03  1.060301E-09  1.743401E-11
   1.891000E+03  1.048968E-09  1.733758E-11
   1.893000E+03  1.046453E-09  1.731629E-11
   1.895000E+03  1.033592E-09  1.721233E-11
   1.897000E+03  1.002299E-09  1.694532E-11
   1.899000E+03  9.988288E-10  1.691923E-11
   1.901000E+03  9.772134E-10  1.673267E-11
   1.903000E+03  9.798557E-10  1.675689E-11
   1.905000E+03  9.623150E-10  1.661026E-11
   1.907000E+03  9.434374E-10  1.644126E-11
   1.909000E+03  9.228725E-10  1.626295E-11
   1.911000E+03  9.286026E-10  1.631497E-11
   1.913000E+03  9.088018E-10  1.613978E-11
   1.915000E+03  9.004612E-10  1.606394E-11
   1.917000E+03  8.911975E-10  1.598462E-11
   1.919000E+03  8.613371E-10  1.571034E-11
   1.921000E+03  8.596817E-10  1.569641E-11
   1.923000E+03  8.299167E-10  1.542025E-11
   1.925000E+03  8.242502E-10  1.536637E-11
   1.927000E+03  8.147955E-10  1.527865E-11
   1.929000E+03  8.098612E-10  1.523295E-11
   1.931000E+03  7.870679E-10  1.501725E-11
   1.933000E+03  7.657709E-10  1.481225E-11
   1.935000E+03  7.537376E-10  1.469551E-11
   1.937000E+03  7.503631E-10  1.466633E-11
   1.939000E+03  7.330772E-10  1.449790E-11
   1.941000E+03  7.116528E-10  1.427969E-11
   1.943000E+03  6.936347E-10  1.409920E-11
   1.945000E+03  7.002243E-10  1.416273E-11
   1.947000E+03  6.749162E-10  1.390785E-11
   1.949000E+03  6.519637E-10  1.367022E-11
   1.951000E+03  6.458197E-10  1.360305E-11
   1.953000E+03  6.200977E-10  1.333097E-11
   1.955000E+03  6.158001E-10  1.328748E-11
   1.957000E+03  5.953308E-10  1.305879E-11
   1.959000E+03  5.711368E-10  1.279294E-11
   1.961000E+03  5.515588E-10  1.257047E-11
   1.963000E+03  5.390798E-10  1.242606E-11
   1.965000E+03  5.095695E-10  1.208427E-11
   1.967000E+03  4.934933E-10  1.189151E-11
   1.969000E+03  4.704453E-10  1.161382E-11
   1.971000E+03  4.617864E-10  1.150736E-11
   1.973000E+03  4.253363E-10  1.103954E-11
   1.975000E+03  4.247633E-10  1.103211E-11
   1.977000E+03  4.084642E-10  1.081849E-11
   1.979000E+03  3.844931E-10  1.049641E-11
   1.981000E+03  3.677165E-10  1.026587E-11
   1.983000E+03  3.486160E-10  9.994970E-12
   1.985000E+03  3.425038E-10  9.907012E-12
   1.987000E+03  3.244220E-10  9.641155E-12
   1.989000E+03  3.116247E-10  9.450121E-12
   1.991000E+03  3.061492E-10  9.364830E-12
   1.993000E+03  2.919511E-10  9.145134E-12
   1.995000E+03  2.759067E-10  8.890331E-12
   1.997000E+03  2.658790E-10  8.727300E-12
   1.999000E+03  2.521903E-10  8.500774E-12
