 #  Results from PENEPMA. Output from photon detector #  1
 #
 #  Angular intervals : theta_1 = 5.000000E+01,  theta_2 = 6.000000E+01
 #                        phi_1 = 0.000000E+00,    phi_2 = 3.600000E+02
 #  Energy window = ( 0.00000E+00, 2.00000E+04) eV, no. of channels =  1000
 #  Channel width = 2.000000E+01 eV
 #
 #  Whole spectrum. Characteristic peaks and background.
 #  1st column: photon energy (eV).
 #  2nd column: probability density (1/(eV*sr*electron)).
 #  3rd column: statistical uncertainty (3 sigma).
 #
   1.000000E+01  1.000000E-35  1.000000E-35
   3.000000E+01  1.000000E-35  1.000000E-35
   5.000001E+01  9.761462E-08  7.624645E-10
   7.000001E+01  1.774395E-07  2.416577E-09
   9.000001E+01  6.896873E-08  2.486177E-09
   1.100000E+02  7.765356E-08  5.857872E-10
   1.300000E+02  8.103177E-08  1.210526E-09
   1.500000E+02  7.340184E-08  1.323502E-09
   1.700000E+02  5.763736E-08  4.807881E-10
   1.900000E+02  5.027781E-08  4.454329E-10
   2.100000E+02  5.002233E-08  1.226703E-09
   2.300000E+02  4.044218E-08  4.492878E-10
   2.500000E+02  4.172079E-08  1.225321E-09
   2.700000E+02  3.356348E-08  3.636982E-10
   2.900000E+02  3.095497E-08  2.680419E-10
   3.100000E+02  3.335475E-08  1.109395E-09
   3.300000E+02  2.705167E-08  2.506886E-10
   3.500000E+02  2.567944E-08  3.268367E-10
   3.700000E+02  2.429143E-08  3.143980E-10
   3.900000E+02  2.291416E-08  2.473424E-10
   4.100000E+02  2.176423E-08  2.141677E-10
   4.300000E+02  2.086102E-08  2.603310E-10
   4.500000E+02  1.996314E-08  2.449213E-10
   4.700000E+02  1.888374E-08  1.225355E-10
   4.900000E+02  1.820986E-08  1.720194E-10
   5.100001E+02  1.738974E-08  8.362963E-11
   5.300001E+02  1.444902E-07  5.747634E-09
   5.500001E+02  1.586763E-08  7.987049E-11
   5.700001E+02  4.846797E-07  1.101848E-08
   5.900001E+02  1.483514E-08  1.156916E-10
   6.100001E+02  1.427137E-08  7.573338E-11
   6.300001E+02  1.382994E-08  7.455889E-11
   6.500001E+02  1.336995E-08  7.329983E-11
   6.700001E+02  1.295665E-08  7.214752E-11
   6.900001E+02  1.252440E-08  7.095030E-11
   7.100001E+02  4.764820E-08  3.033326E-09
   7.300001E+02  3.074809E-08  2.324049E-09
   7.500001E+02  1.637115E-08  1.420624E-09
   7.700001E+02  9.215899E-09  6.084054E-11
   7.900001E+02  9.191509E-09  6.076089E-11
   8.100001E+02  9.015648E-09  6.017834E-11
   8.300001E+02  1.161256E-08  8.469034E-10
   8.500001E+02  8.706999E-09  5.914232E-11
   8.700001E+02  8.454176E-09  5.827797E-11
   8.900001E+02  8.249243E-09  5.756503E-11
   9.100001E+02  3.525307E-08  2.649751E-09
   9.300001E+02  7.900820E-09  5.633570E-11
   9.500001E+02  8.813278E-09  5.344185E-10
   9.700001E+02  1.750112E-08  1.604769E-09
   9.900001E+02  7.351254E-09  5.433513E-11
   1.010000E+03  7.959103E-09  4.906370E-10
   1.030000E+03  8.651444E-09  6.809606E-10
   1.050000E+03  6.724682E-09  5.196765E-11
   1.070000E+03  6.527774E-09  5.120937E-11
   1.090000E+03  6.384152E-09  5.063032E-11
   1.110000E+03  6.207577E-09  4.992394E-11
   1.130000E+03  6.017715E-09  4.915700E-11
   1.150000E+03  5.871060E-09  4.855183E-11
   1.170000E+03  6.056409E-09  3.024982E-10
   1.190000E+03  5.528300E-09  4.712019E-11
   1.210000E+03  5.426279E-09  4.668513E-11
   1.230000E+03  5.248545E-09  4.590198E-11
   1.250000E+03  5.102069E-09  4.525649E-11
   1.270000E+03  4.968835E-09  4.466531E-11
   1.290000E+03  4.841666E-09  4.409162E-11
   1.310000E+03  4.693941E-09  4.341739E-11
   1.330000E+03  4.519729E-09  4.259446E-11
   1.350000E+03  4.393006E-09  4.200207E-11
   1.370000E+03  4.245637E-09  4.128353E-11
   1.390000E+03  4.115391E-09  4.064843E-11
   1.410000E+03  3.999236E-09  4.006646E-11
   1.430000E+03  3.831088E-09  3.921145E-11
   1.450000E+03  3.706238E-09  3.857559E-11
   1.470000E+03  3.574832E-09  3.788591E-11
   1.490000E+03  3.435401E-09  3.714110E-11
   1.510000E+03  3.321252E-09  3.651491E-11
   1.530000E+03  3.169692E-09  3.567742E-11
   1.550000E+03  3.068518E-09  3.510004E-11
   1.570000E+03  2.933233E-09  3.431503E-11
   1.590000E+03  2.807892E-09  3.357145E-11
   1.610000E+03  2.684201E-09  3.282756E-11
   1.630000E+03  2.560866E-09  3.206356E-11
   1.650000E+03  2.418759E-09  3.116039E-11
   1.670000E+03  2.292437E-09  3.033693E-11
   1.690000E+03  2.203124E-09  2.974074E-11
   1.710000E+03  2.079834E-09  2.889152E-11
   1.730000E+03  1.971571E-09  2.813519E-11
   1.750000E+03  1.822330E-09  2.704750E-11
   1.770000E+03  1.706219E-09  2.616697E-11
   1.790000E+03  1.587878E-09  2.524082E-11
   1.810000E+03  1.479748E-09  2.437884E-11
   1.830000E+03  1.357573E-09  2.334123E-11
   1.850000E+03  1.233926E-09  2.225401E-11
   1.870000E+03  1.118707E-09  2.119064E-11
   1.890000E+03  9.917159E-10  1.994938E-11
   1.910000E+03  8.773883E-10  1.876892E-11
   1.930000E+03  7.406768E-10  1.724237E-11
   1.950000E+03  6.053476E-10  1.558559E-11
   1.970000E+03  4.372450E-10  1.324674E-11
   1.990000E+03  2.855514E-10  1.070928E-11
   2.010000E+03  1.000000E-35  1.000000E-35
   2.030000E+03  1.000000E-35  1.000000E-35
   2.050000E+03  1.000000E-35  1.000000E-35
   2.070000E+03  1.000000E-35  1.000000E-35
   2.090000E+03  1.000000E-35  1.000000E-35
   2.110000E+03  1.000000E-35  1.000000E-35
   2.130000E+03  1.000000E-35  1.000000E-35
   2.150000E+03  1.000000E-35  1.000000E-35
   2.170000E+03  1.000000E-35  1.000000E-35
   2.190000E+03  1.000000E-35  1.000000E-35
   2.210000E+03  1.000000E-35  1.000000E-35
   2.230000E+03  1.000000E-35  1.000000E-35
   2.250000E+03  1.000000E-35  1.000000E-35
   2.270000E+03  1.000000E-35  1.000000E-35
   2.290000E+03  1.000000E-35  1.000000E-35
   2.310000E+03  1.000000E-35  1.000000E-35
   2.330000E+03  1.000000E-35  1.000000E-35
   2.350000E+03  1.000000E-35  1.000000E-35
   2.370000E+03  1.000000E-35  1.000000E-35
   2.390000E+03  1.000000E-35  1.000000E-35
   2.410000E+03  1.000000E-35  1.000000E-35
   2.430000E+03  1.000000E-35  1.000000E-35
   2.450000E+03  1.000000E-35  1.000000E-35
   2.470000E+03  1.000000E-35  1.000000E-35
   2.490000E+03  1.000000E-35  1.000000E-35
   2.510000E+03  1.000000E-35  1.000000E-35
   2.530000E+03  1.000000E-35  1.000000E-35
   2.550000E+03  1.000000E-35  1.000000E-35
   2.570000E+03  1.000000E-35  1.000000E-35
   2.590000E+03  1.000000E-35  1.000000E-35
   2.610000E+03  1.000000E-35  1.000000E-35
   2.630000E+03  1.000000E-35  1.000000E-35
   2.650000E+03  1.000000E-35  1.000000E-35
   2.670000E+03  1.000000E-35  1.000000E-35
   2.690000E+03  1.000000E-35  1.000000E-35
   2.710000E+03  1.000000E-35  1.000000E-35
   2.730000E+03  1.000000E-35  1.000000E-35
   2.750000E+03  1.000000E-35  1.000000E-35
   2.770000E+03  1.000000E-35  1.000000E-35
   2.790000E+03  1.000000E-35  1.000000E-35
   2.810000E+03  1.000000E-35  1.000000E-35
   2.830000E+03  1.000000E-35  1.000000E-35
   2.850000E+03  1.000000E-35  1.000000E-35
   2.870000E+03  1.000000E-35  1.000000E-35
   2.890000E+03  1.000000E-35  1.000000E-35
   2.910000E+03  1.000000E-35  1.000000E-35
   2.930000E+03  1.000000E-35  1.000000E-35
   2.950000E+03  1.000000E-35  1.000000E-35
   2.970000E+03  1.000000E-35  1.000000E-35
   2.990000E+03  1.000000E-35  1.000000E-35
   3.010000E+03  1.000000E-35  1.000000E-35
   3.030000E+03  1.000000E-35  1.000000E-35
   3.050000E+03  1.000000E-35  1.000000E-35
   3.070000E+03  1.000000E-35  1.000000E-35
   3.090000E+03  1.000000E-35  1.000000E-35
   3.110000E+03  1.000000E-35  1.000000E-35
   3.130000E+03  1.000000E-35  1.000000E-35
   3.150000E+03  1.000000E-35  1.000000E-35
   3.170000E+03  1.000000E-35  1.000000E-35
   3.190000E+03  1.000000E-35  1.000000E-35
   3.210000E+03  1.000000E-35  1.000000E-35
   3.230000E+03  1.000000E-35  1.000000E-35
   3.250000E+03  1.000000E-35  1.000000E-35
   3.270000E+03  1.000000E-35  1.000000E-35
   3.290000E+03  1.000000E-35  1.000000E-35
   3.310000E+03  1.000000E-35  1.000000E-35
   3.330000E+03  1.000000E-35  1.000000E-35
   3.350000E+03  1.000000E-35  1.000000E-35
   3.370000E+03  1.000000E-35  1.000000E-35
   3.390000E+03  1.000000E-35  1.000000E-35
   3.410000E+03  1.000000E-35  1.000000E-35
   3.430000E+03  1.000000E-35  1.000000E-35
   3.450000E+03  1.000000E-35  1.000000E-35
   3.470000E+03  1.000000E-35  1.000000E-35
   3.490000E+03  1.000000E-35  1.000000E-35
   3.510000E+03  1.000000E-35  1.000000E-35
   3.530000E+03  1.000000E-35  1.000000E-35
   3.550000E+03  1.000000E-35  1.000000E-35
   3.570000E+03  1.000000E-35  1.000000E-35
   3.590000E+03  1.000000E-35  1.000000E-35
   3.610000E+03  1.000000E-35  1.000000E-35
   3.630000E+03  1.000000E-35  1.000000E-35
   3.650000E+03  1.000000E-35  1.000000E-35
   3.670000E+03  1.000000E-35  1.000000E-35
   3.690000E+03  1.000000E-35  1.000000E-35
   3.710000E+03  1.000000E-35  1.000000E-35
   3.730000E+03  1.000000E-35  1.000000E-35
   3.750000E+03  1.000000E-35  1.000000E-35
   3.770000E+03  1.000000E-35  1.000000E-35
   3.790000E+03  1.000000E-35  1.000000E-35
   3.810000E+03  1.000000E-35  1.000000E-35
   3.830000E+03  1.000000E-35  1.000000E-35
   3.850000E+03  1.000000E-35  1.000000E-35
   3.870000E+03  1.000000E-35  1.000000E-35
   3.890000E+03  1.000000E-35  1.000000E-35
   3.910000E+03  1.000000E-35  1.000000E-35
   3.930000E+03  1.000000E-35  1.000000E-35
   3.950000E+03  1.000000E-35  1.000000E-35
   3.970000E+03  1.000000E-35  1.000000E-35
   3.990000E+03  1.000000E-35  1.000000E-35
   4.010000E+03  1.000000E-35  1.000000E-35
   4.030000E+03  1.000000E-35  1.000000E-35
   4.050000E+03  1.000000E-35  1.000000E-35
   4.070000E+03  1.000000E-35  1.000000E-35
   4.090000E+03  1.000000E-35  1.000000E-35
   4.110000E+03  1.000000E-35  1.000000E-35
   4.130000E+03  1.000000E-35  1.000000E-35
   4.150000E+03  1.000000E-35  1.000000E-35
   4.170000E+03  1.000000E-35  1.000000E-35
   4.190000E+03  1.000000E-35  1.000000E-35
   4.210000E+03  1.000000E-35  1.000000E-35
   4.230000E+03  1.000000E-35  1.000000E-35
   4.250000E+03  1.000000E-35  1.000000E-35
   4.270000E+03  1.000000E-35  1.000000E-35
   4.290000E+03  1.000000E-35  1.000000E-35
   4.310000E+03  1.000000E-35  1.000000E-35
   4.330000E+03  1.000000E-35  1.000000E-35
   4.350000E+03  1.000000E-35  1.000000E-35
   4.370000E+03  1.000000E-35  1.000000E-35
   4.390000E+03  1.000000E-35  1.000000E-35
   4.410000E+03  1.000000E-35  1.000000E-35
   4.430000E+03  1.000000E-35  1.000000E-35
   4.450000E+03  1.000000E-35  1.000000E-35
   4.470000E+03  1.000000E-35  1.000000E-35
   4.490000E+03  1.000000E-35  1.000000E-35
   4.510000E+03  1.000000E-35  1.000000E-35
   4.530000E+03  1.000000E-35  1.000000E-35
   4.550000E+03  1.000000E-35  1.000000E-35
   4.570000E+03  1.000000E-35  1.000000E-35
   4.590000E+03  1.000000E-35  1.000000E-35
   4.610000E+03  1.000000E-35  1.000000E-35
   4.630000E+03  1.000000E-35  1.000000E-35
   4.650000E+03  1.000000E-35  1.000000E-35
   4.670000E+03  1.000000E-35  1.000000E-35
   4.690000E+03  1.000000E-35  1.000000E-35
   4.710000E+03  1.000000E-35  1.000000E-35
   4.730000E+03  1.000000E-35  1.000000E-35
   4.750000E+03  1.000000E-35  1.000000E-35
   4.770000E+03  1.000000E-35  1.000000E-35
   4.790000E+03  1.000000E-35  1.000000E-35
   4.810000E+03  1.000000E-35  1.000000E-35
   4.830000E+03  1.000000E-35  1.000000E-35
   4.850000E+03  1.000000E-35  1.000000E-35
   4.870000E+03  1.000000E-35  1.000000E-35
   4.890000E+03  1.000000E-35  1.000000E-35
   4.910000E+03  1.000000E-35  1.000000E-35
   4.930000E+03  1.000000E-35  1.000000E-35
   4.950000E+03  1.000000E-35  1.000000E-35
   4.970000E+03  1.000000E-35  1.000000E-35
   4.990000E+03  1.000000E-35  1.000000E-35
   5.010001E+03  1.000000E-35  1.000000E-35
   5.030001E+03  1.000000E-35  1.000000E-35
   5.050001E+03  1.000000E-35  1.000000E-35
   5.070001E+03  1.000000E-35  1.000000E-35
   5.090001E+03  1.000000E-35  1.000000E-35
   5.110001E+03  1.000000E-35  1.000000E-35
   5.130001E+03  1.000000E-35  1.000000E-35
   5.150001E+03  1.000000E-35  1.000000E-35
   5.170001E+03  1.000000E-35  1.000000E-35
   5.190001E+03  1.000000E-35  1.000000E-35
   5.210001E+03  1.000000E-35  1.000000E-35
   5.230001E+03  1.000000E-35  1.000000E-35
   5.250001E+03  1.000000E-35  1.000000E-35
   5.270001E+03  1.000000E-35  1.000000E-35
   5.290001E+03  1.000000E-35  1.000000E-35
   5.310001E+03  1.000000E-35  1.000000E-35
   5.330001E+03  1.000000E-35  1.000000E-35
   5.350001E+03  1.000000E-35  1.000000E-35
   5.370001E+03  1.000000E-35  1.000000E-35
   5.390001E+03  1.000000E-35  1.000000E-35
   5.410001E+03  1.000000E-35  1.000000E-35
   5.430001E+03  1.000000E-35  1.000000E-35
   5.450001E+03  1.000000E-35  1.000000E-35
   5.470001E+03  1.000000E-35  1.000000E-35
   5.490001E+03  1.000000E-35  1.000000E-35
   5.510001E+03  1.000000E-35  1.000000E-35
   5.530001E+03  1.000000E-35  1.000000E-35
   5.550001E+03  1.000000E-35  1.000000E-35
   5.570001E+03  1.000000E-35  1.000000E-35
   5.590001E+03  1.000000E-35  1.000000E-35
   5.610001E+03  1.000000E-35  1.000000E-35
   5.630001E+03  1.000000E-35  1.000000E-35
   5.650001E+03  1.000000E-35  1.000000E-35
   5.670001E+03  1.000000E-35  1.000000E-35
   5.690001E+03  1.000000E-35  1.000000E-35
   5.710001E+03  1.000000E-35  1.000000E-35
   5.730001E+03  1.000000E-35  1.000000E-35
   5.750001E+03  1.000000E-35  1.000000E-35
   5.770001E+03  1.000000E-35  1.000000E-35
   5.790001E+03  1.000000E-35  1.000000E-35
   5.810001E+03  1.000000E-35  1.000000E-35
   5.830001E+03  1.000000E-35  1.000000E-35
   5.850001E+03  1.000000E-35  1.000000E-35
   5.870001E+03  1.000000E-35  1.000000E-35
   5.890001E+03  1.000000E-35  1.000000E-35
   5.910001E+03  1.000000E-35  1.000000E-35
   5.930001E+03  1.000000E-35  1.000000E-35
   5.950001E+03  1.000000E-35  1.000000E-35
   5.970001E+03  1.000000E-35  1.000000E-35
   5.990001E+03  1.000000E-35  1.000000E-35
   6.010001E+03  1.000000E-35  1.000000E-35
   6.030001E+03  1.000000E-35  1.000000E-35
   6.050001E+03  1.000000E-35  1.000000E-35
   6.070001E+03  1.000000E-35  1.000000E-35
   6.090001E+03  1.000000E-35  1.000000E-35
   6.110001E+03  1.000000E-35  1.000000E-35
   6.130001E+03  1.000000E-35  1.000000E-35
   6.150001E+03  1.000000E-35  1.000000E-35
   6.170001E+03  1.000000E-35  1.000000E-35
   6.190001E+03  1.000000E-35  1.000000E-35
   6.210001E+03  1.000000E-35  1.000000E-35
   6.230001E+03  1.000000E-35  1.000000E-35
   6.250001E+03  1.000000E-35  1.000000E-35
   6.270001E+03  1.000000E-35  1.000000E-35
   6.290001E+03  1.000000E-35  1.000000E-35
   6.310001E+03  1.000000E-35  1.000000E-35
   6.330001E+03  1.000000E-35  1.000000E-35
   6.350001E+03  1.000000E-35  1.000000E-35
   6.370001E+03  1.000000E-35  1.000000E-35
   6.390001E+03  1.000000E-35  1.000000E-35
   6.410001E+03  1.000000E-35  1.000000E-35
   6.430001E+03  1.000000E-35  1.000000E-35
   6.450001E+03  1.000000E-35  1.000000E-35
   6.470001E+03  1.000000E-35  1.000000E-35
   6.490001E+03  1.000000E-35  1.000000E-35
   6.510001E+03  1.000000E-35  1.000000E-35
   6.530001E+03  1.000000E-35  1.000000E-35
   6.550001E+03  1.000000E-35  1.000000E-35
   6.570001E+03  1.000000E-35  1.000000E-35
   6.590001E+03  1.000000E-35  1.000000E-35
   6.610001E+03  1.000000E-35  1.000000E-35
   6.630001E+03  1.000000E-35  1.000000E-35
   6.650001E+03  1.000000E-35  1.000000E-35
   6.670001E+03  1.000000E-35  1.000000E-35
   6.690001E+03  1.000000E-35  1.000000E-35
   6.710001E+03  1.000000E-35  1.000000E-35
   6.730001E+03  1.000000E-35  1.000000E-35
   6.750001E+03  1.000000E-35  1.000000E-35
   6.770001E+03  1.000000E-35  1.000000E-35
   6.790001E+03  1.000000E-35  1.000000E-35
   6.810001E+03  1.000000E-35  1.000000E-35
   6.830001E+03  1.000000E-35  1.000000E-35
   6.850001E+03  1.000000E-35  1.000000E-35
   6.870001E+03  1.000000E-35  1.000000E-35
   6.890001E+03  1.000000E-35  1.000000E-35
   6.910001E+03  1.000000E-35  1.000000E-35
   6.930001E+03  1.000000E-35  1.000000E-35
   6.950001E+03  1.000000E-35  1.000000E-35
   6.970001E+03  1.000000E-35  1.000000E-35
   6.990001E+03  1.000000E-35  1.000000E-35
   7.010001E+03  1.000000E-35  1.000000E-35
   7.030001E+03  1.000000E-35  1.000000E-35
   7.050001E+03  1.000000E-35  1.000000E-35
   7.070001E+03  1.000000E-35  1.000000E-35
   7.090001E+03  1.000000E-35  1.000000E-35
   7.110001E+03  1.000000E-35  1.000000E-35
   7.130001E+03  1.000000E-35  1.000000E-35
   7.150001E+03  1.000000E-35  1.000000E-35
   7.170001E+03  1.000000E-35  1.000000E-35
   7.190001E+03  1.000000E-35  1.000000E-35
   7.210001E+03  1.000000E-35  1.000000E-35
   7.230001E+03  1.000000E-35  1.000000E-35
   7.250001E+03  1.000000E-35  1.000000E-35
   7.270001E+03  1.000000E-35  1.000000E-35
   7.290001E+03  1.000000E-35  1.000000E-35
   7.310001E+03  1.000000E-35  1.000000E-35
   7.330001E+03  1.000000E-35  1.000000E-35
   7.350001E+03  1.000000E-35  1.000000E-35
   7.370001E+03  1.000000E-35  1.000000E-35
   7.390001E+03  1.000000E-35  1.000000E-35
   7.410001E+03  1.000000E-35  1.000000E-35
   7.430001E+03  1.000000E-35  1.000000E-35
   7.450001E+03  1.000000E-35  1.000000E-35
   7.470001E+03  1.000000E-35  1.000000E-35
   7.490001E+03  1.000000E-35  1.000000E-35
   7.510001E+03  1.000000E-35  1.000000E-35
   7.530001E+03  1.000000E-35  1.000000E-35
   7.550001E+03  1.000000E-35  1.000000E-35
   7.570001E+03  1.000000E-35  1.000000E-35
   7.590001E+03  1.000000E-35  1.000000E-35
   7.610001E+03  1.000000E-35  1.000000E-35
   7.630001E+03  1.000000E-35  1.000000E-35
   7.650001E+03  1.000000E-35  1.000000E-35
   7.670001E+03  1.000000E-35  1.000000E-35
   7.690001E+03  1.000000E-35  1.000000E-35
   7.710001E+03  1.000000E-35  1.000000E-35
   7.730001E+03  1.000000E-35  1.000000E-35
   7.750001E+03  1.000000E-35  1.000000E-35
   7.770001E+03  1.000000E-35  1.000000E-35
   7.790001E+03  1.000000E-35  1.000000E-35
   7.810001E+03  1.000000E-35  1.000000E-35
   7.830001E+03  1.000000E-35  1.000000E-35
   7.850001E+03  1.000000E-35  1.000000E-35
   7.870001E+03  1.000000E-35  1.000000E-35
   7.890001E+03  1.000000E-35  1.000000E-35
   7.910001E+03  1.000000E-35  1.000000E-35
   7.930001E+03  1.000000E-35  1.000000E-35
   7.950001E+03  1.000000E-35  1.000000E-35
   7.970001E+03  1.000000E-35  1.000000E-35
   7.990001E+03  1.000000E-35  1.000000E-35
   8.010001E+03  1.000000E-35  1.000000E-35
   8.030001E+03  1.000000E-35  1.000000E-35
   8.050001E+03  1.000000E-35  1.000000E-35
   8.070001E+03  1.000000E-35  1.000000E-35
   8.090001E+03  1.000000E-35  1.000000E-35
   8.110001E+03  1.000000E-35  1.000000E-35
   8.130001E+03  1.000000E-35  1.000000E-35
   8.150001E+03  1.000000E-35  1.000000E-35
   8.170001E+03  1.000000E-35  1.000000E-35
   8.190001E+03  1.000000E-35  1.000000E-35
   8.210001E+03  1.000000E-35  1.000000E-35
   8.230001E+03  1.000000E-35  1.000000E-35
   8.250001E+03  1.000000E-35  1.000000E-35
   8.270001E+03  1.000000E-35  1.000000E-35
   8.290001E+03  1.000000E-35  1.000000E-35
   8.310001E+03  1.000000E-35  1.000000E-35
   8.330001E+03  1.000000E-35  1.000000E-35
   8.350001E+03  1.000000E-35  1.000000E-35
   8.370001E+03  1.000000E-35  1.000000E-35
   8.390001E+03  1.000000E-35  1.000000E-35
   8.410001E+03  1.000000E-35  1.000000E-35
   8.430001E+03  1.000000E-35  1.000000E-35
   8.450001E+03  1.000000E-35  1.000000E-35
   8.470001E+03  1.000000E-35  1.000000E-35
   8.490001E+03  1.000000E-35  1.000000E-35
   8.510001E+03  1.000000E-35  1.000000E-35
   8.530001E+03  1.000000E-35  1.000000E-35
   8.550001E+03  1.000000E-35  1.000000E-35
   8.570001E+03  1.000000E-35  1.000000E-35
   8.590001E+03  1.000000E-35  1.000000E-35
   8.610001E+03  1.000000E-35  1.000000E-35
   8.630001E+03  1.000000E-35  1.000000E-35
   8.650001E+03  1.000000E-35  1.000000E-35
   8.670001E+03  1.000000E-35  1.000000E-35
   8.690001E+03  1.000000E-35  1.000000E-35
   8.710001E+03  1.000000E-35  1.000000E-35
   8.730001E+03  1.000000E-35  1.000000E-35
   8.750001E+03  1.000000E-35  1.000000E-35
   8.770001E+03  1.000000E-35  1.000000E-35
   8.790001E+03  1.000000E-35  1.000000E-35
   8.810001E+03  1.000000E-35  1.000000E-35
   8.830001E+03  1.000000E-35  1.000000E-35
   8.850001E+03  1.000000E-35  1.000000E-35
   8.870001E+03  1.000000E-35  1.000000E-35
   8.890001E+03  1.000000E-35  1.000000E-35
   8.910001E+03  1.000000E-35  1.000000E-35
   8.930001E+03  1.000000E-35  1.000000E-35
   8.950001E+03  1.000000E-35  1.000000E-35
   8.970001E+03  1.000000E-35  1.000000E-35
   8.990001E+03  1.000000E-35  1.000000E-35
   9.010001E+03  1.000000E-35  1.000000E-35
   9.030001E+03  1.000000E-35  1.000000E-35
   9.050001E+03  1.000000E-35  1.000000E-35
   9.070001E+03  1.000000E-35  1.000000E-35
   9.090001E+03  1.000000E-35  1.000000E-35
   9.110001E+03  1.000000E-35  1.000000E-35
   9.130001E+03  1.000000E-35  1.000000E-35
   9.150001E+03  1.000000E-35  1.000000E-35
   9.170001E+03  1.000000E-35  1.000000E-35
   9.190001E+03  1.000000E-35  1.000000E-35
   9.210001E+03  1.000000E-35  1.000000E-35
   9.230001E+03  1.000000E-35  1.000000E-35
   9.250001E+03  1.000000E-35  1.000000E-35
   9.270001E+03  1.000000E-35  1.000000E-35
   9.290001E+03  1.000000E-35  1.000000E-35
   9.310001E+03  1.000000E-35  1.000000E-35
   9.330001E+03  1.000000E-35  1.000000E-35
   9.350001E+03  1.000000E-35  1.000000E-35
   9.370001E+03  1.000000E-35  1.000000E-35
   9.390001E+03  1.000000E-35  1.000000E-35
   9.410001E+03  1.000000E-35  1.000000E-35
   9.430001E+03  1.000000E-35  1.000000E-35
   9.450001E+03  1.000000E-35  1.000000E-35
   9.470001E+03  1.000000E-35  1.000000E-35
   9.490001E+03  1.000000E-35  1.000000E-35
   9.510001E+03  1.000000E-35  1.000000E-35
   9.530001E+03  1.000000E-35  1.000000E-35
   9.550001E+03  1.000000E-35  1.000000E-35
   9.570001E+03  1.000000E-35  1.000000E-35
   9.590001E+03  1.000000E-35  1.000000E-35
   9.610001E+03  1.000000E-35  1.000000E-35
   9.630001E+03  1.000000E-35  1.000000E-35
   9.650001E+03  1.000000E-35  1.000000E-35
   9.670001E+03  1.000000E-35  1.000000E-35
   9.690001E+03  1.000000E-35  1.000000E-35
   9.710001E+03  1.000000E-35  1.000000E-35
   9.730001E+03  1.000000E-35  1.000000E-35
   9.750001E+03  1.000000E-35  1.000000E-35
   9.770001E+03  1.000000E-35  1.000000E-35
   9.790001E+03  1.000000E-35  1.000000E-35
   9.810001E+03  1.000000E-35  1.000000E-35
   9.830001E+03  1.000000E-35  1.000000E-35
   9.850001E+03  1.000000E-35  1.000000E-35
   9.870001E+03  1.000000E-35  1.000000E-35
   9.890001E+03  1.000000E-35  1.000000E-35
   9.910001E+03  1.000000E-35  1.000000E-35
   9.930001E+03  1.000000E-35  1.000000E-35
   9.950001E+03  1.000000E-35  1.000000E-35
   9.970001E+03  1.000000E-35  1.000000E-35
   9.990001E+03  1.000000E-35  1.000000E-35
   1.001000E+04  1.000000E-35  1.000000E-35
   1.003000E+04  1.000000E-35  1.000000E-35
   1.005000E+04  1.000000E-35  1.000000E-35
   1.007000E+04  1.000000E-35  1.000000E-35
   1.009000E+04  1.000000E-35  1.000000E-35
   1.011000E+04  1.000000E-35  1.000000E-35
   1.013000E+04  1.000000E-35  1.000000E-35
   1.015000E+04  1.000000E-35  1.000000E-35
   1.017000E+04  1.000000E-35  1.000000E-35
   1.019000E+04  1.000000E-35  1.000000E-35
   1.021000E+04  1.000000E-35  1.000000E-35
   1.023000E+04  1.000000E-35  1.000000E-35
   1.025000E+04  1.000000E-35  1.000000E-35
   1.027000E+04  1.000000E-35  1.000000E-35
   1.029000E+04  1.000000E-35  1.000000E-35
   1.031000E+04  1.000000E-35  1.000000E-35
   1.033000E+04  1.000000E-35  1.000000E-35
   1.035000E+04  1.000000E-35  1.000000E-35
   1.037000E+04  1.000000E-35  1.000000E-35
   1.039000E+04  1.000000E-35  1.000000E-35
   1.041000E+04  1.000000E-35  1.000000E-35
   1.043000E+04  1.000000E-35  1.000000E-35
   1.045000E+04  1.000000E-35  1.000000E-35
   1.047000E+04  1.000000E-35  1.000000E-35
   1.049000E+04  1.000000E-35  1.000000E-35
   1.051000E+04  1.000000E-35  1.000000E-35
   1.053000E+04  1.000000E-35  1.000000E-35
   1.055000E+04  1.000000E-35  1.000000E-35
   1.057000E+04  1.000000E-35  1.000000E-35
   1.059000E+04  1.000000E-35  1.000000E-35
   1.061000E+04  1.000000E-35  1.000000E-35
   1.063000E+04  1.000000E-35  1.000000E-35
   1.065000E+04  1.000000E-35  1.000000E-35
   1.067000E+04  1.000000E-35  1.000000E-35
   1.069000E+04  1.000000E-35  1.000000E-35
   1.071000E+04  1.000000E-35  1.000000E-35
   1.073000E+04  1.000000E-35  1.000000E-35
   1.075000E+04  1.000000E-35  1.000000E-35
   1.077000E+04  1.000000E-35  1.000000E-35
   1.079000E+04  1.000000E-35  1.000000E-35
   1.081000E+04  1.000000E-35  1.000000E-35
   1.083000E+04  1.000000E-35  1.000000E-35
   1.085000E+04  1.000000E-35  1.000000E-35
   1.087000E+04  1.000000E-35  1.000000E-35
   1.089000E+04  1.000000E-35  1.000000E-35
   1.091000E+04  1.000000E-35  1.000000E-35
   1.093000E+04  1.000000E-35  1.000000E-35
   1.095000E+04  1.000000E-35  1.000000E-35
   1.097000E+04  1.000000E-35  1.000000E-35
   1.099000E+04  1.000000E-35  1.000000E-35
   1.101000E+04  1.000000E-35  1.000000E-35
   1.103000E+04  1.000000E-35  1.000000E-35
   1.105000E+04  1.000000E-35  1.000000E-35
   1.107000E+04  1.000000E-35  1.000000E-35
   1.109000E+04  1.000000E-35  1.000000E-35
   1.111000E+04  1.000000E-35  1.000000E-35
   1.113000E+04  1.000000E-35  1.000000E-35
   1.115000E+04  1.000000E-35  1.000000E-35
   1.117000E+04  1.000000E-35  1.000000E-35
   1.119000E+04  1.000000E-35  1.000000E-35
   1.121000E+04  1.000000E-35  1.000000E-35
   1.123000E+04  1.000000E-35  1.000000E-35
   1.125000E+04  1.000000E-35  1.000000E-35
   1.127000E+04  1.000000E-35  1.000000E-35
   1.129000E+04  1.000000E-35  1.000000E-35
   1.131000E+04  1.000000E-35  1.000000E-35
   1.133000E+04  1.000000E-35  1.000000E-35
   1.135000E+04  1.000000E-35  1.000000E-35
   1.137000E+04  1.000000E-35  1.000000E-35
   1.139000E+04  1.000000E-35  1.000000E-35
   1.141000E+04  1.000000E-35  1.000000E-35
   1.143000E+04  1.000000E-35  1.000000E-35
   1.145000E+04  1.000000E-35  1.000000E-35
   1.147000E+04  1.000000E-35  1.000000E-35
   1.149000E+04  1.000000E-35  1.000000E-35
   1.151000E+04  1.000000E-35  1.000000E-35
   1.153000E+04  1.000000E-35  1.000000E-35
   1.155000E+04  1.000000E-35  1.000000E-35
   1.157000E+04  1.000000E-35  1.000000E-35
   1.159000E+04  1.000000E-35  1.000000E-35
   1.161000E+04  1.000000E-35  1.000000E-35
   1.163000E+04  1.000000E-35  1.000000E-35
   1.165000E+04  1.000000E-35  1.000000E-35
   1.167000E+04  1.000000E-35  1.000000E-35
   1.169000E+04  1.000000E-35  1.000000E-35
   1.171000E+04  1.000000E-35  1.000000E-35
   1.173000E+04  1.000000E-35  1.000000E-35
   1.175000E+04  1.000000E-35  1.000000E-35
   1.177000E+04  1.000000E-35  1.000000E-35
   1.179000E+04  1.000000E-35  1.000000E-35
   1.181000E+04  1.000000E-35  1.000000E-35
   1.183000E+04  1.000000E-35  1.000000E-35
   1.185000E+04  1.000000E-35  1.000000E-35
   1.187000E+04  1.000000E-35  1.000000E-35
   1.189000E+04  1.000000E-35  1.000000E-35
   1.191000E+04  1.000000E-35  1.000000E-35
   1.193000E+04  1.000000E-35  1.000000E-35
   1.195000E+04  1.000000E-35  1.000000E-35
   1.197000E+04  1.000000E-35  1.000000E-35
   1.199000E+04  1.000000E-35  1.000000E-35
   1.201000E+04  1.000000E-35  1.000000E-35
   1.203000E+04  1.000000E-35  1.000000E-35
   1.205000E+04  1.000000E-35  1.000000E-35
   1.207000E+04  1.000000E-35  1.000000E-35
   1.209000E+04  1.000000E-35  1.000000E-35
   1.211000E+04  1.000000E-35  1.000000E-35
   1.213000E+04  1.000000E-35  1.000000E-35
   1.215000E+04  1.000000E-35  1.000000E-35
   1.217000E+04  1.000000E-35  1.000000E-35
   1.219000E+04  1.000000E-35  1.000000E-35
   1.221000E+04  1.000000E-35  1.000000E-35
   1.223000E+04  1.000000E-35  1.000000E-35
   1.225000E+04  1.000000E-35  1.000000E-35
   1.227000E+04  1.000000E-35  1.000000E-35
   1.229000E+04  1.000000E-35  1.000000E-35
   1.231000E+04  1.000000E-35  1.000000E-35
   1.233000E+04  1.000000E-35  1.000000E-35
   1.235000E+04  1.000000E-35  1.000000E-35
   1.237000E+04  1.000000E-35  1.000000E-35
   1.239000E+04  1.000000E-35  1.000000E-35
   1.241000E+04  1.000000E-35  1.000000E-35
   1.243000E+04  1.000000E-35  1.000000E-35
   1.245000E+04  1.000000E-35  1.000000E-35
   1.247000E+04  1.000000E-35  1.000000E-35
   1.249000E+04  1.000000E-35  1.000000E-35
   1.251000E+04  1.000000E-35  1.000000E-35
   1.253000E+04  1.000000E-35  1.000000E-35
   1.255000E+04  1.000000E-35  1.000000E-35
   1.257000E+04  1.000000E-35  1.000000E-35
   1.259000E+04  1.000000E-35  1.000000E-35
   1.261000E+04  1.000000E-35  1.000000E-35
   1.263000E+04  1.000000E-35  1.000000E-35
   1.265000E+04  1.000000E-35  1.000000E-35
   1.267000E+04  1.000000E-35  1.000000E-35
   1.269000E+04  1.000000E-35  1.000000E-35
   1.271000E+04  1.000000E-35  1.000000E-35
   1.273000E+04  1.000000E-35  1.000000E-35
   1.275000E+04  1.000000E-35  1.000000E-35
   1.277000E+04  1.000000E-35  1.000000E-35
   1.279000E+04  1.000000E-35  1.000000E-35
   1.281000E+04  1.000000E-35  1.000000E-35
   1.283000E+04  1.000000E-35  1.000000E-35
   1.285000E+04  1.000000E-35  1.000000E-35
   1.287000E+04  1.000000E-35  1.000000E-35
   1.289000E+04  1.000000E-35  1.000000E-35
   1.291000E+04  1.000000E-35  1.000000E-35
   1.293000E+04  1.000000E-35  1.000000E-35
   1.295000E+04  1.000000E-35  1.000000E-35
   1.297000E+04  1.000000E-35  1.000000E-35
   1.299000E+04  1.000000E-35  1.000000E-35
   1.301000E+04  1.000000E-35  1.000000E-35
   1.303000E+04  1.000000E-35  1.000000E-35
   1.305000E+04  1.000000E-35  1.000000E-35
   1.307000E+04  1.000000E-35  1.000000E-35
   1.309000E+04  1.000000E-35  1.000000E-35
   1.311000E+04  1.000000E-35  1.000000E-35
   1.313000E+04  1.000000E-35  1.000000E-35
   1.315000E+04  1.000000E-35  1.000000E-35
   1.317000E+04  1.000000E-35  1.000000E-35
   1.319000E+04  1.000000E-35  1.000000E-35
   1.321000E+04  1.000000E-35  1.000000E-35
   1.323000E+04  1.000000E-35  1.000000E-35
   1.325000E+04  1.000000E-35  1.000000E-35
   1.327000E+04  1.000000E-35  1.000000E-35
   1.329000E+04  1.000000E-35  1.000000E-35
   1.331000E+04  1.000000E-35  1.000000E-35
   1.333000E+04  1.000000E-35  1.000000E-35
   1.335000E+04  1.000000E-35  1.000000E-35
   1.337000E+04  1.000000E-35  1.000000E-35
   1.339000E+04  1.000000E-35  1.000000E-35
   1.341000E+04  1.000000E-35  1.000000E-35
   1.343000E+04  1.000000E-35  1.000000E-35
   1.345000E+04  1.000000E-35  1.000000E-35
   1.347000E+04  1.000000E-35  1.000000E-35
   1.349000E+04  1.000000E-35  1.000000E-35
   1.351000E+04  1.000000E-35  1.000000E-35
   1.353000E+04  1.000000E-35  1.000000E-35
   1.355000E+04  1.000000E-35  1.000000E-35
   1.357000E+04  1.000000E-35  1.000000E-35
   1.359000E+04  1.000000E-35  1.000000E-35
   1.361000E+04  1.000000E-35  1.000000E-35
   1.363000E+04  1.000000E-35  1.000000E-35
   1.365000E+04  1.000000E-35  1.000000E-35
   1.367000E+04  1.000000E-35  1.000000E-35
   1.369000E+04  1.000000E-35  1.000000E-35
   1.371000E+04  1.000000E-35  1.000000E-35
   1.373000E+04  1.000000E-35  1.000000E-35
   1.375000E+04  1.000000E-35  1.000000E-35
   1.377000E+04  1.000000E-35  1.000000E-35
   1.379000E+04  1.000000E-35  1.000000E-35
   1.381000E+04  1.000000E-35  1.000000E-35
   1.383000E+04  1.000000E-35  1.000000E-35
   1.385000E+04  1.000000E-35  1.000000E-35
   1.387000E+04  1.000000E-35  1.000000E-35
   1.389000E+04  1.000000E-35  1.000000E-35
   1.391000E+04  1.000000E-35  1.000000E-35
   1.393000E+04  1.000000E-35  1.000000E-35
   1.395000E+04  1.000000E-35  1.000000E-35
   1.397000E+04  1.000000E-35  1.000000E-35
   1.399000E+04  1.000000E-35  1.000000E-35
   1.401000E+04  1.000000E-35  1.000000E-35
   1.403000E+04  1.000000E-35  1.000000E-35
   1.405000E+04  1.000000E-35  1.000000E-35
   1.407000E+04  1.000000E-35  1.000000E-35
   1.409000E+04  1.000000E-35  1.000000E-35
   1.411000E+04  1.000000E-35  1.000000E-35
   1.413000E+04  1.000000E-35  1.000000E-35
   1.415000E+04  1.000000E-35  1.000000E-35
   1.417000E+04  1.000000E-35  1.000000E-35
   1.419000E+04  1.000000E-35  1.000000E-35
   1.421000E+04  1.000000E-35  1.000000E-35
   1.423000E+04  1.000000E-35  1.000000E-35
   1.425000E+04  1.000000E-35  1.000000E-35
   1.427000E+04  1.000000E-35  1.000000E-35
   1.429000E+04  1.000000E-35  1.000000E-35
   1.431000E+04  1.000000E-35  1.000000E-35
   1.433000E+04  1.000000E-35  1.000000E-35
   1.435000E+04  1.000000E-35  1.000000E-35
   1.437000E+04  1.000000E-35  1.000000E-35
   1.439000E+04  1.000000E-35  1.000000E-35
   1.441000E+04  1.000000E-35  1.000000E-35
   1.443000E+04  1.000000E-35  1.000000E-35
   1.445000E+04  1.000000E-35  1.000000E-35
   1.447000E+04  1.000000E-35  1.000000E-35
   1.449000E+04  1.000000E-35  1.000000E-35
   1.451000E+04  1.000000E-35  1.000000E-35
   1.453000E+04  1.000000E-35  1.000000E-35
   1.455000E+04  1.000000E-35  1.000000E-35
   1.457000E+04  1.000000E-35  1.000000E-35
   1.459000E+04  1.000000E-35  1.000000E-35
   1.461000E+04  1.000000E-35  1.000000E-35
   1.463000E+04  1.000000E-35  1.000000E-35
   1.465000E+04  1.000000E-35  1.000000E-35
   1.467000E+04  1.000000E-35  1.000000E-35
   1.469000E+04  1.000000E-35  1.000000E-35
   1.471000E+04  1.000000E-35  1.000000E-35
   1.473000E+04  1.000000E-35  1.000000E-35
   1.475000E+04  1.000000E-35  1.000000E-35
   1.477000E+04  1.000000E-35  1.000000E-35
   1.479000E+04  1.000000E-35  1.000000E-35
   1.481000E+04  1.000000E-35  1.000000E-35
   1.483000E+04  1.000000E-35  1.000000E-35
   1.485000E+04  1.000000E-35  1.000000E-35
   1.487000E+04  1.000000E-35  1.000000E-35
   1.489000E+04  1.000000E-35  1.000000E-35
   1.491000E+04  1.000000E-35  1.000000E-35
   1.493000E+04  1.000000E-35  1.000000E-35
   1.495000E+04  1.000000E-35  1.000000E-35
   1.497000E+04  1.000000E-35  1.000000E-35
   1.499000E+04  1.000000E-35  1.000000E-35
   1.501000E+04  1.000000E-35  1.000000E-35
   1.503000E+04  1.000000E-35  1.000000E-35
   1.505000E+04  1.000000E-35  1.000000E-35
   1.507000E+04  1.000000E-35  1.000000E-35
   1.509000E+04  1.000000E-35  1.000000E-35
   1.511000E+04  1.000000E-35  1.000000E-35
   1.513000E+04  1.000000E-35  1.000000E-35
   1.515000E+04  1.000000E-35  1.000000E-35
   1.517000E+04  1.000000E-35  1.000000E-35
   1.519000E+04  1.000000E-35  1.000000E-35
   1.521000E+04  1.000000E-35  1.000000E-35
   1.523000E+04  1.000000E-35  1.000000E-35
   1.525000E+04  1.000000E-35  1.000000E-35
   1.527000E+04  1.000000E-35  1.000000E-35
   1.529000E+04  1.000000E-35  1.000000E-35
   1.531000E+04  1.000000E-35  1.000000E-35
   1.533000E+04  1.000000E-35  1.000000E-35
   1.535000E+04  1.000000E-35  1.000000E-35
   1.537000E+04  1.000000E-35  1.000000E-35
   1.539000E+04  1.000000E-35  1.000000E-35
   1.541000E+04  1.000000E-35  1.000000E-35
   1.543000E+04  1.000000E-35  1.000000E-35
   1.545000E+04  1.000000E-35  1.000000E-35
   1.547000E+04  1.000000E-35  1.000000E-35
   1.549000E+04  1.000000E-35  1.000000E-35
   1.551000E+04  1.000000E-35  1.000000E-35
   1.553000E+04  1.000000E-35  1.000000E-35
   1.555000E+04  1.000000E-35  1.000000E-35
   1.557000E+04  1.000000E-35  1.000000E-35
   1.559000E+04  1.000000E-35  1.000000E-35
   1.561000E+04  1.000000E-35  1.000000E-35
   1.563000E+04  1.000000E-35  1.000000E-35
   1.565000E+04  1.000000E-35  1.000000E-35
   1.567000E+04  1.000000E-35  1.000000E-35
   1.569000E+04  1.000000E-35  1.000000E-35
   1.571000E+04  1.000000E-35  1.000000E-35
   1.573000E+04  1.000000E-35  1.000000E-35
   1.575000E+04  1.000000E-35  1.000000E-35
   1.577000E+04  1.000000E-35  1.000000E-35
   1.579000E+04  1.000000E-35  1.000000E-35
   1.581000E+04  1.000000E-35  1.000000E-35
   1.583000E+04  1.000000E-35  1.000000E-35
   1.585000E+04  1.000000E-35  1.000000E-35
   1.587000E+04  1.000000E-35  1.000000E-35
   1.589000E+04  1.000000E-35  1.000000E-35
   1.591000E+04  1.000000E-35  1.000000E-35
   1.593000E+04  1.000000E-35  1.000000E-35
   1.595000E+04  1.000000E-35  1.000000E-35
   1.597000E+04  1.000000E-35  1.000000E-35
   1.599000E+04  1.000000E-35  1.000000E-35
   1.601000E+04  1.000000E-35  1.000000E-35
   1.603000E+04  1.000000E-35  1.000000E-35
   1.605000E+04  1.000000E-35  1.000000E-35
   1.607000E+04  1.000000E-35  1.000000E-35
   1.609000E+04  1.000000E-35  1.000000E-35
   1.611000E+04  1.000000E-35  1.000000E-35
   1.613000E+04  1.000000E-35  1.000000E-35
   1.615000E+04  1.000000E-35  1.000000E-35
   1.617000E+04  1.000000E-35  1.000000E-35
   1.619000E+04  1.000000E-35  1.000000E-35
   1.621000E+04  1.000000E-35  1.000000E-35
   1.623000E+04  1.000000E-35  1.000000E-35
   1.625000E+04  1.000000E-35  1.000000E-35
   1.627000E+04  1.000000E-35  1.000000E-35
   1.629000E+04  1.000000E-35  1.000000E-35
   1.631000E+04  1.000000E-35  1.000000E-35
   1.633000E+04  1.000000E-35  1.000000E-35
   1.635000E+04  1.000000E-35  1.000000E-35
   1.637000E+04  1.000000E-35  1.000000E-35
   1.639000E+04  1.000000E-35  1.000000E-35
   1.641000E+04  1.000000E-35  1.000000E-35
   1.643000E+04  1.000000E-35  1.000000E-35
   1.645000E+04  1.000000E-35  1.000000E-35
   1.647000E+04  1.000000E-35  1.000000E-35
   1.649000E+04  1.000000E-35  1.000000E-35
   1.651000E+04  1.000000E-35  1.000000E-35
   1.653000E+04  1.000000E-35  1.000000E-35
   1.655000E+04  1.000000E-35  1.000000E-35
   1.657000E+04  1.000000E-35  1.000000E-35
   1.659000E+04  1.000000E-35  1.000000E-35
   1.661000E+04  1.000000E-35  1.000000E-35
   1.663000E+04  1.000000E-35  1.000000E-35
   1.665000E+04  1.000000E-35  1.000000E-35
   1.667000E+04  1.000000E-35  1.000000E-35
   1.669000E+04  1.000000E-35  1.000000E-35
   1.671000E+04  1.000000E-35  1.000000E-35
   1.673000E+04  1.000000E-35  1.000000E-35
   1.675000E+04  1.000000E-35  1.000000E-35
   1.677000E+04  1.000000E-35  1.000000E-35
   1.679000E+04  1.000000E-35  1.000000E-35
   1.681000E+04  1.000000E-35  1.000000E-35
   1.683000E+04  1.000000E-35  1.000000E-35
   1.685000E+04  1.000000E-35  1.000000E-35
   1.687000E+04  1.000000E-35  1.000000E-35
   1.689000E+04  1.000000E-35  1.000000E-35
   1.691000E+04  1.000000E-35  1.000000E-35
   1.693000E+04  1.000000E-35  1.000000E-35
   1.695000E+04  1.000000E-35  1.000000E-35
   1.697000E+04  1.000000E-35  1.000000E-35
   1.699000E+04  1.000000E-35  1.000000E-35
   1.701000E+04  1.000000E-35  1.000000E-35
   1.703000E+04  1.000000E-35  1.000000E-35
   1.705000E+04  1.000000E-35  1.000000E-35
   1.707000E+04  1.000000E-35  1.000000E-35
   1.709000E+04  1.000000E-35  1.000000E-35
   1.711000E+04  1.000000E-35  1.000000E-35
   1.713000E+04  1.000000E-35  1.000000E-35
   1.715000E+04  1.000000E-35  1.000000E-35
   1.717000E+04  1.000000E-35  1.000000E-35
   1.719000E+04  1.000000E-35  1.000000E-35
   1.721000E+04  1.000000E-35  1.000000E-35
   1.723000E+04  1.000000E-35  1.000000E-35
   1.725000E+04  1.000000E-35  1.000000E-35
   1.727000E+04  1.000000E-35  1.000000E-35
   1.729000E+04  1.000000E-35  1.000000E-35
   1.731000E+04  1.000000E-35  1.000000E-35
   1.733000E+04  1.000000E-35  1.000000E-35
   1.735000E+04  1.000000E-35  1.000000E-35
   1.737000E+04  1.000000E-35  1.000000E-35
   1.739000E+04  1.000000E-35  1.000000E-35
   1.741000E+04  1.000000E-35  1.000000E-35
   1.743000E+04  1.000000E-35  1.000000E-35
   1.745000E+04  1.000000E-35  1.000000E-35
   1.747000E+04  1.000000E-35  1.000000E-35
   1.749000E+04  1.000000E-35  1.000000E-35
   1.751000E+04  1.000000E-35  1.000000E-35
   1.753000E+04  1.000000E-35  1.000000E-35
   1.755000E+04  1.000000E-35  1.000000E-35
   1.757000E+04  1.000000E-35  1.000000E-35
   1.759000E+04  1.000000E-35  1.000000E-35
   1.761000E+04  1.000000E-35  1.000000E-35
   1.763000E+04  1.000000E-35  1.000000E-35
   1.765000E+04  1.000000E-35  1.000000E-35
   1.767000E+04  1.000000E-35  1.000000E-35
   1.769000E+04  1.000000E-35  1.000000E-35
   1.771000E+04  1.000000E-35  1.000000E-35
   1.773000E+04  1.000000E-35  1.000000E-35
   1.775000E+04  1.000000E-35  1.000000E-35
   1.777000E+04  1.000000E-35  1.000000E-35
   1.779000E+04  1.000000E-35  1.000000E-35
   1.781000E+04  1.000000E-35  1.000000E-35
   1.783000E+04  1.000000E-35  1.000000E-35
   1.785000E+04  1.000000E-35  1.000000E-35
   1.787000E+04  1.000000E-35  1.000000E-35
   1.789000E+04  1.000000E-35  1.000000E-35
   1.791000E+04  1.000000E-35  1.000000E-35
   1.793000E+04  1.000000E-35  1.000000E-35
   1.795000E+04  1.000000E-35  1.000000E-35
   1.797000E+04  1.000000E-35  1.000000E-35
   1.799000E+04  1.000000E-35  1.000000E-35
   1.801000E+04  1.000000E-35  1.000000E-35
   1.803000E+04  1.000000E-35  1.000000E-35
   1.805000E+04  1.000000E-35  1.000000E-35
   1.807000E+04  1.000000E-35  1.000000E-35
   1.809000E+04  1.000000E-35  1.000000E-35
   1.811000E+04  1.000000E-35  1.000000E-35
   1.813000E+04  1.000000E-35  1.000000E-35
   1.815000E+04  1.000000E-35  1.000000E-35
   1.817000E+04  1.000000E-35  1.000000E-35
   1.819000E+04  1.000000E-35  1.000000E-35
   1.821000E+04  1.000000E-35  1.000000E-35
   1.823000E+04  1.000000E-35  1.000000E-35
   1.825000E+04  1.000000E-35  1.000000E-35
   1.827000E+04  1.000000E-35  1.000000E-35
   1.829000E+04  1.000000E-35  1.000000E-35
   1.831000E+04  1.000000E-35  1.000000E-35
   1.833000E+04  1.000000E-35  1.000000E-35
   1.835000E+04  1.000000E-35  1.000000E-35
   1.837000E+04  1.000000E-35  1.000000E-35
   1.839000E+04  1.000000E-35  1.000000E-35
   1.841000E+04  1.000000E-35  1.000000E-35
   1.843000E+04  1.000000E-35  1.000000E-35
   1.845000E+04  1.000000E-35  1.000000E-35
   1.847000E+04  1.000000E-35  1.000000E-35
   1.849000E+04  1.000000E-35  1.000000E-35
   1.851000E+04  1.000000E-35  1.000000E-35
   1.853000E+04  1.000000E-35  1.000000E-35
   1.855000E+04  1.000000E-35  1.000000E-35
   1.857000E+04  1.000000E-35  1.000000E-35
   1.859000E+04  1.000000E-35  1.000000E-35
   1.861000E+04  1.000000E-35  1.000000E-35
   1.863000E+04  1.000000E-35  1.000000E-35
   1.865000E+04  1.000000E-35  1.000000E-35
   1.867000E+04  1.000000E-35  1.000000E-35
   1.869000E+04  1.000000E-35  1.000000E-35
   1.871000E+04  1.000000E-35  1.000000E-35
   1.873000E+04  1.000000E-35  1.000000E-35
   1.875000E+04  1.000000E-35  1.000000E-35
   1.877000E+04  1.000000E-35  1.000000E-35
   1.879000E+04  1.000000E-35  1.000000E-35
   1.881000E+04  1.000000E-35  1.000000E-35
   1.883000E+04  1.000000E-35  1.000000E-35
   1.885000E+04  1.000000E-35  1.000000E-35
   1.887000E+04  1.000000E-35  1.000000E-35
   1.889000E+04  1.000000E-35  1.000000E-35
   1.891000E+04  1.000000E-35  1.000000E-35
   1.893000E+04  1.000000E-35  1.000000E-35
   1.895000E+04  1.000000E-35  1.000000E-35
   1.897000E+04  1.000000E-35  1.000000E-35
   1.899000E+04  1.000000E-35  1.000000E-35
   1.901000E+04  1.000000E-35  1.000000E-35
   1.903000E+04  1.000000E-35  1.000000E-35
   1.905000E+04  1.000000E-35  1.000000E-35
   1.907000E+04  1.000000E-35  1.000000E-35
   1.909000E+04  1.000000E-35  1.000000E-35
   1.911000E+04  1.000000E-35  1.000000E-35
   1.913000E+04  1.000000E-35  1.000000E-35
   1.915000E+04  1.000000E-35  1.000000E-35
   1.917000E+04  1.000000E-35  1.000000E-35
   1.919000E+04  1.000000E-35  1.000000E-35
   1.921000E+04  1.000000E-35  1.000000E-35
   1.923000E+04  1.000000E-35  1.000000E-35
   1.925000E+04  1.000000E-35  1.000000E-35
   1.927000E+04  1.000000E-35  1.000000E-35
   1.929000E+04  1.000000E-35  1.000000E-35
   1.931000E+04  1.000000E-35  1.000000E-35
   1.933000E+04  1.000000E-35  1.000000E-35
   1.935000E+04  1.000000E-35  1.000000E-35
   1.937000E+04  1.000000E-35  1.000000E-35
   1.939000E+04  1.000000E-35  1.000000E-35
   1.941000E+04  1.000000E-35  1.000000E-35
   1.943000E+04  1.000000E-35  1.000000E-35
   1.945000E+04  1.000000E-35  1.000000E-35
   1.947000E+04  1.000000E-35  1.000000E-35
   1.949000E+04  1.000000E-35  1.000000E-35
   1.951000E+04  1.000000E-35  1.000000E-35
   1.953000E+04  1.000000E-35  1.000000E-35
   1.955000E+04  1.000000E-35  1.000000E-35
   1.957000E+04  1.000000E-35  1.000000E-35
   1.959000E+04  1.000000E-35  1.000000E-35
   1.961000E+04  1.000000E-35  1.000000E-35
   1.963000E+04  1.000000E-35  1.000000E-35
   1.965000E+04  1.000000E-35  1.000000E-35
   1.967000E+04  1.000000E-35  1.000000E-35
   1.969000E+04  1.000000E-35  1.000000E-35
   1.971000E+04  1.000000E-35  1.000000E-35
   1.973000E+04  1.000000E-35  1.000000E-35
   1.975000E+04  1.000000E-35  1.000000E-35
   1.977000E+04  1.000000E-35  1.000000E-35
   1.979000E+04  1.000000E-35  1.000000E-35
   1.981000E+04  1.000000E-35  1.000000E-35
   1.983000E+04  1.000000E-35  1.000000E-35
   1.985000E+04  1.000000E-35  1.000000E-35
   1.987000E+04  1.000000E-35  1.000000E-35
   1.989000E+04  1.000000E-35  1.000000E-35
   1.991000E+04  1.000000E-35  1.000000E-35
   1.993000E+04  1.000000E-35  1.000000E-35
   1.995000E+04  1.000000E-35  1.000000E-35
   1.997000E+04  1.000000E-35  1.000000E-35
   1.999000E+04  1.000000E-35  1.000000E-35
