 #  Results from PENEPMA.
 #  Energy distribution of upbound electrons.
 #  1st column: E (eV).
 #  2nd and 3rd columns: probability density and STU (1/(eV*particle)).

   2.500000E+00  1.000000E-35  1.000000E-35
   7.500001E+00  1.000000E-35  1.000000E-35
   1.250000E+01  1.000000E-35  1.000000E-35
   1.750000E+01  1.000000E-35  1.000000E-35
   2.250000E+01  1.000000E-35  1.000000E-35
   2.750000E+01  1.000000E-35  1.000000E-35
   3.250000E+01  1.000000E-35  1.000000E-35
   3.750000E+01  1.000000E-35  1.000000E-35
   4.250000E+01  1.000000E-35  1.000000E-35
   4.750000E+01  1.000000E-35  1.000000E-35
   5.250001E+01  2.172281E-04  3.650157E-06
   5.750001E+01  1.913967E-04  2.923304E-06
   6.250001E+01  1.125690E-04  2.627421E-06
   6.750001E+01  9.977861E-05  2.468884E-06
   7.250001E+01  9.029791E-05  2.340333E-06
   7.750001E+01  8.292238E-05  2.239679E-06
   8.250001E+01  8.375882E-05  2.196796E-06
   8.750001E+01  7.845021E-05  2.147657E-06
   9.250001E+01  7.841243E-05  2.076491E-06
   9.750001E+01  7.360886E-05  2.018019E-06
   1.025000E+02  6.881866E-05  1.967728E-06
   1.075000E+02  6.090598E-05  1.905215E-06
   1.125000E+02  6.012084E-05  1.891475E-06
   1.175000E+02  5.736455E-05  1.838296E-06
   1.225000E+02  5.590307E-05  1.810698E-06
   1.275000E+02  5.258805E-05  1.746290E-06
   1.325000E+02  5.141906E-05  1.721378E-06
   1.375000E+02  4.933842E-05  1.673976E-06
   1.425000E+02  4.841835E-05  1.659938E-06
   1.475000E+02  4.894738E-05  1.627733E-06
   1.525000E+02  4.522190E-05  1.589061E-06
   1.575000E+02  4.353052E-05  1.548861E-06
   1.625000E+02  4.349199E-05  1.534515E-06
   1.675000E+02  4.224122E-05  1.512290E-06
   1.725000E+02  4.065808E-05  1.476363E-06
   1.775000E+02  4.019029E-05  1.461173E-06
   1.825000E+02  3.981627E-05  1.440347E-06
   1.875000E+02  3.923443E-05  1.428622E-06
   1.925000E+02  3.825108E-05  1.400363E-06
   1.975000E+02  3.894372E-05  1.402319E-06
   2.025000E+02  3.770469E-05  1.372602E-06
   2.075000E+02  3.654797E-05  1.368259E-06
   2.125000E+02  3.577028E-05  1.354236E-06
   2.175000E+02  3.607795E-05  1.348516E-06
   2.225000E+02  3.534864E-05  1.353464E-06
   2.275000E+02  3.336167E-05  1.315374E-06
   2.325000E+02  4.450409E-05  1.319458E-06
   2.375000E+02  3.834357E-05  1.340963E-06
   2.425000E+02  3.148812E-05  1.321449E-06
   2.475000E+02  3.047273E-05  1.301670E-06
   2.525000E+02  9.228447E-05  1.377271E-06
   2.575000E+02  2.595023E-05  1.305825E-06
   2.625000E+02  2.526141E-05  1.290088E-06
   2.675000E+02  2.530867E-05  1.290668E-06
   2.725000E+02  2.650507E-05  1.297405E-06
   2.775000E+02  2.475981E-05  1.278446E-06
   2.825000E+02  2.415608E-05  1.261799E-06
   2.875000E+02  2.460167E-05  1.274086E-06
   2.925000E+02  2.317575E-05  1.232872E-06
   2.975000E+02  2.305431E-05  1.232952E-06
   3.025000E+02  2.270394E-05  1.223096E-06
   3.075000E+02  2.285480E-05  1.205279E-06
   3.125000E+02  2.271889E-05  1.226098E-06
   3.175000E+02  2.224899E-05  1.212300E-06
   3.225000E+02  2.148195E-05  1.190108E-06
   3.275000E+02  2.136794E-05  1.187764E-06
   3.325000E+02  2.164256E-05  1.195776E-06
   3.375000E+02  2.191507E-05  1.202508E-06
   3.425000E+02  2.135886E-05  1.187390E-06
   3.475000E+02  2.078755E-05  1.170917E-06
   3.525000E+02  2.101828E-05  1.177559E-06
   3.575000E+02  2.184622E-05  1.201243E-06
   3.625000E+02  2.071276E-05  1.168974E-06
   3.675000E+02  1.963385E-05  1.136913E-06
   3.725000E+02  1.991695E-05  1.145292E-06
   3.775000E+02  2.048850E-05  1.162515E-06
   3.825000E+02  1.997534E-05  1.147046E-06
   3.875000E+02  1.944339E-05  1.130933E-06
   3.925000E+02  2.016519E-05  1.152957E-06
   3.975000E+02  1.893013E-05  1.116597E-06
   4.025000E+02  1.937291E-05  1.129156E-06
   4.075000E+02  1.940848E-05  1.129377E-06
   4.125000E+02  1.877413E-05  1.110950E-06
   4.175000E+02  1.942021E-05  1.128975E-06
   4.225000E+02  1.863924E-05  1.105533E-06
   4.275000E+02  1.888691E-05  1.113489E-06
   4.325000E+02  1.910523E-05  1.120023E-06
   4.375000E+02  1.903416E-05  1.117312E-06
   4.425000E+02  1.820553E-05  1.092712E-06
   4.475000E+02  1.821552E-05  1.092518E-06
   4.525000E+02  1.822567E-05  1.092718E-06
   4.575000E+02  1.808092E-05  1.088347E-06
   4.625000E+02  1.796637E-05  1.083512E-06
   4.675000E+02  1.754811E-05  1.070427E-06
   4.725000E+02  1.854796E-05  1.101254E-06
   4.775000E+02  1.758873E-05  1.072528E-06
   4.825000E+02  1.813395E-05  1.088389E-06
   4.875000E+02  1.808380E-05  1.087235E-06
   4.925000E+02  1.813954E-05  1.089765E-06
   4.975000E+02  1.846697E-05  1.098519E-06
   5.025001E+02  1.772730E-05  1.076054E-06
   5.075001E+02  1.723048E-05  1.060996E-06
   5.125001E+02  1.727162E-05  1.060796E-06
   5.175001E+02  1.748707E-05  1.066742E-06
   5.225001E+02  1.777949E-05  1.076112E-06
   5.275001E+02  1.799939E-05  1.082892E-06
   5.325001E+02  1.718247E-05  1.057241E-06
   5.375001E+02  1.743590E-05  1.066246E-06
   5.425001E+02  1.744279E-05  1.065327E-06
   5.475001E+02  1.726848E-05  1.060860E-06
   5.525001E+02  1.760816E-05  1.069814E-06
   5.575001E+02  1.730344E-05  1.060832E-06
   5.625001E+02  1.649158E-05  1.034640E-06
   5.675001E+02  1.756664E-05  1.068423E-06
   5.725001E+02  1.731238E-05  1.060384E-06
   5.775001E+02  1.745833E-05  1.064660E-06
   5.825001E+02  1.731396E-05  1.059928E-06
   5.875001E+02  1.748778E-05  1.065148E-06
   5.925001E+02  1.639475E-05  1.029117E-06
   5.975001E+02  1.694666E-05  1.047054E-06
   6.025001E+02  1.728625E-05  1.058522E-06
   6.075001E+02  1.757110E-05  1.067080E-06
   6.125001E+02  1.749927E-05  1.066072E-06
   6.175001E+02  1.722032E-05  1.055216E-06
   6.225001E+02  1.675846E-05  1.040327E-06
   6.275001E+02  1.638511E-05  1.028399E-06
   6.325001E+02  1.748308E-05  1.063531E-06
   6.375001E+02  1.774147E-05  1.071355E-06
   6.425001E+02  1.744115E-05  1.062342E-06
   6.475001E+02  1.686378E-05  1.043941E-06
   6.525001E+02  1.769933E-05  1.069915E-06
   6.575001E+02  1.767648E-05  1.068561E-06
   6.625001E+02  1.777880E-05  1.072043E-06
   6.675001E+02  1.701280E-05  1.047146E-06
   6.725001E+02  1.699502E-05  1.045485E-06
   6.775001E+02  1.737984E-05  1.057692E-06
   6.825001E+02  1.741123E-05  1.059121E-06
   6.875001E+02  1.716693E-05  1.051699E-06
   6.925001E+02  1.719650E-05  1.051270E-06
   6.975001E+02  1.739046E-05  1.058885E-06
   7.025001E+02  1.800606E-05  1.078873E-06
   7.075001E+02  1.770888E-05  1.068143E-06
   7.125001E+02  1.746907E-05  1.060560E-06
   7.175001E+02  1.792102E-05  1.074253E-06
   7.225001E+02  1.733142E-05  1.055570E-06
   7.275001E+02  1.794976E-05  1.073138E-06
   7.325001E+02  1.705609E-05  1.046517E-06
   7.375001E+02  1.695226E-05  1.041947E-06
   7.425001E+02  1.750108E-05  1.060155E-06
   7.475001E+02  1.784415E-05  1.070563E-06
   7.525001E+02  1.737606E-05  1.055178E-06
   7.575001E+02  1.820552E-05  1.081756E-06
   7.625001E+02  1.754861E-05  1.059962E-06
   7.675001E+02  1.826270E-05  1.083181E-06
   7.725001E+02  1.787487E-05  1.069202E-06
   7.775001E+02  1.811182E-05  1.078299E-06
   7.825001E+02  1.809625E-05  1.076512E-06
   7.875001E+02  1.850103E-05  1.089458E-06
   7.925001E+02  1.844669E-05  1.087408E-06
   7.975001E+02  1.838970E-05  1.085575E-06
   8.025001E+02  1.761085E-05  1.061422E-06
   8.075001E+02  1.797206E-05  1.071141E-06
   8.125001E+02  1.820083E-05  1.078172E-06
   8.175001E+02  1.822588E-05  1.079533E-06
   8.225001E+02  1.852537E-05  1.087032E-06
   8.275001E+02  1.785337E-05  1.066939E-06
   8.325001E+02  1.827116E-05  1.079357E-06
   8.375001E+02  1.865180E-05  1.092087E-06
   8.425001E+02  1.870144E-05  1.092792E-06
   8.475001E+02  1.853797E-05  1.087508E-06
   8.525001E+02  1.893543E-05  1.100382E-06
   8.575001E+02  1.877638E-05  1.094426E-06
   8.625001E+02  1.913166E-05  1.104085E-06
   8.675001E+02  1.912797E-05  1.104521E-06
   8.725001E+02  1.886605E-05  1.097182E-06
   8.775001E+02  1.898589E-05  1.099113E-06
   8.825001E+02  1.838539E-05  1.081297E-06
   8.875001E+02  1.966794E-05  1.120155E-06
   8.925001E+02  1.954439E-05  1.116350E-06
   8.975001E+02  1.899559E-05  1.099123E-06
   9.025001E+02  1.934577E-05  1.110704E-06
   9.075001E+02  1.883648E-05  1.093843E-06
   9.125001E+02  1.930669E-05  1.108710E-06
   9.175001E+02  1.971444E-05  1.119988E-06
   9.225001E+02  1.938332E-05  1.110072E-06
   9.275001E+02  1.961961E-05  1.117299E-06
   9.325001E+02  2.007531E-05  1.130722E-06
   9.375001E+02  1.982801E-05  1.121856E-06
   9.425001E+02  2.038078E-05  1.138119E-06
   9.475001E+02  2.016613E-05  1.131923E-06
   9.525001E+02  2.022229E-05  1.133450E-06
   9.575001E+02  1.981190E-05  1.120541E-06
   9.625001E+02  2.014378E-05  1.130794E-06
   9.675001E+02  2.034767E-05  1.136148E-06
   9.725001E+02  2.044929E-05  1.139698E-06
   9.775001E+02  2.008993E-05  1.127960E-06
   9.825001E+02  1.977519E-05  1.118984E-06
   9.875001E+02  2.012695E-05  1.127983E-06
   9.925001E+02  2.062514E-05  1.142434E-06
   9.975001E+02  2.012819E-05  1.128661E-06
   1.002500E+03  2.059201E-05  1.141108E-06
   1.007500E+03  2.035282E-05  1.133587E-06
   1.012500E+03  2.091792E-05  1.149923E-06
   1.017500E+03  2.095342E-05  1.151242E-06
   1.022500E+03  2.072842E-05  1.144649E-06
   1.027500E+03  2.082830E-05  1.146659E-06
   1.032500E+03  2.197986E-05  1.180791E-06
   1.037500E+03  2.182331E-05  1.175291E-06
   1.042500E+03  2.133190E-05  1.160838E-06
   1.047500E+03  2.160665E-05  1.168667E-06
   1.052500E+03  2.128752E-05  1.157652E-06
   1.057500E+03  2.131143E-05  1.158740E-06
   1.062500E+03  2.140695E-05  1.160496E-06
   1.067500E+03  2.228391E-05  1.185626E-06
   1.072500E+03  2.272586E-05  1.199267E-06
   1.077500E+03  2.168489E-05  1.167485E-06
   1.082500E+03  2.176520E-05  1.169197E-06
   1.087500E+03  2.241349E-05  1.187172E-06
   1.092500E+03  2.268377E-05  1.195389E-06
   1.097500E+03  2.207730E-05  1.177611E-06
   1.102500E+03  2.250342E-05  1.190529E-06
   1.107500E+03  2.259849E-05  1.192864E-06
   1.112500E+03  2.272641E-05  1.194227E-06
   1.117500E+03  2.319959E-05  1.194072E-06
   1.122500E+03  2.287593E-05  1.199431E-06
   1.127500E+03  2.275205E-05  1.194847E-06
   1.132500E+03  2.179832E-05  1.168223E-06
   1.137500E+03  2.267908E-05  1.193540E-06
   1.142500E+03  2.285773E-05  1.200222E-06
   1.147500E+03  2.255548E-05  1.191003E-06
   1.152500E+03  2.329912E-05  1.210710E-06
   1.157500E+03  2.363581E-05  1.213242E-06
   1.162500E+03  2.266581E-05  1.194588E-06
   1.167500E+03  2.429790E-05  1.236493E-06
   1.172500E+03  2.351599E-05  1.216553E-06
   1.177500E+03  2.439220E-05  1.213999E-06
   1.182500E+03  2.553387E-05  1.236498E-06
   1.187500E+03  2.342490E-05  1.219439E-06
   1.192500E+03  2.353573E-05  1.221719E-06
   1.197500E+03  2.309233E-05  1.208517E-06
   1.202500E+03  2.346724E-05  1.219480E-06
   1.207500E+03  2.359278E-05  1.223194E-06
   1.212500E+03  2.373026E-05  1.225281E-06
   1.217500E+03  2.371762E-05  1.218727E-06
   1.222500E+03  2.424815E-05  1.235870E-06
   1.227500E+03  2.487985E-05  1.235508E-06
   1.232500E+03  2.424736E-05  1.238992E-06
   1.237500E+03  2.460764E-05  1.247912E-06
   1.242500E+03  2.477162E-05  1.254305E-06
   1.247500E+03  2.391987E-05  1.231787E-06
   1.252500E+03  2.427112E-05  1.241393E-06
   1.257500E+03  2.435641E-05  1.243970E-06
   1.262500E+03  2.426482E-05  1.241359E-06
   1.267500E+03  2.446969E-05  1.246223E-06
   1.272500E+03  2.450888E-05  1.246859E-06
   1.277500E+03  2.469792E-05  1.252492E-06
   1.282500E+03  2.506632E-05  1.246235E-06
   1.287500E+03  2.591114E-05  1.250925E-06
   1.292500E+03  2.689640E-05  1.267264E-06
   1.297500E+03  2.403298E-05  1.242324E-06
   1.302500E+03  2.552223E-05  1.282550E-06
   1.307500E+03  2.466383E-05  1.259583E-06
   1.312500E+03  2.516932E-05  1.272356E-06
   1.317500E+03  2.455352E-05  1.256391E-06
   1.322500E+03  2.479838E-05  1.263599E-06
   1.327500E+03  2.456299E-05  1.254093E-06
   1.332500E+03  2.714306E-05  1.291400E-06
   1.337500E+03  2.646606E-05  1.291517E-06
   1.342500E+03  2.609003E-05  1.294550E-06
   1.347500E+03  2.596962E-05  1.295190E-06
   1.352500E+03  2.517967E-05  1.275006E-06
   1.357500E+03  2.648643E-05  1.303137E-06
   1.362500E+03  2.532354E-05  1.281596E-06
   1.367500E+03  2.535027E-05  1.282378E-06
   1.372500E+03  2.527630E-05  1.281594E-06
   1.377500E+03  2.644197E-05  1.311835E-06
   1.382500E+03  2.660072E-05  1.316767E-06
   1.387500E+03  2.585325E-05  1.296048E-06
   1.392500E+03  2.672637E-05  1.315049E-06
   1.397500E+03  3.152615E-05  1.302157E-06
   1.402500E+03  2.561847E-05  1.304023E-06
   1.407500E+03  2.587224E-05  1.309469E-06
   1.412500E+03  2.571973E-05  1.307647E-06
   1.417500E+03  2.622402E-05  1.321228E-06
   1.422500E+03  2.558647E-05  1.304367E-06
   1.427500E+03  2.587046E-05  1.312245E-06
   1.432500E+03  2.585078E-05  1.311843E-06
   1.437500E+03  2.682895E-05  1.332002E-06
   1.442500E+03  2.850324E-05  1.322167E-06
   1.447500E+03  2.636284E-05  1.327388E-06
   1.452500E+03  2.663131E-05  1.336375E-06
   1.457500E+03  2.665621E-05  1.337305E-06
   1.462500E+03  2.664969E-05  1.330201E-06
   1.467500E+03  2.682729E-05  1.342542E-06
   1.472500E+03  2.650729E-05  1.334083E-06
   1.477500E+03  2.708872E-05  1.348533E-06
   1.482500E+03  2.769697E-05  1.363742E-06
   1.487500E+03  2.736360E-05  1.355596E-06
   1.492500E+03  2.715873E-05  1.350766E-06
   1.497500E+03  2.768711E-05  1.362843E-06
   1.502500E+03  2.785270E-05  1.366900E-06
   1.507500E+03  2.739547E-05  1.355803E-06
   1.512500E+03  2.706781E-05  1.345631E-06
   1.517500E+03  2.778164E-05  1.366305E-06
   1.522500E+03  2.751841E-05  1.360022E-06
   1.527500E+03  2.753165E-05  1.360403E-06
   1.532500E+03  2.829205E-05  1.378596E-06
   1.537500E+03  2.823038E-05  1.377310E-06
   1.542500E+03  2.842058E-05  1.382048E-06
   1.547500E+03  2.836738E-05  1.381325E-06
   1.552500E+03  2.810162E-05  1.374023E-06
   1.557500E+03  2.869721E-05  1.388593E-06
   1.562500E+03  2.803695E-05  1.372743E-06
   1.567500E+03  2.906392E-05  1.397443E-06
   1.572500E+03  2.864224E-05  1.387859E-06
   1.577500E+03  2.872952E-05  1.389681E-06
   1.582500E+03  2.908747E-05  1.398158E-06
   1.587500E+03  2.923896E-05  1.401927E-06
   1.592500E+03  2.932040E-05  1.403899E-06
   1.597500E+03  2.878892E-05  1.391116E-06
   1.602500E+03  2.926966E-05  1.403363E-06
   1.607500E+03  2.959122E-05  1.410338E-06
   1.612500E+03  2.884097E-05  1.387316E-06
   1.617500E+03  3.002935E-05  1.421163E-06
   1.622500E+03  2.921338E-05  1.402091E-06
   1.627500E+03  2.942436E-05  1.406750E-06
   1.632500E+03  3.005043E-05  1.421693E-06
   1.637500E+03  2.924729E-05  1.402453E-06
   1.642500E+03  3.076544E-05  1.438411E-06
   1.647500E+03  3.040484E-05  1.429989E-06
   1.652500E+03  3.050312E-05  1.432275E-06
   1.657500E+03  3.018100E-05  1.425055E-06
   1.662500E+03  2.991874E-05  1.418861E-06
   1.667500E+03  3.050225E-05  1.431936E-06
   1.672500E+03  3.127403E-05  1.450424E-06
   1.677500E+03  3.026754E-05  1.426646E-06
   1.682500E+03  3.095747E-05  1.442950E-06
   1.687500E+03  3.063480E-05  1.435431E-06
   1.692500E+03  3.141104E-05  1.453557E-06
   1.697500E+03  3.143530E-05  1.454066E-06
   1.702500E+03  3.142218E-05  1.453721E-06
   1.707500E+03  3.185304E-05  1.463722E-06
   1.712500E+03  3.158057E-05  1.457352E-06
   1.717500E+03  3.058510E-05  1.434206E-06
   1.722500E+03  3.148225E-05  1.455105E-06
   1.727500E+03  3.216766E-05  1.471267E-06
   1.732500E+03  3.183298E-05  1.463208E-06
   1.737500E+03  3.241761E-05  1.476561E-06
   1.742500E+03  3.244273E-05  1.477074E-06
   1.747500E+03  3.250737E-05  1.478604E-06
   1.752500E+03  3.261820E-05  1.481153E-06
   1.757500E+03  3.178594E-05  1.462175E-06
   1.762500E+03  3.145022E-05  1.454412E-06
   1.767500E+03  3.298996E-05  1.489620E-06
   1.772500E+03  3.256873E-05  1.480306E-06
   1.777500E+03  3.269780E-05  1.483018E-06
   1.782500E+03  3.393897E-05  1.510918E-06
   1.787500E+03  3.308824E-05  1.491815E-06
   1.792500E+03  3.286366E-05  1.486747E-06
   1.797500E+03  3.359391E-05  1.503237E-06
   1.802500E+03  3.318170E-05  1.493841E-06
   1.807500E+03  3.356526E-05  1.502569E-06
   1.812500E+03  3.454174E-05  1.524514E-06
   1.817500E+03  3.443545E-05  1.521870E-06
   1.822500E+03  3.498001E-05  1.533731E-06
   1.827500E+03  3.399503E-05  1.512086E-06
   1.832500E+03  3.371425E-05  1.505752E-06
   1.837500E+03  3.420438E-05  1.516737E-06
   1.842500E+03  3.437743E-05  1.520549E-06
   1.847500E+03  3.378314E-05  1.507257E-06
   1.852500E+03  3.478772E-05  1.529950E-06
   1.857500E+03  3.472334E-05  1.528142E-06
   1.862500E+03  3.512025E-05  1.536844E-06
   1.867500E+03  3.494800E-05  1.533074E-06
   1.872500E+03  3.543249E-05  1.543702E-06
   1.877500E+03  3.469025E-05  1.527481E-06
   1.882500E+03  3.508741E-05  1.536186E-06
   1.887500E+03  3.590044E-05  1.553934E-06
   1.892500E+03  3.520731E-05  1.538805E-06
   1.897500E+03  3.597733E-05  1.555554E-06
   1.902500E+03  3.594099E-05  1.554745E-06
   1.907500E+03  3.577566E-05  1.551505E-06
   1.912500E+03  3.511730E-05  1.536841E-06
   1.917500E+03  3.632989E-05  1.563137E-06
   1.922500E+03  3.633280E-05  1.563140E-06
   1.927500E+03  3.643724E-05  1.565391E-06
   1.932500E+03  3.655399E-05  1.567958E-06
   1.937500E+03  3.635872E-05  1.563780E-06
   1.942500E+03  3.615332E-05  1.559595E-06
   1.947500E+03  3.723020E-05  1.582336E-06
   1.952500E+03  3.673371E-05  1.572125E-06
   1.957500E+03  3.733358E-05  1.584559E-06
   1.962500E+03  3.739074E-05  1.585827E-06
   1.967500E+03  3.722034E-05  1.582175E-06
   1.972500E+03  3.815058E-05  1.601773E-06
   1.977500E+03  3.685896E-05  1.574842E-06
   1.982500E+03  3.785493E-05  1.595633E-06
   1.987500E+03  3.745913E-05  1.587255E-06
   1.992500E+03  3.792888E-05  1.597056E-06
   1.997500E+03  3.814495E-05  1.601617E-06
   2.002500E+03  3.821119E-05  1.603030E-06
   2.007500E+03  3.901623E-05  1.619889E-06
   2.012500E+03  3.776997E-05  1.593743E-06
   2.017500E+03  3.912122E-05  1.622372E-06
   2.022500E+03  3.916981E-05  1.623305E-06
   2.027500E+03  3.882230E-05  1.615846E-06
   2.032500E+03  3.920263E-05  1.623766E-06
   2.037500E+03  3.891792E-05  1.617717E-06
   2.042500E+03  3.951648E-05  1.630260E-06
   2.047500E+03  3.912408E-05  1.622064E-06
   2.052500E+03  3.890080E-05  1.617716E-06
   2.057500E+03  3.944944E-05  1.628871E-06
   2.062500E+03  3.997878E-05  1.639651E-06
   2.067500E+03  3.989253E-05  1.637959E-06
   2.072500E+03  3.952715E-05  1.630726E-06
   2.077500E+03  3.991788E-05  1.638422E-06
   2.082500E+03  3.957357E-05  1.631344E-06
   2.087500E+03  4.064651E-05  1.653398E-06
   2.092500E+03  4.036498E-05  1.647608E-06
   2.097500E+03  4.064918E-05  1.653400E-06
   2.102500E+03  4.049424E-05  1.650204E-06
   2.107500E+03  4.060457E-05  1.652487E-06
   2.112500E+03  4.077872E-05  1.655987E-06
   2.117500E+03  4.109334E-05  1.662355E-06
   2.122500E+03  4.061152E-05  1.652639E-06
   2.127500E+03  4.059415E-05  1.652333E-06
   2.132500E+03  4.085295E-05  1.657505E-06
   2.137500E+03  4.036577E-05  1.648220E-06
   2.142500E+03  4.158848E-05  1.672315E-06
   2.147500E+03  4.180485E-05  1.677272E-06
   2.152500E+03  4.216271E-05  1.683857E-06
   2.157500E+03  4.140666E-05  1.668699E-06
   2.162500E+03  4.129231E-05  1.666434E-06
   2.167500E+03  4.211547E-05  1.682959E-06
   2.172500E+03  4.209096E-05  1.682509E-06
   2.177500E+03  4.320865E-05  1.704644E-06
   2.182500E+03  4.298968E-05  1.700358E-06
   2.187500E+03  4.249819E-05  1.690566E-06
   2.192500E+03  4.341674E-05  1.708771E-06
   2.197500E+03  4.370525E-05  1.714501E-06
   2.202500E+03  4.448777E-05  1.729696E-06
   2.207500E+03  4.359916E-05  1.712302E-06
   2.212500E+03  4.359273E-05  1.712156E-06
   2.217500E+03  4.320495E-05  1.704642E-06
   2.222500E+03  4.332862E-05  1.707004E-06
   2.227500E+03  4.306067E-05  1.701691E-06
   2.232500E+03  4.462635E-05  1.732606E-06
   2.237500E+03  4.433553E-05  1.726783E-06
   2.242500E+03  4.394500E-05  1.719049E-06
   2.247500E+03  4.401285E-05  1.720366E-06
   2.252500E+03  4.472972E-05  1.734346E-06
   2.257500E+03  4.429008E-05  1.725768E-06
   2.262500E+03  4.421287E-05  1.724308E-06
   2.267500E+03  4.563569E-05  1.751810E-06
   2.272500E+03  4.436113E-05  1.727233E-06
   2.277500E+03  4.414108E-05  1.722991E-06
   2.282500E+03  4.466772E-05  1.733044E-06
   2.287500E+03  4.646955E-05  1.767817E-06
   2.292500E+03  4.674678E-05  1.773075E-06
   2.297500E+03  4.570915E-05  1.753244E-06
   2.302500E+03  4.523797E-05  1.744181E-06
   2.307500E+03  4.632844E-05  1.764975E-06
   2.312500E+03  4.602806E-05  1.759401E-06
   2.317500E+03  4.627165E-05  1.764397E-06
   2.322500E+03  4.693131E-05  1.776480E-06
   2.327500E+03  4.817087E-05  1.799832E-06
   2.332500E+03  4.640858E-05  1.766540E-06
   2.337500E+03  4.612763E-05  1.761261E-06
   2.342500E+03  4.612839E-05  1.761409E-06
   2.347500E+03  4.776037E-05  1.792129E-06
   2.352500E+03  4.705732E-05  1.778749E-06
   2.357500E+03  4.678680E-05  1.773649E-06
   2.362500E+03  4.732152E-05  1.783829E-06
   2.367500E+03  4.755840E-05  1.788335E-06
   2.372500E+03  4.801517E-05  1.796895E-06
   2.377500E+03  4.760225E-05  1.789178E-06
   2.382500E+03  4.777365E-05  1.792273E-06
   2.387500E+03  4.868152E-05  1.809312E-06
   2.392500E+03  4.788054E-05  1.794373E-06
   2.397500E+03  4.825578E-05  1.801370E-06
   2.402500E+03  4.729125E-05  1.783129E-06
   2.407500E+03  4.735060E-05  1.784403E-06
   2.412500E+03  4.861978E-05  1.808064E-06
   2.417500E+03  4.926431E-05  1.820124E-06
   2.422500E+03  4.982734E-05  1.830462E-06
   2.427500E+03  4.946116E-05  1.823716E-06
   2.432500E+03  4.957440E-05  1.825784E-06
   2.437500E+03  4.885166E-05  1.812506E-06
   2.442500E+03  4.915910E-05  1.818188E-06
   2.447500E+03  4.907679E-05  1.816532E-06
   2.452500E+03  4.964540E-05  1.827026E-06
   2.457500E+03  5.069854E-05  1.846337E-06
   2.462500E+03  4.905115E-05  1.816114E-06
   2.467500E+03  5.162350E-05  1.863153E-06
   2.472500E+03  5.013104E-05  1.836086E-06
   2.477500E+03  5.145466E-05  1.860047E-06
   2.482500E+03  5.031390E-05  1.839241E-06
   2.487500E+03  5.156154E-05  1.862071E-06
   2.492500E+03  5.133258E-05  1.857749E-06
   2.497500E+03  5.211842E-05  1.872043E-06
   2.502500E+03  5.149637E-05  1.860856E-06
   2.507500E+03  5.244954E-05  1.877818E-06
   2.512500E+03  5.167400E-05  1.864096E-06
   2.517500E+03  5.129604E-05  1.857204E-06
   2.522500E+03  5.201499E-05  1.870032E-06
   2.527500E+03  5.109571E-05  1.853544E-06
   2.532500E+03  5.309034E-05  1.889430E-06
   2.537500E+03  5.211945E-05  1.872044E-06
   2.542500E+03  5.326641E-05  1.892620E-06
   2.547500E+03  5.274925E-05  1.883298E-06
   2.552500E+03  5.252037E-05  1.879284E-06
   2.557500E+03  5.305454E-05  1.888765E-06
   2.562500E+03  5.366454E-05  1.899525E-06
   2.567500E+03  5.315816E-05  1.890628E-06
   2.572500E+03  5.331312E-05  1.893419E-06
   2.577500E+03  5.497414E-05  1.922686E-06
   2.582500E+03  5.374977E-05  1.901110E-06
   2.587500E+03  5.384777E-05  1.902830E-06
   2.592500E+03  5.487712E-05  1.920858E-06
   2.597500E+03  5.425426E-05  1.909957E-06
   2.602500E+03  5.442549E-05  1.912983E-06
   2.607500E+03  5.382394E-05  1.902305E-06
   2.612500E+03  5.301867E-05  1.887972E-06
   2.617500E+03  5.500477E-05  1.923083E-06
   2.622500E+03  5.501494E-05  1.923216E-06
   2.627500E+03  5.517679E-05  1.926089E-06
   2.632500E+03  5.576148E-05  1.936385E-06
   2.637500E+03  5.643958E-05  1.948034E-06
   2.642500E+03  5.602080E-05  1.940790E-06
   2.647500E+03  5.587278E-05  1.938072E-06
   2.652500E+03  5.629586E-05  1.945454E-06
   2.657500E+03  5.619147E-05  1.943768E-06
   2.662500E+03  5.688081E-05  1.955638E-06
   2.667500E+03  5.762172E-05  1.968330E-06
   2.672500E+03  5.717938E-05  1.960652E-06
   2.677500E+03  5.660915E-05  1.950876E-06
   2.682500E+03  5.650129E-05  1.949068E-06
   2.687500E+03  5.756131E-05  1.967184E-06
   2.692500E+03  5.706427E-05  1.958725E-06
   2.697500E+03  5.720344E-05  1.961170E-06
   2.702500E+03  5.852474E-05  1.983609E-06
   2.707500E+03  5.774697E-05  1.970377E-06
   2.712500E+03  5.769915E-05  1.969609E-06
   2.717500E+03  5.832815E-05  1.980308E-06
   2.722500E+03  5.776083E-05  1.970632E-06
   2.727500E+03  5.863150E-05  1.985262E-06
   2.732500E+03  5.741255E-05  1.964625E-06
   2.737500E+03  5.808772E-05  1.976116E-06
   2.742500E+03  5.850602E-05  1.983353E-06
   2.747500E+03  5.936902E-05  1.997886E-06
   2.752500E+03  5.882543E-05  1.988676E-06
   2.757500E+03  5.881151E-05  1.988301E-06
   2.762500E+03  5.888792E-05  1.989698E-06
   2.767500E+03  6.005757E-05  2.009444E-06
   2.772500E+03  6.086248E-05  2.022667E-06
   2.777500E+03  5.939858E-05  1.998268E-06
   2.782500E+03  6.058530E-05  2.018181E-06
   2.787500E+03  6.088946E-05  2.023163E-06
   2.792500E+03  5.998722E-05  2.008065E-06
   2.797500E+03  6.026100E-05  2.012693E-06
   2.802500E+03  6.023912E-05  2.012318E-06
   2.807500E+03  6.005939E-05  2.009316E-06
   2.812500E+03  6.041110E-05  2.015191E-06
   2.817500E+03  6.086675E-05  2.022790E-06
   2.822500E+03  6.152516E-05  2.033703E-06
   2.827500E+03  5.928960E-05  1.996381E-06
   2.832500E+03  6.147387E-05  2.032838E-06
   2.837500E+03  6.030079E-05  2.013319E-06
   2.842500E+03  6.164393E-05  2.034726E-06
   2.847500E+03  6.280747E-05  2.054863E-06
   2.852500E+03  6.147436E-05  2.032838E-06
   2.857500E+03  6.286222E-05  2.055721E-06
   2.862500E+03  6.319447E-05  2.061099E-06
   2.867500E+03  6.354804E-05  2.066845E-06
   2.872500E+03  6.311215E-05  2.059756E-06
   2.877500E+03  6.331755E-05  2.063053E-06
   2.882500E+03  6.318111E-05  2.060856E-06
   2.887500E+03  6.417943E-05  2.077035E-06
   2.892500E+03  6.415355E-05  2.076661E-06
   2.897500E+03  6.371338E-05  2.069504E-06
   2.902500E+03  6.438163E-05  2.080294E-06
   2.907500E+03  6.462339E-05  2.084277E-06
   2.912500E+03  6.572689E-05  2.099401E-06
   2.917500E+03  6.335927E-05  2.063900E-06
   2.922500E+03  6.354487E-05  2.066943E-06
   2.927500E+03  6.497673E-05  2.090058E-06
   2.932500E+03  6.384134E-05  2.071686E-06
   2.937500E+03  6.645941E-05  2.113866E-06
   2.942500E+03  6.555695E-05  2.099537E-06
   2.947500E+03  6.565203E-05  2.101093E-06
   2.952500E+03  6.600161E-05  2.106595E-06
   2.957500E+03  6.661859E-05  2.116479E-06
   2.962500E+03  6.563434E-05  2.100736E-06
   2.967500E+03  6.672627E-05  2.118259E-06
   2.972500E+03  6.763091E-05  2.132585E-06
   2.977500E+03  6.718164E-05  2.125374E-06
   2.982500E+03  6.738809E-05  2.124688E-06
   2.987500E+03  6.689033E-05  2.118808E-06
   2.992500E+03  6.838693E-05  2.144909E-06
   2.997500E+03  6.606619E-05  2.108244E-06
   3.002500E+03  6.698148E-05  2.122750E-06
   3.007500E+03  6.692376E-05  2.121803E-06
   3.012500E+03  6.701595E-05  2.123341E-06
   3.017500E+03  6.758830E-05  2.132326E-06
   3.022500E+03  6.827315E-05  2.143148E-06
   3.027500E+03  6.638266E-05  2.113250E-06
   3.032500E+03  6.837141E-05  2.144674E-06
   3.037500E+03  6.876806E-05  2.150880E-06
   3.042500E+03  6.887435E-05  2.152517E-06
   3.047500E+03  6.865933E-05  2.149127E-06
   3.052500E+03  6.948521E-05  2.162076E-06
   3.057500E+03  6.856374E-05  2.147719E-06
   3.062500E+03  6.939653E-05  2.160680E-06
   3.067500E+03  6.957547E-05  2.163472E-06
   3.072500E+03  7.032172E-05  2.175065E-06
   3.077500E+03  6.965480E-05  2.164748E-06
   3.082500E+03  6.910055E-05  2.156021E-06
   3.087500E+03  7.033826E-05  2.175297E-06
   3.092500E+03  6.975442E-05  2.166260E-06
   3.097500E+03  7.052763E-05  2.178187E-06
   3.102500E+03  7.071300E-05  2.181070E-06
   3.107500E+03  7.082275E-05  2.182687E-06
   3.112500E+03  7.082114E-05  2.182686E-06
   3.117500E+03  7.185562E-05  2.198641E-06
   3.122500E+03  7.135801E-05  2.190966E-06
   3.127500E+03  7.108420E-05  2.186716E-06
   3.132500E+03  7.100063E-05  2.185450E-06
   3.137500E+03  7.288415E-05  2.214259E-06
   3.142500E+03  7.239161E-05  2.206750E-06
   3.147500E+03  7.358423E-05  2.224908E-06
   3.152500E+03  7.189029E-05  2.199101E-06
   3.157500E+03  7.193412E-05  2.199787E-06
   3.162500E+03  7.169560E-05  2.196126E-06
   3.167500E+03  7.433260E-05  2.236183E-06
   3.172500E+03  7.338885E-05  2.221639E-06
   3.177500E+03  7.359110E-05  2.224912E-06
   3.182500E+03  7.299046E-05  2.215849E-06
   3.187500E+03  7.289368E-05  2.214154E-06
   3.192500E+03  7.334834E-05  2.221290E-06
   3.197500E+03  7.414723E-05  2.233371E-06
   3.202500E+03  7.541406E-05  2.252430E-06
   3.207500E+03  7.405054E-05  2.231907E-06
   3.212500E+03  7.558978E-05  2.254998E-06
   3.217500E+03  7.494424E-05  2.245386E-06
   3.222500E+03  7.341484E-05  2.222308E-06
   3.227500E+03  7.535447E-05  2.251537E-06
   3.232500E+03  7.498163E-05  2.245945E-06
   3.237500E+03  7.533576E-05  2.251203E-06
   3.242500E+03  7.561771E-05  2.255120E-06
   3.247500E+03  7.607163E-05  2.262234E-06
   3.252500E+03  7.663279E-05  2.270556E-06
   3.257500E+03  7.674778E-05  2.271898E-06
   3.262500E+03  7.632796E-05  2.265154E-06
   3.267500E+03  7.599073E-05  2.261119E-06
   3.272500E+03  7.637908E-05  2.266894E-06
   3.277500E+03  7.579575E-05  2.258225E-06
   3.282500E+03  7.625916E-05  2.265119E-06
   3.287500E+03  7.682753E-05  2.273541E-06
   3.292500E+03  7.706711E-05  2.277078E-06
   3.297500E+03  7.679707E-05  2.273098E-06
   3.302500E+03  7.656577E-05  2.269666E-06
   3.307500E+03  7.810609E-05  2.292377E-06
   3.312500E+03  7.864454E-05  2.300263E-06
   3.317500E+03  7.810608E-05  2.292377E-06
   3.322500E+03  7.774764E-05  2.287106E-06
   3.327500E+03  7.947518E-05  2.312366E-06
   3.332500E+03  7.785181E-05  2.288645E-06
   3.337500E+03  7.880185E-05  2.302557E-06
   3.342500E+03  7.911595E-05  2.307140E-06
   3.347500E+03  8.030449E-05  2.324406E-06
   3.352500E+03  7.942258E-05  2.311605E-06
   3.357500E+03  7.938516E-05  2.311061E-06
   3.362500E+03  8.029034E-05  2.324190E-06
   3.367500E+03  7.983388E-05  2.317580E-06
   3.372500E+03  8.031947E-05  2.324622E-06
   3.377500E+03  8.083601E-05  2.332075E-06
   3.382500E+03  7.898080E-05  2.305177E-06
   3.387500E+03  8.062608E-05  2.329053E-06
   3.392500E+03  8.057400E-05  2.328298E-06
   3.397500E+03  8.225024E-05  2.352367E-06
   3.402500E+03  8.185308E-05  2.346694E-06
   3.407500E+03  8.188405E-05  2.347124E-06
   3.412500E+03  8.141906E-05  2.340471E-06
   3.417500E+03  8.255633E-05  2.356746E-06
   3.422500E+03  8.172675E-05  2.344872E-06
   3.427500E+03  8.117200E-05  2.336922E-06
   3.432500E+03  8.287017E-05  2.361223E-06
   3.437500E+03  8.203978E-05  2.349372E-06
   3.442500E+03  8.174171E-05  2.345087E-06
   3.447500E+03  8.200425E-05  2.348837E-06
   3.452500E+03  8.180153E-05  2.345945E-06
   3.457500E+03  8.370777E-05  2.373121E-06
   3.462500E+03  8.369333E-05  2.372909E-06
   3.467500E+03  8.338591E-05  2.368560E-06
   3.472500E+03  8.318426E-05  2.365692E-06
   3.477500E+03  8.419385E-05  2.379999E-06
   3.482500E+03  8.404402E-05  2.377885E-06
   3.487500E+03  8.414899E-05  2.379365E-06
   3.492500E+03  8.445587E-05  2.383694E-06
   3.497500E+03  8.588375E-05  2.403759E-06
   3.502500E+03  8.587759E-05  2.403655E-06
   3.507500E+03  8.384262E-05  2.375028E-06
   3.512500E+03  8.397671E-05  2.376933E-06
   3.517500E+03  8.510036E-05  2.392750E-06
   3.522500E+03  8.595079E-05  2.404700E-06
   3.527500E+03  8.668394E-05  2.414926E-06
   3.532500E+03  8.700606E-05  2.419400E-06
   3.537500E+03  8.710647E-05  2.420752E-06
   3.542500E+03  8.490378E-05  2.390015E-06
   3.547500E+03  8.700526E-05  2.419399E-06
   3.552500E+03  8.604052E-05  2.405954E-06
   3.557500E+03  8.628759E-05  2.409401E-06
   3.562500E+03  8.708003E-05  2.420438E-06
   3.567500E+03  8.675097E-05  2.415863E-06
   3.572500E+03  8.728195E-05  2.423242E-06
   3.577500E+03  8.712491E-05  2.421062E-06
   3.582500E+03  8.660141E-05  2.413780E-06
   3.587500E+03  8.610783E-05  2.406895E-06
   3.592500E+03  8.765589E-05  2.428425E-06
   3.597500E+03  8.794754E-05  2.432460E-06
   3.602500E+03  8.986954E-05  2.458883E-06
   3.607500E+03  8.937594E-05  2.452125E-06
   3.612500E+03  8.838130E-05  2.438448E-06
   3.617500E+03  8.964517E-05  2.455814E-06
   3.622500E+03  8.892723E-05  2.445964E-06
   3.627500E+03  8.905437E-05  2.447711E-06
   3.632500E+03  8.966013E-05  2.456018E-06
   3.637500E+03  8.878515E-05  2.444010E-06
   3.642500E+03  8.969753E-05  2.456530E-06
   3.647500E+03  8.945820E-05  2.453252E-06
   3.652500E+03  8.942081E-05  2.452740E-06
   3.657500E+03  8.960030E-05  2.455199E-06
   3.662500E+03  8.896462E-05  2.446478E-06
   3.667500E+03  9.049772E-05  2.467458E-06
   3.672500E+03  9.056502E-05  2.468375E-06
   3.677500E+03  9.217291E-05  2.490181E-06
   3.682500E+03  9.315260E-05  2.503373E-06
   3.687500E+03  9.191116E-05  2.486644E-06
   3.692500E+03  9.035563E-05  2.465521E-06
   3.697500E+03  9.233744E-05  2.492401E-06
   3.702500E+03  9.114087E-05  2.476207E-06
   3.707500E+03  9.188873E-05  2.486341E-06
   3.712500E+03  9.161949E-05  2.482697E-06
   3.717500E+03  9.075947E-05  2.471023E-06
   3.722500E+03  9.368357E-05  2.510495E-06
   3.727500E+03  9.230005E-05  2.491897E-06
   3.732500E+03  9.327225E-05  2.504980E-06
   3.737500E+03  9.294320E-05  2.500559E-06
   3.742500E+03  9.456604E-05  2.522285E-06
   3.747500E+03  9.357139E-05  2.508992E-06
   3.752500E+03  9.353400E-05  2.508491E-06
   3.757500E+03  9.316755E-05  2.503574E-06
   3.762500E+03  9.399767E-05  2.514698E-06
   3.767500E+03  9.516433E-05  2.530248E-06
   3.772500E+03  9.332460E-05  2.505682E-06
   3.777500E+03  9.330964E-05  2.505482E-06
   3.782500E+03  9.452865E-05  2.521787E-06
   3.787500E+03  9.351156E-05  2.508190E-06
   3.792500E+03  9.474552E-05  2.524677E-06
   3.797500E+03  9.488761E-05  2.526568E-06
   3.802500E+03  9.426690E-05  2.518295E-06
   3.807500E+03  9.519423E-05  2.530645E-06
   3.812500E+03  9.483526E-05  2.525872E-06
   3.817500E+03  9.662263E-05  2.549552E-06
   3.822500E+03  9.504466E-05  2.528657E-06
   3.827500E+03  9.720596E-05  2.557232E-06
   3.832500E+03  9.551581E-05  2.534914E-06
   3.837500E+03  9.639079E-05  2.546493E-06
   3.842500E+03  9.672733E-05  2.550932E-06
   3.847500E+03  9.570277E-05  2.537392E-06
   3.852500E+03  9.830529E-05  2.571645E-06
   3.857500E+03  9.701899E-05  2.554773E-06
   3.862500E+03  9.615148E-05  2.543331E-06
   3.867500E+03  9.728074E-05  2.558215E-06
   3.872500E+03  9.627862E-05  2.545011E-06
   3.877500E+03  9.888115E-05  2.579162E-06
   3.882500E+03  9.832773E-05  2.571938E-06
   3.887500E+03  9.793885E-05  2.566850E-06
   3.892500E+03  9.804355E-05  2.568221E-06
   3.897500E+03  9.774440E-05  2.564302E-06
   3.902500E+03  9.776684E-05  2.564596E-06
   3.907500E+03  1.008031E-04  2.604095E-06
   3.912500E+03  9.932986E-05  2.585005E-06
   3.917500E+03  9.738544E-05  2.559591E-06
   3.922500E+03  1.002946E-04  2.597522E-06
   3.927500E+03  1.009228E-04  2.605640E-06
   3.932500E+03  9.965891E-05  2.589281E-06
   3.937500E+03  1.017080E-04  2.615752E-06
   3.942500E+03  1.010499E-04  2.607279E-06
   3.947500E+03  1.015061E-04  2.613155E-06
   3.952500E+03  1.001674E-04  2.595875E-06
   3.957500E+03  9.848478E-05  2.573990E-06
   3.962500E+03  1.002048E-04  2.596360E-06
   3.967500E+03  9.994309E-05  2.592968E-06
   3.972500E+03  1.011023E-04  2.607954E-06
   3.977500E+03  1.016856E-04  2.615463E-06
   3.982500E+03  1.012518E-04  2.609882E-06
   3.987500E+03  1.013266E-04  2.610845E-06
   3.992500E+03  9.965890E-05  2.589281E-06
   3.997500E+03  1.014986E-04  2.613059E-06
   4.002500E+03  1.032411E-04  2.635382E-06
   4.007500E+03  1.027550E-04  2.629174E-06
   4.012500E+03  1.015809E-04  2.614117E-06
   4.017500E+03  1.004666E-04  2.599747E-06
   4.022500E+03  1.003993E-04  2.598876E-06
   4.027500E+03  1.027401E-04  2.628982E-06
   4.032500E+03  1.024185E-04  2.624867E-06
   4.037500E+03  1.016108E-04  2.614502E-06
   4.042500E+03  1.019698E-04  2.619114E-06
   4.047500E+03  1.031140E-04  2.633760E-06
   4.052500E+03  1.030841E-04  2.633378E-06
   4.057500E+03  1.039217E-04  2.644049E-06
   4.062500E+03  1.051182E-04  2.659220E-06
   4.067500E+03  1.034730E-04  2.638338E-06
   4.072500E+03  1.043779E-04  2.649843E-06
   4.077500E+03  1.036973E-04  2.641195E-06
   4.082500E+03  1.043330E-04  2.649274E-06
   4.087500E+03  1.039142E-04  2.643954E-06
   4.092500E+03  1.041984E-04  2.647565E-06
   4.097500E+03  1.041909E-04  2.647470E-06
   4.102500E+03  1.043853E-04  2.649938E-06
   4.107500E+03  1.046471E-04  2.653257E-06
   4.112500E+03  1.049986E-04  2.657706E-06
   4.117500E+03  1.049238E-04  2.656760E-06
   4.122500E+03  1.055071E-04  2.664131E-06
   4.127500E+03  1.049986E-04  2.657706E-06
   4.132500E+03  1.052977E-04  2.661488E-06
   4.137500E+03  1.056268E-04  2.665641E-06
   4.142500E+03  1.061577E-04  2.672329E-06
   4.147500E+03  1.073693E-04  2.687526E-06
   4.152500E+03  1.070178E-04  2.683126E-06
   4.157500E+03  1.064270E-04  2.675714E-06
   4.162500E+03  1.056642E-04  2.666112E-06
   4.167500E+03  1.055595E-04  2.664792E-06
   4.172500E+03  1.054548E-04  2.663471E-06
   4.177500E+03  1.065840E-04  2.677686E-06
   4.182500E+03  1.062624E-04  2.673646E-06
   4.187500E+03  1.062251E-04  2.673175E-06
   4.192500E+03  1.086930E-04  2.704033E-06
   4.197500E+03  1.059857E-04  2.670164E-06
   4.202500E+03  1.079002E-04  2.694160E-06
   4.207500E+03  1.072197E-04  2.685655E-06
   4.212500E+03  1.077357E-04  2.692106E-06
   4.217500E+03  1.097998E-04  2.717758E-06
   4.222500E+03  1.083564E-04  2.699846E-06
   4.227500E+03  1.076983E-04  2.691639E-06
   4.232500E+03  1.071449E-04  2.684719E-06
   4.237500E+03  1.080199E-04  2.695653E-06
   4.242500E+03  1.080498E-04  2.696026E-06
   4.247500E+03  1.081396E-04  2.697144E-06
   4.252500E+03  1.080274E-04  2.695746E-06
   4.257500E+03  1.088500E-04  2.705985E-06
   4.262500E+03  1.088650E-04  2.706171E-06
   4.267500E+03  1.076983E-04  2.691639E-06
   4.272500E+03  1.101887E-04  2.722564E-06
   4.277500E+03  1.087528E-04  2.704777E-06
   4.282500E+03  1.080947E-04  2.696585E-06
   4.287500E+03  1.090519E-04  2.708492E-06
   4.292500E+03  1.084686E-04  2.701243E-06
   4.297500E+03  1.092314E-04  2.710719E-06
   4.302500E+03  1.087079E-04  2.704219E-06
   4.307500E+03  1.106299E-04  2.728007E-06
   4.312500E+03  1.083639E-04  2.699939E-06
   4.317500E+03  1.076086E-04  2.690518E-06
   4.322500E+03  1.090145E-04  2.708028E-06
   4.327500E+03  1.102111E-04  2.722841E-06
   4.332500E+03  1.097175E-04  2.716741E-06
   4.337500E+03  1.097774E-04  2.717481E-06
   4.342500E+03  1.106449E-04  2.728191E-06
   4.347500E+03  1.105701E-04  2.727270E-06
   4.352500E+03  1.112132E-04  2.735186E-06
   4.357500E+03  1.117367E-04  2.741612E-06
   4.362500E+03  1.111983E-04  2.735002E-06
   4.367500E+03  1.100914E-04  2.721364E-06
   4.372500E+03  1.103233E-04  2.724226E-06
   4.377500E+03  1.102709E-04  2.723580E-06
   4.382500E+03  1.096577E-04  2.716000E-06
   4.387500E+03  1.097773E-04  2.717481E-06
   4.392500E+03  1.112506E-04  2.735645E-06
   4.397500E+03  1.108916E-04  2.731230E-06
   4.402500E+03  1.119835E-04  2.744636E-06
   4.407500E+03  1.113329E-04  2.736656E-06
   4.412500E+03  1.115273E-04  2.739043E-06
   4.417500E+03  1.133745E-04  2.761620E-06
   4.422500E+03  1.121032E-04  2.746101E-06
   4.427500E+03  1.133895E-04  2.761802E-06
   4.432500E+03  1.124696E-04  2.750583E-06
   4.437500E+03  1.124696E-04  2.750583E-06
   4.442500E+03  1.105551E-04  2.727085E-06
   4.447500E+03  1.122378E-04  2.747749E-06
   4.452500E+03  1.116694E-04  2.740787E-06
   4.457500E+03  1.119536E-04  2.744270E-06
   4.462500E+03  1.114675E-04  2.738309E-06
   4.467500E+03  1.128286E-04  2.754967E-06
   4.472500E+03  1.118040E-04  2.742437E-06
   4.477500E+03  1.134867E-04  2.762985E-06
   4.482500E+03  1.125369E-04  2.751406E-06
   4.487500E+03  1.132549E-04  2.760163E-06
   4.492500E+03  1.133371E-04  2.761165E-06
   4.497500E+03  1.123500E-04  2.749121E-06
   4.502500E+03  1.129856E-04  2.756883E-06
   4.507500E+03  1.133296E-04  2.761074E-06
   4.512500E+03  1.137484E-04  2.766168E-06
   4.517500E+03  1.134269E-04  2.762257E-06
   4.522500E+03  1.130829E-04  2.758068E-06
   4.527500E+03  1.155956E-04  2.788525E-06
   4.532500E+03  1.132474E-04  2.760072E-06
   4.537500E+03  1.139354E-04  2.768439E-06
   4.542500E+03  1.163958E-04  2.798155E-06
   4.547500E+03  1.154685E-04  2.786992E-06
   4.552500E+03  1.139578E-04  2.768712E-06
   4.557500E+03  1.133371E-04  2.761165E-06
   4.562500E+03  1.144963E-04  2.775241E-06
   4.567500E+03  1.150347E-04  2.781756E-06
   4.572500E+03  1.161042E-04  2.794649E-06
   4.577500E+03  1.142495E-04  2.772250E-06
   4.582500E+03  1.137858E-04  2.766622E-06
   4.587500E+03  1.145935E-04  2.776419E-06
   4.592500E+03  1.144813E-04  2.775060E-06
   4.597500E+03  1.154610E-04  2.786902E-06
   4.602500E+03  1.154087E-04  2.786270E-06
   4.607500E+03  1.146683E-04  2.777324E-06
   4.612500E+03  1.158424E-04  2.791498E-06
   4.617500E+03  1.144439E-04  2.774607E-06
   4.622500E+03  1.156181E-04  2.788796E-06
   4.627500E+03  1.148328E-04  2.779314E-06
   4.632500E+03  1.156031E-04  2.788615E-06
   4.637500E+03  1.163884E-04  2.798065E-06
   4.642500E+03  1.151694E-04  2.783382E-06
   4.647500E+03  1.169941E-04  2.805332E-06
   4.652500E+03  1.159097E-04  2.792309E-06
   4.657500E+03  1.171960E-04  2.807751E-06
   4.662500E+03  1.164033E-04  2.798244E-06
   4.667500E+03  1.163734E-04  2.797885E-06
   4.672500E+03  1.163734E-04  2.797885E-06
   4.677500E+03  1.169343E-04  2.804615E-06
   4.682500E+03  1.177794E-04  2.814726E-06
   4.687500E+03  1.169493E-04  2.804795E-06
   4.692500E+03  1.179215E-04  2.816422E-06
   4.697500E+03  1.172484E-04  2.808378E-06
   4.702500E+03  1.178317E-04  2.815351E-06
   4.707500E+03  1.176148E-04  2.812760E-06
   4.712500E+03  1.193125E-04  2.832975E-06
   4.717500E+03  1.177794E-04  2.814726E-06
   4.722500E+03  1.183702E-04  2.821772E-06
   4.727500E+03  1.188638E-04  2.827646E-06
   4.732500E+03  1.180187E-04  2.817582E-06
   4.737500E+03  1.193947E-04  2.833951E-06
   4.742500E+03  1.197387E-04  2.838028E-06
   4.747500E+03  1.198285E-04  2.839091E-06
   4.752500E+03  1.202922E-04  2.844575E-06
   4.757500E+03  1.201276E-04  2.842630E-06
   4.762500E+03  1.217729E-04  2.862019E-06
   4.767500E+03  1.215710E-04  2.859646E-06
   4.772500E+03  1.199855E-04  2.840949E-06
   4.777500E+03  1.218552E-04  2.862985E-06
   4.782500E+03  1.219374E-04  2.863950E-06
   4.787500E+03  1.205913E-04  2.848108E-06
   4.792500E+03  1.217430E-04  2.861667E-06
   4.797500E+03  1.216383E-04  2.860437E-06
   4.802500E+03  1.217430E-04  2.861667E-06
   4.807500E+03  1.222814E-04  2.867985E-06
   4.812500E+03  1.233434E-04  2.880404E-06
   4.817500E+03  1.234631E-04  2.881800E-06
   4.822500E+03  1.228349E-04  2.874463E-06
   4.827500E+03  1.216308E-04  2.860349E-06
   4.832500E+03  1.241286E-04  2.889552E-06
   4.837500E+03  1.249662E-04  2.899279E-06
   4.842500E+03  1.242483E-04  2.890944E-06
   4.847500E+03  1.255421E-04  2.905947E-06
   4.852500E+03  1.244128E-04  2.892856E-06
   4.857500E+03  1.247269E-04  2.896503E-06
   4.862500E+03  1.257889E-04  2.908800E-06
   4.867500E+03  1.282418E-04  2.937007E-06
   4.872500E+03  1.259758E-04  2.910960E-06
   4.877500E+03  1.288626E-04  2.944102E-06
   4.882500E+03  1.287653E-04  2.942991E-06
   4.887500E+03  1.311061E-04  2.969603E-06
   4.892500E+03  1.339779E-04  3.001929E-06
   4.897500E+03  1.352567E-04  3.016212E-06
   4.902500E+03  1.361691E-04  3.026361E-06
   4.907500E+03  1.359746E-04  3.024201E-06
   4.912500E+03  1.368646E-04  3.034075E-06
   4.917500E+03  1.348379E-04  3.011542E-06
   4.922500E+03  1.348229E-04  3.011375E-06
   4.927500E+03  1.308967E-04  2.967232E-06
   4.932500E+03  1.380462E-04  3.047135E-06
   4.937500E+03  1.469456E-04  3.143751E-06
   4.942500E+03  1.597040E-04  3.277282E-06
   4.947500E+03  1.904109E-04  3.578231E-06
   4.952500E+03  1.751846E-04  3.432314E-06
   4.957500E+03  1.755959E-04  3.436337E-06
   4.962500E+03  1.616110E-04  3.296775E-06
   4.967500E+03  1.522330E-04  3.199767E-06
   4.972500E+03  1.438121E-04  3.110076E-06
   4.977500E+03  1.344490E-04  3.007199E-06
   4.982500E+03  1.274715E-04  2.928179E-06
   4.987500E+03  1.175101E-04  2.811509E-06
   4.992500E+03  1.093137E-04  2.711739E-06
   4.997500E+03  1.442863E-03  9.819054E-06
