 #  Results from PENEPMA.
 #  Energy distribution of upbound photons.
 #  1st column: E (eV).
 #  2nd and 3rd columns: probability density and STU (1/(eV*particle)).

   2.500000E+00  1.000000E-35  1.000000E-35
   7.500001E+00  1.000000E-35  1.000000E-35
   1.250000E+01  1.000000E-35  1.000000E-35
   1.750000E+01  1.000000E-35  1.000000E-35
   2.250000E+01  1.000000E-35  1.000000E-35
   2.750000E+01  1.000000E-35  1.000000E-35
   3.250000E+01  1.000000E-35  1.000000E-35
   3.750000E+01  1.000000E-35  1.000000E-35
   4.250000E+01  1.000000E-35  1.000000E-35
   4.750000E+01  8.994068E-13  2.698220E-12
   5.250001E+01  2.206246E-06  1.572390E-08
   5.750001E+01  2.015137E-06  1.871754E-08
   6.250001E+01  1.761166E-06  1.343248E-08
   6.750001E+01  3.058453E-06  6.015294E-08
   7.250001E+01  2.914905E-06  5.962120E-08
   7.750001E+01  1.239661E-06  1.054179E-08
   8.250001E+01  1.086364E-06  8.594775E-09
   8.750001E+01  9.850638E-07  9.082353E-09
   9.250001E+01  8.592764E-07  8.991433E-09
   9.750001E+01  7.195056E-07  7.205997E-09
   1.025000E+02  6.121177E-07  7.447434E-09
   1.075000E+02  1.928575E-06  5.828319E-08
   1.125000E+02  1.093360E-06  3.930386E-08
   1.175000E+02  4.114429E-07  4.851541E-09
   1.225000E+02  3.784210E-07  5.016537E-09
   1.275000E+02  3.505766E-07  4.667113E-09
   1.325000E+02  3.299733E-07  5.163192E-09
   1.375000E+02  3.088666E-07  4.698321E-09
   1.425000E+02  2.924533E-07  4.683814E-09
   1.475000E+02  2.779976E-07  4.247130E-09
   1.525000E+02  2.689447E-07  4.525842E-09
   1.575000E+02  2.578081E-07  3.836035E-09
   1.625000E+02  4.452775E-07  2.191020E-08
   1.675000E+02  3.455052E-07  1.593628E-08
   1.725000E+02  2.406203E-07  3.899301E-09
   1.775000E+02  2.377780E-07  4.132148E-09
   1.825000E+02  2.324756E-07  3.551748E-09
   1.875000E+02  2.271820E-07  3.170421E-09
   1.925000E+02  2.174249E-07  3.622496E-09
   1.975000E+02  2.116474E-07  3.248995E-09
   2.025000E+02  2.084814E-07  3.340281E-09
   2.075000E+02  2.040585E-07  2.708380E-09
   2.125000E+02  2.032022E-07  2.821149E-09
   2.175000E+02  2.165697E-07  6.492015E-09
   2.225000E+02  2.035678E-07  3.427523E-09
   2.275000E+02  2.004075E-07  3.135151E-09
   2.325000E+02  1.990982E-07  2.815124E-09
   2.375000E+02  2.474974E-07  1.126725E-08
   2.425000E+02  2.710272E-07  1.358627E-08
   2.475000E+02  1.956187E-07  2.450143E-09
   2.525000E+02  1.945917E-07  2.175539E-09
   2.575000E+02  8.769048E-06  1.431391E-07
   2.625000E+02  4.467159E-06  1.010630E-07
   2.675000E+02  1.873866E-07  2.010914E-09
   2.725000E+02  1.867993E-07  2.009739E-09
   2.775000E+02  1.929593E-07  4.457098E-09
   2.825000E+02  1.863317E-07  1.844935E-09
   2.875000E+02  1.845447E-07  1.458257E-09
   2.925000E+02  4.201680E-07  2.370382E-08
   2.975000E+02  1.755171E-07  1.249147E-08
   3.025000E+02  1.051421E-07  2.001933E-09
   3.075000E+02  1.168220E-07  1.486283E-09
   3.125000E+02  1.210068E-07  1.872261E-09
   3.175000E+02  1.217246E-07  1.696974E-09
   3.225000E+02  1.213883E-07  1.498704E-09
   3.275000E+02  1.230116E-07  1.876445E-09
   3.325000E+02  1.234820E-07  1.701165E-09
   3.375000E+02  1.234551E-07  1.504108E-09
   3.425000E+02  1.243446E-07  1.506668E-09
   3.475000E+02  1.255696E-07  1.706192E-09
   3.525000E+02  1.255193E-07  1.509908E-09
   3.575000E+02  1.271921E-07  1.710026E-09
   3.625000E+02  1.076548E-06  4.761316E-08
   3.675000E+02  1.285519E-07  1.888445E-09
   3.725000E+02  1.282527E-07  1.019623E-09
   3.775000E+02  1.287256E-07  1.713707E-09
   3.825000E+02  1.254337E-07  1.705775E-09
   3.875000E+02  1.254930E-07  1.881731E-09
   3.925000E+02  1.243581E-07  1.703286E-09
   3.975000E+02  1.248520E-07  1.281732E-09
   4.025000E+02  1.256936E-07  1.882359E-09
   4.075000E+02  1.253745E-07  1.283375E-09
   4.125000E+02  1.265868E-07  1.708583E-09
   4.175000E+02  1.263656E-07  1.511925E-09
   4.225000E+02  1.277505E-07  2.046993E-09
   4.275000E+02  1.271877E-07  1.514101E-09
   4.325000E+02  1.271087E-07  1.014818E-09
   4.375000E+02  1.290834E-07  2.049627E-09
   4.425000E+02  1.276663E-07  1.017331E-09
   4.475000E+02  1.296382E-07  2.199459E-09
   4.525000E+02  1.287563E-07  1.293868E-09
   4.575000E+02  1.295496E-07  1.296607E-09
   4.625000E+02  1.305018E-07  1.892467E-09
   4.675000E+02  1.298409E-07  1.521312E-09
   4.725000E+02  1.301080E-07  1.716781E-09
   4.775000E+02  1.293993E-07  1.520116E-09
   4.825000E+02  1.316217E-07  1.720464E-09
   4.875000E+02  1.307798E-07  1.718317E-09
   4.925000E+02  1.309138E-07  1.718706E-09
   4.975000E+02  1.317240E-07  2.054892E-09
   5.025001E+02  1.317025E-07  1.895147E-09
   5.075001E+02  1.308554E-07  1.523998E-09
   5.125001E+02  1.315999E-07  2.054469E-09
   5.175001E+02  1.323841E-07  2.204451E-09
   5.225001E+02  1.318527E-07  1.895330E-09
   5.275001E+02  1.331073E-07  2.205678E-09
   5.325001E+02  1.316972E-07  1.720555E-09
   5.375001E+02  1.339723E-07  2.476770E-09
   5.425001E+02  1.324130E-07  2.056162E-09
   5.475001E+02  1.321459E-07  1.896007E-09
   5.525001E+02  1.314777E-07  1.894818E-09
   5.575001E+02  1.319328E-07  1.895630E-09
   5.625001E+02  1.316647E-07  2.054783E-09
   5.675001E+02  1.330478E-07  2.345107E-09
   5.725001E+02  1.321621E-07  1.896241E-09
   5.775001E+02  1.318151E-07  1.526550E-09
   5.825001E+02  1.307287E-07  1.300220E-09
   5.875001E+02  1.313141E-07  1.525179E-09
   5.925001E+02  1.316893E-07  1.303012E-09
   5.975001E+02  1.318600E-07  1.720777E-09
   6.025001E+02  1.309552E-07  1.718789E-09
   6.075001E+02  1.312673E-07  1.719461E-09
   6.125001E+02  1.307214E-07  1.523541E-09
   6.175001E+02  1.316828E-07  1.894879E-09
   6.225001E+02  1.307385E-07  1.523443E-09
   6.275001E+02  1.299921E-07  1.297776E-09
   6.325001E+02  1.302493E-07  1.298609E-09
   6.375001E+02  1.302140E-07  1.891885E-09
   6.425001E+02  1.308362E-07  2.340396E-09
   6.475001E+02  1.300962E-07  1.891597E-09
   6.525001E+02  1.292878E-07  1.519577E-09
   6.575001E+02  1.296978E-07  1.890703E-09
   6.625001E+02  1.295808E-07  1.890521E-09
   6.675001E+02  1.297634E-07  1.891023E-09
   6.725001E+02  1.287823E-07  1.518374E-09
   6.775001E+02  1.283552E-07  1.292693E-09
   6.825001E+02  1.285394E-07  1.713136E-09
   6.875001E+02  1.272372E-07  1.289310E-09
   6.925001E+02  1.274162E-07  1.289725E-09
   6.975001E+02  1.273990E-07  1.514737E-09
   7.025001E+02  1.272730E-07  1.885407E-09
   7.075001E+02  1.264008E-07  1.286331E-09
   7.125001E+02  1.275886E-07  2.046875E-09
   7.175001E+02  1.268692E-07  1.709006E-09
   7.225001E+02  1.256803E-07  1.284278E-09
   7.275001E+02  1.261569E-07  1.707391E-09
   7.325001E+02  1.248052E-07  1.281592E-09
   7.375001E+02  1.252701E-07  1.508943E-09
   7.425001E+02  1.241109E-07  1.002787E-09
   7.475001E+02  1.237070E-07  1.278115E-09
   7.525001E+02  1.242106E-07  1.506201E-09
   7.575001E+02  1.233005E-07  1.276806E-09
   7.625001E+02  1.238104E-07  1.505010E-09
   7.675001E+02  1.226717E-07  1.699161E-09
   7.725001E+02  1.232411E-07  1.503639E-09
   7.775001E+02  1.225279E-07  1.274146E-09
   7.825001E+02  1.211194E-07  1.269841E-09
   7.875001E+02  1.222022E-07  1.697955E-09
   7.925001E+02  1.225824E-07  2.186147E-09
   7.975001E+02  1.219431E-07  1.697481E-09
   8.025001E+02  1.207155E-07  1.496666E-09
   8.075001E+02  1.199448E-07  1.266054E-09
   8.125001E+02  1.202254E-07  1.495451E-09
   8.175001E+02  1.220075E-07  2.457012E-09
   8.225001E+02  1.203027E-07  1.495507E-09
   8.275001E+02  1.185048E-07  1.490677E-09
   8.325001E+02  1.194330E-07  1.493341E-09
   8.375001E+02  1.184993E-07  1.689035E-09
   8.425001E+02  1.187557E-07  1.689846E-09
   8.475001E+02  1.179840E-07  1.687847E-09
   8.525001E+02  1.169344E-07  1.685603E-09
   8.575001E+02  1.162906E-07  9.705941E-10
   8.625001E+02  1.165693E-07  1.255237E-09
   8.675001E+02  1.176474E-07  2.026930E-09
   8.725001E+02  1.158820E-07  1.682774E-09
   8.775001E+02  1.152895E-07  1.251010E-09
   8.825001E+02  1.150791E-07  9.652837E-10
   8.875001E+02  1.144054E-07  9.626031E-10
   8.925001E+02  1.149899E-07  1.481059E-09
   8.975001E+02  1.142696E-07  1.247761E-09
   9.025001E+02  1.136992E-07  1.678854E-09
   9.075001E+02  1.138297E-07  1.477964E-09
   9.125001E+02  1.124474E-07  9.545964E-10
   9.175001E+02  1.120058E-07  1.240325E-09
   9.225001E+02  1.112682E-07  1.237820E-09
   9.275001E+02  1.117440E-07  1.472177E-09
   9.325001E+02  1.124948E-07  1.853608E-09
   9.375001E+02  1.112052E-07  1.470699E-09
   9.425001E+02  1.123095E-07  2.016219E-09
   9.475001E+02  1.101260E-07  1.234285E-09
   9.525001E+02  1.099227E-07  1.233495E-09
   9.575001E+02  1.097599E-07  1.233149E-09
   9.625001E+02  1.094137E-07  1.231809E-09
   9.675001E+02  1.089890E-07  1.666226E-09
   9.725001E+02  1.084611E-07  1.463187E-09
   9.775001E+02  1.089386E-07  1.845721E-09
   9.825001E+02  1.076743E-07  9.342433E-10
   9.875001E+02  1.077893E-07  1.226503E-09
   9.925001E+02  1.075554E-07  1.460682E-09
   9.975001E+02  1.064536E-07  1.457588E-09
   1.002500E+03  1.068620E-07  1.458727E-09
   1.007500E+03  1.053879E-07  1.218438E-09
   1.012500E+03  1.056478E-07  1.455324E-09
   1.017500E+03  1.063286E-07  1.457164E-09
   1.022500E+03  1.041018E-07  1.214196E-09
   1.027500E+03  1.045200E-07  1.215769E-09
   1.032500E+03  1.037104E-07  1.449948E-09
   1.037500E+03  1.033212E-07  9.150251E-10
   1.042500E+03  1.031278E-07  9.138821E-10
   1.047500E+03  1.037599E-07  1.450050E-09
   1.052500E+03  1.026591E-07  1.209545E-09
   1.057500E+03  1.022041E-07  9.102092E-10
   1.062500E+03  1.023370E-07  1.649784E-09
   1.067500E+03  1.009691E-07  1.203786E-09
   1.072500E+03  1.004520E-07  9.020557E-10
   1.077500E+03  1.006679E-07  9.029915E-10
   1.082500E+03  1.000176E-07  9.000237E-10
   1.087500E+03  1.011884E-07  1.828566E-09
   1.092500E+03  9.947799E-08  8.978410E-10
   1.097500E+03  9.970547E-08  1.199390E-09
   1.102500E+03  9.954717E-08  1.198969E-09
   1.107500E+03  9.889600E-08  1.196738E-09
   1.112500E+03  9.826649E-08  8.922124E-10
   1.117500E+03  9.851997E-08  1.435393E-09
   1.122500E+03  9.765849E-08  8.894562E-10
   1.127500E+03  9.743896E-08  1.191975E-09
   1.132500E+03  9.713316E-08  1.190529E-09
   1.137500E+03  9.653596E-08  1.188507E-09
   1.142500E+03  9.660071E-08  1.189020E-09
   1.147500E+03  9.609442E-08  8.823105E-10
   1.152500E+03  9.505471E-08  8.775662E-10
   1.157500E+03  9.509608E-08  8.776062E-10
   1.162500E+03  9.477859E-08  8.763185E-10
   1.167500E+03  9.512748E-08  1.183936E-09
   1.172500E+03  9.369016E-08  1.421629E-09
   1.177500E+03  9.412195E-08  1.180466E-09
   1.182500E+03  9.361828E-08  1.178813E-09
   1.187500E+03  9.294740E-08  8.676852E-10
   1.192500E+03  9.284037E-08  8.672484E-10
   1.197500E+03  9.186451E-08  8.625908E-10
   1.202500E+03  9.157850E-08  8.611650E-10
   1.207500E+03  9.228881E-08  1.625041E-09
   1.212500E+03  9.193909E-08  1.172910E-09
   1.217500E+03  9.106217E-08  1.169885E-09
   1.222500E+03  9.096413E-08  1.171439E-09
   1.227500E+03  9.063682E-08  8.568805E-10
   1.232500E+03  9.001533E-08  8.539109E-10
   1.237500E+03  8.930660E-08  8.503990E-10
   1.242500E+03  8.935697E-08  8.507225E-10
   1.247500E+03  8.912402E-08  8.497417E-10
   1.252500E+03  8.829656E-08  8.457086E-10
   1.257500E+03  8.874177E-08  8.479497E-10
   1.262500E+03  8.848184E-08  8.464507E-10
   1.267500E+03  8.736478E-08  8.412530E-10
   1.272500E+03  8.789535E-08  1.158790E-09
   1.277500E+03  8.758056E-08  1.157843E-09
   1.282500E+03  8.713453E-08  8.400225E-10
   1.287500E+03  8.727836E-08  1.156774E-09
   1.292500E+03  5.951634E-06  1.182248E-07
   1.297500E+03  8.551200E-08  8.322687E-10
   1.302500E+03  8.546883E-08  8.319639E-10
   1.307500E+03  8.506680E-08  8.300285E-10
   1.312500E+03  8.507039E-08  8.302038E-10
   1.317500E+03  8.471693E-08  8.284382E-10
   1.322500E+03  8.443181E-08  8.268603E-10
   1.327500E+03  8.327428E-08  8.211614E-10
   1.332500E+03  8.389577E-08  8.243213E-10
   1.337500E+03  2.385633E-06  7.405784E-08
   1.342500E+03  8.317714E-08  8.205616E-10
   1.347500E+03  8.221298E-08  8.159053E-10
   1.352500E+03  8.260602E-08  8.182220E-10
   1.357500E+03  8.210228E-08  1.138496E-09
   1.362500E+03  1.001716E-07  6.707098E-09
   1.367500E+03  9.530797E-08  5.849631E-09
   1.372500E+03  8.099878E-08  8.098111E-10
   1.377500E+03  8.142150E-08  8.122385E-10
   1.382500E+03  8.065423E-08  1.133276E-09
   1.387500E+03  8.028015E-08  8.061996E-10
   1.392500E+03  7.994917E-08  8.047826E-10
   1.397500E+03  7.917028E-08  8.007910E-10
   1.402500E+03  7.940765E-08  1.128851E-09
   1.407500E+03  7.929890E-08  8.016091E-10
   1.412500E+03  9.127818E-08  5.513536E-09
   1.417500E+03  7.871428E-08  7.983158E-10
   1.422500E+03  7.837416E-08  1.377282E-09
   1.427500E+03  7.854520E-08  7.976189E-10
   1.432500E+03  7.856221E-08  1.125713E-09
   1.437500E+03  7.740655E-08  7.918302E-10
   1.442500E+03  7.696584E-08  7.896626E-10
   1.447500E+03  7.676167E-08  7.884560E-10
   1.452500E+03  7.712316E-08  1.120658E-09
   1.457500E+03  7.596840E-08  7.844457E-10
   1.462500E+03  7.642260E-08  7.866598E-10
   1.467500E+03  7.571296E-08  7.829863E-10
   1.472500E+03  7.556276E-08  7.823540E-10
   1.477500E+03  7.505100E-08  7.796346E-10
   1.482500E+03  2.242768E-05  2.308208E-07
   1.487500E+03  7.498534E-08  7.792211E-10
   1.492500E+03  7.447988E-08  7.764388E-10
   1.497500E+03  7.428830E-08  7.756992E-10
   1.502500E+03  7.406525E-08  7.745793E-10
   1.507500E+03  7.358587E-08  7.721423E-10
   1.512500E+03  7.348963E-08  7.713766E-10
   1.517500E+03  7.270984E-08  7.673751E-10
   1.522500E+03  7.282137E-08  7.679975E-10
   1.527500E+03  1.064892E-05  1.587602E-07
   1.532500E+03  7.228982E-08  7.651986E-10
   1.537500E+03  7.151993E-08  7.612165E-10
   1.542500E+03  7.239310E-08  1.359532E-09
   1.547500E+03  7.175198E-08  7.622127E-10
   1.552500E+03  7.142729E-08  7.603725E-10
   1.557500E+03  6.535540E-08  7.274272E-10
   1.562500E+03  6.032951E-08  6.989316E-10
   1.567500E+03  6.022878E-08  6.982884E-10
   1.572500E+03  6.044014E-08  6.995271E-10
   1.577500E+03  1.555374E-07  1.505140E-08
   1.582500E+03  6.013524E-08  6.977905E-10
   1.587500E+03  6.036369E-08  6.993784E-10
   1.592500E+03  6.018013E-08  1.057628E-09
   1.597500E+03  9.480211E-07  4.601210E-08
   1.602500E+03  5.815115E-08  6.861691E-10
   1.607500E+03  5.568587E-08  6.715841E-10
   1.612500E+03  5.557165E-08  6.708443E-10
   1.617500E+03  5.498883E-08  6.672477E-10
   1.622500E+03  5.492138E-08  6.668294E-10
   1.627500E+03  5.518580E-08  6.684904E-10
   1.632500E+03  5.470642E-08  6.655622E-10
   1.637500E+03  5.460299E-08  6.650672E-10
   1.642500E+03  5.458590E-08  6.647446E-10
   1.647500E+03  5.420995E-08  6.624291E-10
   1.652500E+03  5.397430E-08  6.611044E-10
   1.657500E+03  5.393563E-08  6.609678E-10
   1.662500E+03  5.366401E-08  6.592326E-10
   1.667500E+03  5.348682E-08  6.581820E-10
   1.672500E+03  5.352460E-08  6.582030E-10
   1.677500E+03  5.343376E-08  6.578570E-10
   1.682500E+03  5.316753E-08  6.562133E-10
   1.687500E+03  5.325478E-08  6.565714E-10
   1.692500E+03  5.323229E-08  6.564888E-10
   1.697500E+03  5.289321E-08  6.543375E-10
   1.702500E+03  5.300834E-08  6.552906E-10
   1.707500E+03  5.273582E-08  6.535792E-10
   1.712500E+03  5.570116E-08  2.832619E-09
   1.717500E+03  5.236436E-08  6.510502E-10
   1.722500E+03  5.224025E-08  6.502591E-10
   1.727500E+03  5.210264E-08  6.495739E-10
   1.732500E+03  5.194524E-08  6.487089E-10
   1.737500E+03  5.184451E-08  6.479817E-10
   1.742500E+03  5.178065E-08  6.475508E-10
   1.747500E+03  5.221686E-08  6.501813E-10
   1.752500E+03  5.165293E-08  6.467329E-10
   1.757500E+03  1.159352E-07  1.239573E-08
   1.762500E+03  5.129767E-08  6.445154E-10
   1.767500E+03  5.074903E-08  6.410642E-10
   1.772500E+03  5.075263E-08  6.408483E-10
   1.777500E+03  5.069596E-08  6.409123E-10
   1.782500E+03  5.077511E-08  6.412963E-10
   1.787500E+03  4.990898E-08  6.356692E-10
   1.792500E+03  4.900868E-08  6.298422E-10
   1.797500E+03  4.899519E-08  6.300101E-10
   1.802500E+03  4.926681E-08  6.316879E-10
   1.807500E+03  4.861294E-08  6.276061E-10
   1.812500E+03  4.868669E-08  6.280332E-10
   1.817500E+03  4.851850E-08  6.268134E-10
   1.822500E+03  4.854009E-08  6.268245E-10
   1.827500E+03  4.859495E-08  6.273861E-10
   1.832500E+03  4.830534E-08  6.254411E-10
   1.837500E+03  4.817223E-08  6.245942E-10
   1.842500E+03  4.831703E-08  6.254582E-10
   1.847500E+03  4.810477E-08  6.240887E-10
   1.852500E+03  4.786733E-08  6.224595E-10
   1.857500E+03  4.733308E-08  6.192015E-10
   1.862500E+03  4.713161E-08  6.176645E-10
   1.867500E+03  4.714151E-08  6.177173E-10
   1.872500E+03  4.688248E-08  6.161544E-10
   1.877500E+03  4.681862E-08  6.156419E-10
   1.882500E+03  4.690856E-08  6.163369E-10
   1.887500E+03  4.681862E-08  6.157719E-10
   1.892500E+03  4.655240E-08  6.138011E-10
   1.897500E+03  4.647954E-08  6.133105E-10
   1.902500E+03  4.657848E-08  6.141147E-10
   1.907500E+03  4.648854E-08  6.134409E-10
   1.912500E+03  4.633114E-08  6.125244E-10
   1.917500E+03  4.551808E-08  6.069450E-10
   1.922500E+03  4.585805E-08  6.093308E-10
   1.927500E+03  4.593900E-08  6.097706E-10
   1.932500E+03  4.550729E-08  6.070533E-10
   1.937500E+03  4.551718E-08  6.071430E-10
   1.942500E+03  4.560712E-08  6.076920E-10
   1.947500E+03  4.526804E-08  6.053298E-10
   1.952500E+03  4.515562E-08  6.047009E-10
   1.957500E+03  4.519159E-08  6.049769E-10
   1.962500E+03  4.485162E-08  6.026946E-10
   1.967500E+03  4.496315E-08  6.034041E-10
   1.972500E+03  4.463036E-08  6.011156E-10
   1.977500E+03  4.465915E-08  6.012360E-10
   1.982500E+03  4.462857E-08  6.010430E-10
   1.987500E+03  4.423373E-08  5.982421E-10
   1.992500E+03  4.448196E-08  6.000586E-10
   1.997500E+03  4.398639E-08  5.968288E-10
   2.002500E+03  4.416357E-08  5.980248E-10
   2.007500E+03  4.405295E-08  5.973027E-10
   2.012500E+03  4.379122E-08  5.955820E-10
   2.017500E+03  4.377593E-08  5.954540E-10
   2.022500E+03  4.361943E-08  5.942585E-10
   2.027500E+03  4.344585E-08  5.930671E-10
   2.032500E+03  4.349261E-08  5.933605E-10
   2.037500E+03  4.342786E-08  5.929079E-10
   2.042500E+03  4.299254E-08  5.900260E-10
   2.047500E+03  4.295297E-08  5.897925E-10
   2.052500E+03  4.300604E-08  5.902045E-10
   2.057500E+03  4.289721E-08  5.893369E-10
   2.062500E+03  4.276140E-08  5.884192E-10
   2.067500E+03  4.216779E-08  5.842492E-10
   2.072500E+03  4.207335E-08  5.837092E-10
   2.077500E+03  4.227122E-08  5.851245E-10
   2.082500E+03  4.240074E-08  5.858550E-10
   2.087500E+03  4.214710E-08  5.842061E-10
   2.092500E+03  4.179813E-08  5.816542E-10
   2.097500E+03  4.181612E-08  5.817539E-10
   2.102500E+03  4.157958E-08  5.801744E-10
   2.107500E+03  4.158857E-08  5.801993E-10
   2.112500E+03  4.152741E-08  5.798116E-10
   2.117500E+03  4.146895E-08  5.796686E-10
   2.122500E+03  4.114516E-08  5.772599E-10
   2.127500E+03  4.102374E-08  5.762846E-10
   2.132500E+03  4.105972E-08  5.766626E-10
   2.137500E+03  4.130256E-08  5.781572E-10
   2.142500E+03  4.062621E-08  5.735969E-10
   2.147500E+03  4.045172E-08  5.723558E-10
   2.152500E+03  4.064329E-08  5.737044E-10
   2.157500E+03  4.076561E-08  5.744877E-10
   2.162500E+03  4.082318E-08  5.750943E-10
   2.167500E+03  4.016931E-08  5.703620E-10
   2.172500E+03  4.055335E-08  5.729827E-10
   2.177500E+03  4.001551E-08  5.691965E-10
   2.182500E+03  3.964945E-08  5.667248E-10
   2.187500E+03  3.990038E-08  5.683032E-10
   2.192500E+03  3.975558E-08  5.673514E-10
   2.197500E+03  3.944888E-08  5.651407E-10
   2.202500E+03  3.976637E-08  5.674410E-10
   2.207500E+03  3.934095E-08  5.642924E-10
   2.212500E+03  3.911070E-08  5.627345E-10
   2.217500E+03  3.898659E-08  5.617403E-10
   2.222500E+03  3.890114E-08  5.614117E-10
   2.227500E+03  3.869698E-08  5.598517E-10
   2.232500E+03  3.867899E-08  5.595399E-10
   2.237500E+03  3.909631E-08  5.626184E-10
   2.242500E+03  3.844514E-08  5.579948E-10
   2.247500E+03  3.810337E-08  5.553216E-10
   2.252500E+03  3.855577E-08  5.588332E-10
   2.257500E+03  3.832462E-08  5.569790E-10
   2.262500E+03  3.803591E-08  5.550412E-10
   2.267500E+03  3.823288E-08  5.564057E-10
   2.272500E+03  3.802242E-08  5.548382E-10
   2.277500E+03  3.780387E-08  5.532072E-10
   2.282500E+03  3.815733E-08  5.557004E-10
   2.287500E+03  3.759071E-08  5.517032E-10
   2.292500E+03  3.730919E-08  5.496670E-10
   2.297500E+03  3.702048E-08  5.474506E-10
   2.302500E+03  3.703038E-08  5.475634E-10
   2.307500E+03  3.717968E-08  5.485961E-10
   2.312500E+03  3.698001E-08  5.472719E-10
   2.317500E+03  3.712931E-08  5.483052E-10
   2.322500E+03  3.652311E-08  5.436518E-10
   2.327500E+03  3.670839E-08  5.451989E-10
   2.332500E+03  3.670839E-08  5.451054E-10
   2.337500E+03  3.645386E-08  5.432850E-10
   2.342500E+03  3.652491E-08  5.438928E-10
   2.347500E+03  3.599516E-08  5.399887E-10
   2.352500E+03  3.581888E-08  5.384264E-10
   2.357500E+03  3.623170E-08  5.416191E-10
   2.362500E+03  3.591331E-08  5.392688E-10
   2.367500E+03  3.592501E-08  5.392213E-10
   2.372500E+03  3.598527E-08  5.398339E-10
   2.377500E+03  3.591691E-08  5.392687E-10
   2.382500E+03  3.578830E-08  5.382784E-10
   2.387500E+03  3.536827E-08  5.352019E-10
   2.392500E+03  3.538086E-08  5.350384E-10
   2.397500E+03  3.536378E-08  5.352088E-10
   2.402500E+03  3.508946E-08  5.328359E-10
   2.407500E+03  3.507327E-08  5.329319E-10
   2.412500E+03  3.486730E-08  5.312604E-10
   2.417500E+03  3.488979E-08  5.315133E-10
   2.422500E+03  3.521717E-08  5.338978E-10
   2.427500E+03  3.483043E-08  5.310899E-10
   2.432500E+03  3.429168E-08  5.268557E-10
   2.437500E+03  3.438972E-08  5.276200E-10
   2.442500E+03  3.448865E-08  5.283486E-10
   2.447500E+03  3.412619E-08  5.257804E-10
   2.452500E+03  3.410371E-08  5.254692E-10
   2.457500E+03  3.408392E-08  5.253173E-10
   2.462500E+03  3.403265E-08  5.248955E-10
   2.467500E+03  3.376823E-08  5.229141E-10
   2.472500E+03  3.358655E-08  5.214960E-10
   2.477500E+03  3.350380E-08  5.208831E-10
   2.482500E+03  3.392652E-08  5.241205E-10
   2.487500E+03  3.348402E-08  5.206039E-10
   2.492500E+03  3.316293E-08  5.182913E-10
   2.497500E+03  3.322589E-08  5.188094E-10
   2.502500E+03  3.329334E-08  5.193199E-10
   2.507500E+03  3.326096E-08  5.189420E-10
   2.512500E+03  3.254773E-08  5.134355E-10
   2.517500E+03  3.276719E-08  5.150448E-10
   2.522500E+03  3.257202E-08  5.136547E-10
   2.527500E+03  3.276629E-08  5.152073E-10
   2.532500E+03  3.271232E-08  5.147702E-10
   2.537500E+03  3.258821E-08  5.135977E-10
   2.542500E+03  3.262958E-08  5.140502E-10
   2.547500E+03  3.231928E-08  5.117502E-10
   2.552500E+03  3.257112E-08  5.135201E-10
   2.557500E+03  3.218887E-08  5.105209E-10
   2.562500E+03  3.189027E-08  5.082547E-10
   2.567500E+03  3.180572E-08  5.075971E-10
   2.572500E+03  3.179583E-08  5.072745E-10
   2.577500E+03  3.175266E-08  5.070888E-10
   2.582500E+03  3.130835E-08  5.035539E-10
   2.587500E+03  3.133174E-08  5.036257E-10
   2.592500E+03  3.141628E-08  5.043751E-10
   2.597500E+03  3.127237E-08  5.032076E-10
   2.602500E+03  3.133803E-08  5.037196E-10
   2.607500E+03  3.097557E-08  5.008936E-10
   2.612500E+03  3.071834E-08  4.988307E-10
   2.617500E+03  3.090182E-08  5.001096E-10
   2.622500E+03  3.081907E-08  4.995578E-10
   2.627500E+03  3.071384E-08  4.987505E-10
   2.632500E+03  3.071744E-08  4.987066E-10
   2.637500E+03  3.039725E-08  4.960639E-10
   2.642500E+03  3.050428E-08  4.969635E-10
   2.647500E+03  3.038818E-08  9.365086E-10
   2.652500E+03  3.043503E-08  4.963272E-10
   2.657500E+03  3.013822E-08  4.939661E-10
   2.662500E+03  3.033609E-08  4.955512E-10
   2.667500E+03  2.986570E-08  4.917041E-10
   2.672500E+03  2.978386E-08  4.910168E-10
   2.677500E+03  2.984052E-08  4.915565E-10
   2.682500E+03  2.990618E-08  4.921103E-10
   2.687500E+03  2.977216E-08  4.909948E-10
   2.692500E+03  2.940341E-08  4.878785E-10
   2.697500E+03  2.938992E-08  4.876624E-10
   2.702500E+03  2.922982E-08  4.864249E-10
   2.707500E+03  2.927749E-08  4.868802E-10
   2.712500E+03  2.879361E-08  4.829263E-10
   2.717500E+03  2.907962E-08  4.853116E-10
   2.722500E+03  2.906253E-08  4.851094E-10
   2.727500E+03  2.891593E-08  4.838576E-10
   2.732500E+03  2.896000E-08  4.841651E-10
   2.737500E+03  2.887366E-08  4.834746E-10
   2.742500E+03  2.875134E-08  4.824067E-10
   2.747500E+03  2.873875E-08  4.822107E-10
   2.752500E+03  2.868748E-08  4.818568E-10
   2.757500E+03  2.808668E-08  4.768110E-10
   2.762500E+03  2.853458E-08  4.806648E-10
   2.767500E+03  2.816582E-08  4.776180E-10
   2.772500E+03  2.799943E-08  4.761175E-10
   2.777500E+03  2.810287E-08  4.770244E-10
   2.782500E+03  2.785553E-08  4.749261E-10
   2.787500E+03  2.781595E-08  4.745895E-10
   2.792500E+03  2.780246E-08  4.743366E-10
   2.797500E+03  2.768554E-08  4.733864E-10
   2.802500E+03  2.741842E-08  4.711795E-10
   2.807500E+03  2.750656E-08  4.718572E-10
   2.812500E+03  2.744270E-08  4.712640E-10
   2.817500E+03  2.736985E-08  4.707322E-10
   2.822500E+03  2.727361E-08  4.697974E-10
   2.827500E+03  2.691115E-08  4.667806E-10
   2.832500E+03  2.695252E-08  4.672007E-10
   2.837500E+03  2.685629E-08  4.661652E-10
   2.842500E+03  2.679873E-08  4.658382E-10
   2.847500E+03  2.661075E-08  4.640960E-10
   2.852500E+03  2.676635E-08  4.655262E-10
   2.857500E+03  2.622131E-08  4.607579E-10
   2.862500E+03  2.637600E-08  4.621748E-10
   2.867500E+03  2.645785E-08  4.627793E-10
   2.872500E+03  2.647944E-08  4.629991E-10
   2.877500E+03  2.605671E-08  4.592972E-10
   2.882500E+03  2.592720E-08  4.581887E-10
   2.887500E+03  2.626178E-08  4.611125E-10
   2.892500E+03  2.623750E-08  4.609630E-10
   2.897500E+03  2.609359E-08  4.596371E-10
   2.902500E+03  2.579229E-08  4.569661E-10
   2.907500E+03  2.576621E-08  4.566877E-10
   2.912500E+03  2.577700E-08  4.567832E-10
   2.917500E+03  2.562950E-08  4.555731E-10
   2.922500E+03  2.551617E-08  4.544392E-10
   2.927500E+03  2.562500E-08  4.555332E-10
   2.932500E+03  2.552966E-08  4.546071E-10
   2.937500E+03  2.527333E-08  4.523080E-10
   2.942500E+03  2.528772E-08  4.526134E-10
   2.947500E+03  2.505567E-08  4.505057E-10
   2.952500E+03  2.511773E-08  4.509487E-10
   2.957500E+03  2.499182E-08  4.498681E-10
   2.962500E+03  2.494325E-08  4.494966E-10
   2.967500E+03  2.470670E-08  4.473173E-10
   2.972500E+03  2.448095E-08  4.451434E-10
   2.977500E+03  2.456370E-08  4.459425E-10
   2.982500E+03  2.435234E-08  4.441060E-10
   2.987500E+03  2.455560E-08  4.458366E-10
   2.992500E+03  2.434424E-08  4.438848E-10
   2.997500E+03  2.406633E-08  4.413486E-10
   3.002500E+03  2.421383E-08  4.427129E-10
   3.007500E+03  2.418595E-08  4.424256E-10
   3.012500E+03  2.407172E-08  4.414310E-10
   3.017500E+03  2.370387E-08  4.380187E-10
   3.022500E+03  2.399617E-08  4.407556E-10
   3.027500E+03  2.393771E-08  4.401699E-10
   3.032500E+03  2.372365E-08  4.383673E-10
   3.037500E+03  2.370117E-08  4.380271E-10
   3.042500E+03  2.354377E-08  4.366566E-10
   3.047500E+03  2.355277E-08  4.366231E-10
   3.052500E+03  2.365080E-08  4.375790E-10
   3.057500E+03  2.310036E-08  4.324174E-10
   3.062500E+03  2.329014E-08  4.342201E-10
   3.067500E+03  2.330543E-08  4.344629E-10
   3.072500E+03  2.304730E-08  4.319888E-10
   3.077500E+03  2.324517E-08  4.337512E-10
   3.082500E+03  2.285033E-08  4.301260E-10
   3.087500E+03  2.281525E-08  4.297456E-10
   3.092500E+03  2.279457E-08  4.296697E-10
   3.097500E+03  2.277838E-08  4.294497E-10
   3.102500E+03  2.232867E-08  4.252669E-10
   3.107500E+03  2.250406E-08  4.268785E-10
   3.112500E+03  2.266775E-08  4.284418E-10
   3.117500E+03  2.238084E-08  4.256766E-10
   3.122500E+03  2.239883E-08  4.259328E-10
   3.127500E+03  2.208853E-08  4.229106E-10
   3.132500E+03  2.240512E-08  4.258728E-10
   3.137500E+03  2.216678E-08  4.236403E-10
   3.142500E+03  2.187717E-08  4.208867E-10
   3.147500E+03  2.204896E-08  4.226186E-10
   3.152500E+03  2.179892E-08  4.201176E-10
   3.157500E+03  2.179443E-08  4.200224E-10
   3.162500E+03  2.178903E-08  4.199878E-10
   3.167500E+03  2.187807E-08  4.208954E-10
   3.172500E+03  2.173686E-08  4.196245E-10
   3.177500E+03  2.176385E-08  4.196761E-10
   3.182500E+03  2.112077E-08  4.135271E-10
   3.187500E+03  2.138520E-08  4.160675E-10
   3.192500E+03  2.132494E-08  4.155170E-10
   3.197500E+03  2.101374E-08  4.124977E-10
   3.202500E+03  2.107310E-08  4.129906E-10
   3.207500E+03  2.119632E-08  4.142646E-10
   3.212500E+03  2.107670E-08  4.130258E-10
   3.217500E+03  2.091660E-08  4.114921E-10
   3.222500E+03  2.068905E-08  4.093229E-10
   3.227500E+03  2.079608E-08  4.103425E-10
   3.232500E+03  2.068006E-08  4.091985E-10
   3.237500E+03  2.018449E-08  4.042036E-10
   3.242500E+03  2.059462E-08  4.082827E-10
   3.247500E+03  2.072773E-08  4.097045E-10
   3.252500E+03  2.002529E-08  4.026814E-10
   3.257500E+03  2.046510E-08  4.070884E-10
   3.262500E+03  2.007746E-08  4.031503E-10
   3.267500E+03  2.018988E-08  4.044016E-10
   3.272500E+03  2.001630E-08  4.026996E-10
   3.277500E+03  2.015661E-08  4.040509E-10
   3.282500E+03  1.992816E-08  4.016330E-10
   3.287500E+03  2.009537E-08  8.909244E-10
   3.292500E+03  1.969071E-08  3.992917E-10
   3.297500E+03  1.956929E-08  3.981160E-10
   3.302500E+03  1.958728E-08  3.982254E-10
   3.307500E+03  1.959717E-08  3.982892E-10
   3.312500E+03  3.254741E-06  8.743235E-08
   3.317500E+03  1.949824E-08  3.973392E-10
   3.322500E+03  1.941819E-08  3.964509E-10
   3.327500E+03  1.940740E-08  3.963959E-10
   3.332500E+03  1.969971E-08  3.992916E-10
   3.337500E+03  1.935973E-08  3.958362E-10
   3.342500E+03  1.908541E-08  3.930629E-10
   3.347500E+03  1.890103E-08  3.912372E-10
   3.352500E+03  1.908271E-08  3.930166E-10
   3.357500E+03  1.916636E-08  3.939496E-10
   3.362500E+03  1.862671E-08  3.883747E-10
   3.367500E+03  1.855926E-08  3.876346E-10
   3.372500E+03  1.859164E-08  3.879533E-10
   3.377500E+03  1.855476E-08  3.875314E-10
   3.382500E+03  1.854577E-08  3.875315E-10
   3.387500E+03  1.843874E-08  3.864515E-10
   3.392500E+03  1.835240E-08  3.854720E-10
   3.397500E+03  1.826695E-08  3.845184E-10
   3.402500E+03  1.824627E-08  3.842820E-10
   3.407500E+03  1.805469E-08  3.823763E-10
   3.412500E+03  1.816352E-08  3.835058E-10
   3.417500E+03  1.780825E-08  3.798012E-10
   3.422500E+03  1.816622E-08  3.834962E-10
   3.427500E+03  1.804390E-08  3.821860E-10
   3.432500E+03  1.792338E-08  3.808139E-10
   3.437500E+03  1.789100E-08  3.805084E-10
   3.442500E+03  1.792788E-08  3.809572E-10
   3.447500E+03  1.761128E-08  3.776416E-10
   3.452500E+03  1.747188E-08  3.760112E-10
   3.457500E+03  1.744669E-08  3.757211E-10
   3.462500E+03  1.746918E-08  3.760790E-10
   3.467500E+03  1.752494E-08  3.766585E-10
   3.472500E+03  1.745119E-08  3.759438E-10
   3.477500E+03  1.737024E-08  3.750920E-10
   3.482500E+03  1.718047E-08  3.730416E-10
   3.487500E+03  1.724792E-08  3.736158E-10
   3.492500E+03  1.734956E-08  3.748496E-10
   3.497500E+03  1.710942E-08  3.720950E-10
   3.502500E+03  1.683330E-08  3.691822E-10
   3.507500E+03  1.677034E-08  3.684133E-10
   3.512500E+03  1.677394E-08  3.685318E-10
   3.517500E+03  1.655358E-08  3.661470E-10
   3.522500E+03  1.685938E-08  3.695071E-10
   3.527500E+03  1.673616E-08  3.681766E-10
   3.532500E+03  1.652570E-08  3.656997E-10
   3.537500E+03  1.643216E-08  3.646844E-10
   3.542500E+03  1.632154E-08  3.635364E-10
   3.547500E+03  1.621181E-08  3.624349E-10
   3.552500E+03  1.638899E-08  3.642656E-10
   3.557500E+03  1.629905E-08  3.631861E-10
   3.562500E+03  1.604902E-08  3.604129E-10
   3.567500E+03  1.604902E-08  3.604129E-10
   3.572500E+03  1.602383E-08  3.601910E-10
   3.577500E+03  1.610028E-08  3.609874E-10
   3.582500E+03  1.578009E-08  3.573639E-10
   3.587500E+03  3.237608E-07  2.695234E-08
   3.592500E+03  1.584665E-08  3.581769E-10
   3.597500E+03  1.567576E-08  3.562636E-10
   3.602500E+03  1.577200E-08  3.572927E-10
   3.607500E+03  1.555164E-08  3.547705E-10
   3.612500E+03  1.510104E-08  3.496821E-10
   3.617500E+03  1.512532E-08  3.499211E-10
   3.622500E+03  1.505697E-08  3.491305E-10
   3.627500E+03  1.473498E-08  3.453402E-10
   3.632500E+03  1.472689E-08  3.453298E-10
   3.637500E+03  1.463964E-08  3.442436E-10
   3.642500E+03  1.451373E-08  3.428042E-10
   3.647500E+03  1.464144E-08  3.442858E-10
   3.652500E+03  1.490137E-08  3.473034E-10
   3.657500E+03  1.470080E-08  3.450032E-10
   3.662500E+03  1.435723E-08  3.409111E-10
   3.667500E+03  1.448315E-08  3.424009E-10
   3.672500E+03  1.443098E-08  3.417845E-10
   3.677500E+03  1.416566E-08  3.385888E-10
   3.682500E+03  1.400197E-08  3.366719E-10
   3.687500E+03  1.427718E-08  3.398963E-10
   3.692500E+03  1.414227E-08  3.383955E-10
   3.697500E+03  1.396059E-08  3.361964E-10
   3.702500E+03  1.388144E-08  3.352868E-10
   3.707500E+03  1.396509E-08  3.361855E-10
   3.712500E+03  1.376902E-08  3.340157E-10
   3.717500E+03  1.399027E-08  3.365099E-10
   3.722500E+03  1.368987E-08  3.328595E-10
   3.727500E+03  1.388684E-08  3.353518E-10
   3.732500E+03  1.368897E-08  3.328705E-10
   3.737500E+03  1.335259E-08  3.287819E-10
   3.742500E+03  1.376902E-08  3.338194E-10
   3.747500E+03  1.348121E-08  3.303155E-10
   3.752500E+03  1.343354E-08  3.297757E-10
   3.757500E+03  1.328154E-08  3.278848E-10
   3.762500E+03  1.333461E-08  3.286049E-10
   3.767500E+03  1.325726E-08  3.275630E-10
   3.772500E+03  1.327075E-08  3.277295E-10
   3.777500E+03  1.345603E-08  3.301395E-10
   3.782500E+03  1.311335E-08  3.258491E-10
   3.787500E+03  1.296495E-08  3.239801E-10
   3.792500E+03  1.307288E-08  3.253465E-10
   3.797500E+03  1.289929E-08  3.232724E-10
   3.802500E+03  1.265645E-08  3.201072E-10
   3.807500E+03  1.291638E-08  3.234185E-10
   3.812500E+03  1.271491E-08  3.208220E-10
   3.817500E+03  1.258720E-08  3.192541E-10
   3.822500E+03  1.258450E-08  3.192655E-10
   3.827500E+03  1.257191E-08  3.189919E-10
   3.832500E+03  1.245229E-08  3.175409E-10
   3.837500E+03  1.236415E-08  3.163936E-10
   3.842500E+03  1.225622E-08  3.149652E-10
   3.847500E+03  1.228140E-08  3.153114E-10
   3.852500E+03  1.233267E-08  3.160602E-10
   3.857500E+03  1.221484E-08  3.145494E-10
   3.862500E+03  1.194592E-08  3.109797E-10
   3.867500E+03  1.201967E-08  3.119605E-10
   3.872500E+03  1.212580E-08  3.132866E-10
   3.877500E+03  1.192523E-08  3.107575E-10
   3.882500E+03  1.164462E-08  3.070847E-10
   3.887500E+03  1.199269E-08  3.116573E-10
   3.892500E+03  1.186587E-08  3.099607E-10
   3.897500E+03  1.159066E-08  3.063020E-10
   3.902500E+03  1.175075E-08  3.084081E-10
   3.907500E+03  1.159425E-08  3.063257E-10
   3.912500E+03  1.149172E-08  3.049693E-10
   3.917500E+03  1.162124E-08  3.067291E-10
   3.922500E+03  1.165721E-08  3.072267E-10
   3.927500E+03  1.145035E-08  3.045398E-10
   3.932500E+03  1.145574E-08  3.044919E-10
   3.937500E+03  1.126327E-08  3.019493E-10
   3.942500E+03  1.122730E-08  3.014429E-10
   3.947500E+03  1.119941E-08  3.011171E-10
   3.952500E+03  1.112296E-08  3.000159E-10
   3.957500E+03  1.126687E-08  3.020456E-10
   3.962500E+03  1.104472E-08  2.990081E-10
   3.967500E+03  1.104831E-08  2.991298E-10
   3.972500E+03  1.102403E-08  2.987282E-10
   3.977500E+03  1.090711E-08  2.971168E-10
   3.982500E+03  1.092509E-08  2.973860E-10
   3.987500E+03  1.075511E-08  2.950409E-10
   3.992500E+03  1.081896E-08  2.959148E-10
   3.997500E+03  1.048528E-08  2.913943E-10
   4.002500E+03  1.052846E-08  2.919180E-10
   4.007500E+03  1.047629E-08  2.911694E-10
   4.012500E+03  1.053475E-08  2.920301E-10
   4.017500E+03  1.050147E-08  2.915689E-10
   4.022500E+03  1.047629E-08  2.912195E-10
   4.027500E+03  1.020017E-08  2.873090E-10
   4.032500E+03  1.025863E-08  2.881813E-10
   4.037500E+03  1.019478E-08  2.873091E-10
   4.042500E+03  1.014801E-08  2.866501E-10
   4.047500E+03  9.968126E-09  2.840754E-10
   4.052500E+03  1.019298E-08  2.872838E-10
   4.057500E+03  1.006076E-08  2.853146E-10
   4.062500E+03  9.974421E-09  2.841138E-10
   4.067500E+03  9.787345E-09  2.815936E-10
   4.072500E+03  9.823321E-09  2.819549E-10
   4.077500E+03  9.799037E-09  2.816580E-10
   4.082500E+03  9.899771E-09  2.830235E-10
   4.087500E+03  9.780150E-09  2.814126E-10
   4.092500E+03  9.554398E-09  2.781495E-10
   4.097500E+03  9.445570E-09  2.765363E-10
   4.102500E+03  9.595771E-09  2.787765E-10
   4.107500E+03  9.555298E-09  2.781364E-10
   4.112500E+03  9.375417E-09  2.755085E-10
   4.117500E+03  9.289073E-09  2.741850E-10
   4.122500E+03  9.389807E-09  2.756932E-10
   4.127500E+03  9.235109E-09  2.734678E-10
   4.132500E+03  9.371819E-09  2.754028E-10
   4.137500E+03  9.290872E-09  2.742381E-10
   4.142500E+03  9.137074E-09  2.719606E-10
   4.147500E+03  9.166754E-09  2.725352E-10
   4.152500E+03  9.040837E-09  2.705257E-10
   4.157500E+03  9.060624E-09  2.709288E-10
   4.162500E+03  8.846565E-09  2.675783E-10
   4.167500E+03  8.875346E-09  2.680673E-10
   4.172500E+03  8.837571E-09  2.674696E-10
   4.177500E+03  8.699063E-09  2.653121E-10
   4.182500E+03  8.706258E-09  2.655314E-10
   4.187500E+03  8.820483E-09  2.671566E-10
   4.192500E+03  8.495797E-09  2.622507E-10
   4.197500E+03  8.526377E-09  2.627773E-10
   4.202500E+03  8.400460E-09  2.607762E-10
   4.207500E+03  8.600128E-09  2.638272E-10
   4.212500E+03  8.388767E-09  2.605669E-10
   4.217500E+03  8.370779E-09  2.602875E-10
   4.222500E+03  8.377075E-09  2.604133E-10
   4.227500E+03  8.327608E-09  2.596439E-10
   4.232500E+03  8.171111E-09  2.571662E-10
   4.237500E+03  8.001123E-09  2.544501E-10
   4.242500E+03  8.027206E-09  2.548643E-10
   4.247500E+03  8.109052E-09  2.562452E-10
   4.252500E+03  7.867111E-09  2.523686E-10
   4.257500E+03  8.057786E-09  2.554062E-10
   4.262500E+03  7.985833E-09  2.542642E-10
   4.267500E+03  7.806851E-09  2.514299E-10
   4.272500E+03  7.635064E-09  2.485924E-10
   4.277500E+03  7.814046E-09  2.514588E-10
   4.282500E+03  7.869810E-09  2.523830E-10
   4.287500E+03  7.777171E-09  2.510680E-10
   4.292500E+03  7.695325E-09  2.496002E-10
   4.297500E+03  7.550520E-09  2.472130E-10
   4.302500E+03  7.526236E-09  2.468744E-10
   4.307500E+03  7.551420E-09  2.472572E-10
   4.312500E+03  7.385029E-09  2.445796E-10
   4.317500E+03  7.283396E-09  2.428331E-10
   4.322500E+03  7.462378E-09  2.457666E-10
   4.327500E+03  7.390426E-09  2.445796E-10
   4.332500E+03  7.250118E-09  2.422781E-10
   4.337500E+03  7.190757E-09  2.412549E-10
   4.342500E+03  7.111610E-09  2.399242E-10
   4.347500E+03  7.040556E-09  2.387538E-10
   4.352500E+03  7.105314E-09  2.398180E-10
   4.357500E+03  7.037858E-09  2.386470E-10
   4.362500E+03  6.992888E-09  2.379448E-10
   4.367500E+03  6.822900E-09  2.350063E-10
   4.372500E+03  6.924533E-09  2.367184E-10
   4.377500E+03  6.738356E-09  2.336400E-10
   4.382500E+03  6.863373E-09  2.357946E-10
   4.387500E+03  6.535989E-09  2.300148E-10
   4.392500E+03  6.572865E-09  2.306939E-10
   4.397500E+03  6.468534E-09  2.288254E-10
   4.402500E+03  6.563871E-09  2.305046E-10
   4.407500E+03  6.585457E-09  2.309462E-10
   4.412500E+03  6.409173E-09  2.277417E-10
   4.417500E+03  6.394782E-09  2.274859E-10
   4.422500E+03  6.249978E-09  2.248962E-10
   4.427500E+03  6.319232E-09  2.262028E-10
   4.432500E+03  6.112369E-09  2.224727E-10
   4.437500E+03  6.298546E-09  2.258326E-10
   4.442500E+03  6.212203E-09  2.242807E-10
   4.447500E+03  6.204108E-09  2.241346E-10
   4.452500E+03  5.990049E-09  2.202042E-10
   4.457500E+03  5.980156E-09  2.199893E-10
   4.462500E+03  5.893813E-09  2.184625E-10
   4.467500E+03  5.897410E-09  2.184624E-10
   4.472500E+03  5.936984E-09  2.192604E-10
   4.477500E+03  5.801174E-09  2.167402E-10
   4.482500E+03  5.717529E-09  2.151395E-10
   4.487500E+03  5.510665E-09  2.112139E-10
   4.492500E+03  5.757103E-09  2.159161E-10
   4.497500E+03  5.601506E-09  2.129467E-10
   4.502500E+03  5.478287E-09  2.105582E-10
   4.507500E+03  5.533151E-09  2.116441E-10
   4.512500E+03  5.364962E-09  2.084045E-10
   4.517500E+03  5.483683E-09  2.107310E-10
   4.522500E+03  5.242642E-09  2.060163E-10
   4.527500E+03  5.391944E-09  2.088927E-10
   4.532500E+03  5.304701E-09  2.071963E-10
   4.537500E+03  5.172489E-09  2.046696E-10
   4.542500E+03  5.168891E-09  2.045985E-10
   4.547500E+03  5.177885E-09  2.047407E-10
   4.552500E+03  5.096938E-09  2.031349E-10
   4.557500E+03  5.024086E-09  2.016427E-10
   4.562500E+03  4.932347E-09  1.998301E-10
   4.567500E+03  5.033980E-09  2.018772E-10
   4.572500E+03  4.905365E-09  1.992830E-10
   4.577500E+03  4.888276E-09  1.989724E-10
   4.582500E+03  4.838809E-09  1.978905E-10
   4.587500E+03  4.711992E-09  1.952806E-10
   4.592500E+03  4.722785E-09  1.955413E-10
   4.597500E+03  4.705696E-09  1.951501E-10
   4.602500E+03  4.697602E-09  1.949822E-10
   4.607500E+03  4.511425E-09  1.911182E-10
   4.612500E+03  4.605862E-09  1.931070E-10
   4.617500E+03  4.521318E-09  1.913275E-10
   4.622500E+03  4.386407E-09  1.884531E-10
   4.627500E+03  4.354928E-09  1.877373E-10
   4.632500E+03  4.282975E-09  1.861802E-10
   4.637500E+03  4.179543E-09  1.839188E-10
   4.642500E+03  4.284774E-09  1.862193E-10
   4.647500E+03  4.284774E-09  1.862584E-10
   4.652500E+03  4.146265E-09  1.832250E-10
   4.657500E+03  4.116585E-09  1.825684E-10
   4.662500E+03  4.005958E-09  1.800596E-10
   4.667500E+03  4.113887E-09  1.825086E-10
   4.672500E+03  3.965485E-09  1.791885E-10
   4.677500E+03  3.882739E-09  1.773103E-10
   4.682500E+03  3.791899E-09  1.752252E-10
   4.687500E+03  3.797296E-09  1.753082E-10
   4.692500E+03  3.682171E-09  1.726307E-10
   4.697500E+03  3.746929E-09  1.741419E-10
   4.702500E+03  3.624609E-09  1.712763E-10
   4.707500E+03  3.623710E-09  1.712550E-10
   4.712500E+03  3.497793E-09  1.682538E-10
   4.717500E+03  3.473509E-09  1.677990E-10
   4.722500E+03  3.333202E-09  1.642480E-10
   4.727500E+03  3.452823E-09  1.671688E-10
   4.732500E+03  3.372776E-09  1.652200E-10
   4.737500E+03  3.430338E-09  1.666237E-10
   4.742500E+03  3.200089E-09  1.610258E-10
   4.747500E+03  3.121841E-09  1.590017E-10
   4.752500E+03  3.192894E-09  1.607544E-10
   4.757500E+03  3.236965E-09  1.618598E-10
   4.762500E+03  3.075072E-09  1.577608E-10
   4.767500E+03  2.942859E-09  1.543325E-10
   4.772500E+03  2.949155E-09  1.544975E-10
   4.777500E+03  2.966244E-09  1.549444E-10
   4.782500E+03  2.763877E-09  1.495663E-10
   4.787500E+03  2.792658E-09  1.503429E-10
   4.792500E+03  2.756682E-09  1.493715E-10
   4.797500E+03  2.780066E-09  1.500522E-10
   4.802500E+03  2.630765E-09  1.459206E-10
   4.807500E+03  2.661345E-09  1.467661E-10
   4.812500E+03  2.588493E-09  1.447436E-10
   4.817500E+03  2.444588E-09  1.406631E-10
   4.822500E+03  2.521937E-09  1.429727E-10
   4.827500E+03  2.421203E-09  1.399887E-10
   4.832500E+03  2.402316E-09  1.394417E-10
   4.837500E+03  2.315073E-09  1.369397E-10
   4.842500E+03  2.303381E-09  1.365405E-10
   4.847500E+03  2.187357E-09  1.330575E-10
   4.852500E+03  2.174766E-09  1.327289E-10
   4.857500E+03  2.072233E-09  1.295090E-10
   4.862500E+03  2.011074E-09  1.275837E-10
   4.867500E+03  2.011973E-09  1.276122E-10
   4.872500E+03  1.948115E-09  1.255709E-10
   4.877500E+03  1.900447E-09  1.240252E-10
   4.882500E+03  1.884257E-09  1.234959E-10
   4.887500E+03  1.815902E-09  1.212353E-10
   4.892500E+03  1.723263E-09  1.181026E-10
   4.897500E+03  1.726861E-09  1.182259E-10
   4.902500E+03  1.641417E-09  1.152641E-10
   4.907500E+03  1.528992E-09  1.112469E-10
   4.912500E+03  1.571264E-09  1.127742E-10
   4.917500E+03  1.457938E-09  1.086315E-10
   4.922500E+03  1.363501E-09  1.050545E-10
   4.927500E+03  1.366199E-09  1.051584E-10
   4.932500E+03  1.347311E-09  1.044290E-10
   4.937500E+03  1.174625E-09  9.750759E-11
   4.942500E+03  1.224093E-09  9.953950E-11
   4.947500E+03  1.090980E-09  9.397189E-11
   4.952500E+03  1.019927E-09  9.086042E-11
   4.957500E+03  9.650635E-10  8.838297E-11
   4.962500E+03  8.598329E-10  8.342546E-11
   4.967500E+03  8.670282E-10  8.377378E-11
   4.972500E+03  7.402118E-10  7.740529E-11
   4.977500E+03  6.709575E-10  7.369547E-11
   4.982500E+03  6.430759E-10  7.214806E-11
   4.987500E+03  5.954073E-10  6.942263E-11
   4.992500E+03  5.621293E-10  6.745472E-11
   4.997500E+03  4.802832E-10  6.235104E-11
