 #  Results from PENEPMA.
 #  Probability of emission of bremmstrahlung photons.
 #  1st column: E (eV).
 #  2nd and 3rd columns: probability density and STU (1/(eV*sr*electron)).

   5.250001E+01  6.668383E-07  2.411675E-09
   5.750001E+01  5.898682E-07  2.135854E-09
   6.250001E+01  5.338035E-07  2.055831E-09
   6.750001E+01  4.846032E-07  1.854766E-09
   7.250001E+01  4.462683E-07  1.812643E-09
   7.750001E+01  4.117508E-07  1.695185E-09
   8.250001E+01  3.818683E-07  1.545689E-09
   8.750001E+01  3.566378E-07  1.494059E-09
   9.250001E+01  3.347660E-07  1.485045E-09
   9.750001E+01  3.142006E-07  1.376539E-09
   1.025000E+02  2.971998E-07  1.365154E-09
   1.075000E+02  2.809223E-07  1.290042E-09
   1.125000E+02  2.662225E-07  1.220937E-09
   1.175000E+02  2.531750E-07  1.195906E-09
   1.225000E+02  2.422109E-07  1.201077E-09
   1.275000E+02  2.308949E-07  1.127425E-09
   1.325000E+02  2.214418E-07  1.129836E-09
   1.375000E+02  2.116409E-07  1.048158E-09
   1.425000E+02  2.029683E-07  1.010170E-09
   1.475000E+02  1.954568E-07  1.001846E-09
   1.525000E+02  1.887056E-07  1.007446E-09
   1.575000E+02  1.815028E-07  9.349752E-10
   1.625000E+02  1.752478E-07  9.242795E-10
   1.675000E+02  1.694740E-07  8.978499E-10
   1.725000E+02  1.640061E-07  8.870161E-10
   1.775000E+02  1.588181E-07  8.551846E-10
   1.825000E+02  1.534830E-07  8.000262E-10
   1.875000E+02  1.495657E-07  8.301928E-10
   1.925000E+02  1.452449E-07  8.089151E-10
   1.975000E+02  1.407423E-07  7.506620E-10
   2.025000E+02  1.365046E-07  7.104294E-10
   2.075000E+02  1.328534E-07  6.741168E-10
   2.125000E+02  1.297273E-07  7.015755E-10
   2.175000E+02  1.264956E-07  7.169841E-10
   2.225000E+02  1.231884E-07  6.449668E-10
   2.275000E+02  1.196503E-07  5.811208E-10
   2.325000E+02  1.168697E-07  5.931494E-10
   2.375000E+02  1.143220E-07  5.849126E-10
   2.425000E+02  1.113089E-07  5.218582E-10
   2.475000E+02  1.090760E-07  5.539089E-10
   2.525000E+02  1.063197E-07  4.658554E-10
   2.575000E+02  1.038803E-07  4.189253E-10
   2.625000E+02  1.013567E-07  3.603660E-10
   2.675000E+02  9.978871E-08  4.436763E-10
   2.725000E+02  9.740441E-08  3.890249E-10
   2.775000E+02  9.590757E-08  4.269723E-10
   2.825000E+02  9.415290E-08  4.209223E-10
   2.875000E+02  9.194264E-08  3.843571E-10
   2.925000E+02  9.051157E-08  4.274972E-10
   2.975000E+02  8.871728E-08  3.969692E-10
   3.025000E+02  8.712078E-08  4.005902E-10
   3.075000E+02  8.563988E-08  3.943407E-10
   3.125000E+02  8.417260E-08  4.272683E-10
   3.175000E+02  8.281315E-08  4.262385E-10
   3.225000E+02  8.085697E-08  3.293548E-10
   3.275000E+02  7.995687E-08  3.948137E-10
   3.325000E+02  7.847436E-08  3.562188E-10
   3.375000E+02  7.721599E-08  3.317402E-10
   3.425000E+02  7.609192E-08  3.596481E-10
   3.475000E+02  7.478928E-08  3.748287E-10
   3.525000E+02  7.366216E-08  3.683786E-10
   3.575000E+02  7.247292E-08  3.618319E-10
   3.625000E+02  7.124113E-08  3.133408E-10
   3.675000E+02  7.044690E-08  3.710807E-10
   3.725000E+02  6.959190E-08  3.702100E-10
   3.775000E+02  6.824954E-08  3.165859E-10
   3.825000E+02  6.724989E-08  3.155163E-10
   3.875000E+02  6.649784E-08  3.450579E-10
   3.925000E+02  6.544430E-08  3.382002E-10
   3.975000E+02  6.463494E-08  3.546996E-10
   4.025000E+02  6.364213E-08  3.117892E-10
   4.075000E+02  6.263649E-08  2.767328E-10
   4.125000E+02  6.204139E-08  3.288462E-10
   4.175000E+02  6.114849E-08  2.821030E-10
   4.225000E+02  6.040727E-08  3.018137E-10
   4.275000E+02  5.957874E-08  3.139774E-10
   4.325000E+02  5.871654E-08  2.720175E-10
   4.375000E+02  5.830821E-08  3.545611E-10
   4.425000E+02  5.744200E-08  3.181046E-10
   4.475000E+02  5.657063E-08  2.976797E-10
   4.525000E+02  5.600185E-08  2.832315E-10
   4.575000E+02  5.532569E-08  2.962871E-10
   4.625000E+02  5.484943E-08  3.217281E-10
   4.675000E+02  5.399460E-08  2.809180E-10
   4.725000E+02  5.345485E-08  3.009352E-10
   4.775000E+02  5.284410E-08  3.258358E-10
   4.825000E+02  5.237770E-08  2.861376E-10
   4.875000E+02  5.154862E-08  2.633035E-10
   4.925000E+02  5.112608E-08  3.179015E-10
   4.975000E+02  5.055236E-08  3.109212E-10
   5.025001E+02  5.001279E-08  2.971899E-10
   5.075001E+02  4.922682E-08  2.446589E-10
   5.125001E+02  4.901919E-08  3.281538E-10
   5.175001E+02  4.839210E-08  3.021021E-10
   5.225001E+02  4.789790E-08  2.880651E-10
   5.275001E+02  4.738858E-08  2.942875E-10
   5.325001E+02  4.683699E-08  2.797454E-10
   5.375001E+02  4.658336E-08  3.256866E-10
   5.425001E+02  4.599399E-08  2.927487E-10
   5.475001E+02  4.538779E-08  2.708000E-10
   5.525001E+02  4.500651E-08  2.917239E-10
   5.575001E+02  4.451440E-08  2.545777E-10
   5.625001E+02  4.413252E-08  3.041393E-10
   5.675001E+02  4.380687E-08  3.038092E-10
   5.725001E+02  4.333481E-08  2.607957E-10
   5.775001E+02  4.291739E-08  2.751633E-10
   5.825001E+02  4.235938E-08  2.176734E-10
   5.875001E+02  4.207133E-08  2.668141E-10
   5.925001E+02  4.170518E-08  2.587192E-10
   5.975001E+02  4.131024E-08  2.582465E-10
   6.025001E+02  4.080137E-08  2.416402E-10
   6.075001E+02  4.039119E-08  2.325766E-10
   6.125001E+02  4.005008E-08  2.320992E-10
   6.175001E+02  3.982469E-08  2.402664E-10
   6.225001E+02  3.946817E-08  2.636129E-10
   6.275001E+02  3.909972E-08  2.554936E-10
   6.325001E+02  3.877972E-08  2.550832E-10
   6.375001E+02  3.841620E-08  2.545717E-10
   6.425001E+02  3.805011E-08  2.542219E-10
   6.475001E+02  3.776668E-08  2.538357E-10
   6.525001E+02  3.739630E-08  2.452877E-10
   6.575001E+02  3.712017E-08  2.448889E-10
   6.625001E+02  3.671902E-08  2.273956E-10
   6.675001E+02  3.647102E-08  2.270324E-10
   6.725001E+02  3.625878E-08  2.672422E-10
   6.775001E+02  3.585247E-08  2.591107E-10
   6.825001E+02  3.561342E-08  2.588339E-10
   6.875001E+02  3.516661E-08  2.338974E-10
   6.925001E+02  3.489960E-08  1.963036E-10
   6.975001E+02  3.464485E-08  2.244372E-10
   7.025001E+02  3.446948E-08  2.494847E-10
   7.075001E+02  3.402269E-08  1.844459E-10
   7.125001E+02  3.393040E-08  2.406223E-10
   7.175001E+02  3.357385E-08  2.041650E-10
   7.225001E+02  3.328312E-08  2.037088E-10
   7.275001E+02  3.319829E-08  2.396362E-10
   7.325001E+02  3.276774E-08  1.927841E-10
   7.375001E+02  3.254457E-08  2.025606E-10
   7.425001E+02  3.236821E-08  2.023021E-10
   7.475001E+02  3.203431E-08  2.295640E-10
   7.525001E+02  3.180980E-08  2.013673E-10
   7.575001E+02  3.164717E-08  2.289622E-10
   7.625001E+02  3.136104E-08  2.006222E-10
   7.675001E+02  3.109148E-08  2.281811E-10
   7.725001E+02  3.088744E-08  2.189217E-10
   7.775001E+02  3.060432E-08  1.782043E-10
   7.825001E+02  3.044461E-08  2.358727E-10
   7.875001E+02  3.025495E-08  2.179998E-10
   7.925001E+02  3.002133E-08  2.352937E-10
   7.975001E+02  3.001709E-08  2.595199E-10
   8.025001E+02  2.957587E-08  2.169760E-10
   8.075001E+02  2.931702E-08  1.641401E-10
   8.125001E+02  2.914014E-08  2.163385E-10
   8.175001E+02  2.911720E-08  2.584407E-10
   8.225001E+02  2.879323E-08  2.064250E-10
   8.275001E+02  2.854073E-08  1.960000E-10
   8.325001E+02  2.835987E-08  1.853059E-10
   8.375001E+02  2.816954E-08  2.148816E-10
   8.425001E+02  2.796857E-08  2.145699E-10
   8.475001E+02  2.775671E-08  2.233884E-10
   8.525001E+02  2.757549E-08  2.139874E-10
   8.575001E+02  2.729495E-08  1.721056E-10
   8.625001E+02  2.715095E-08  1.718391E-10
   8.675001E+02  2.706768E-08  2.132209E-10
   8.725001E+02  2.678405E-08  2.031607E-10
   8.775001E+02  2.664801E-08  1.708767E-10
   8.825001E+02  2.650444E-08  1.585296E-10
   8.875001E+02  2.634767E-08  2.024870E-10
   8.925001E+02  2.614971E-08  1.920253E-10
   8.975001E+02  2.596369E-08  1.809853E-10
   9.025001E+02  2.585738E-08  2.295540E-10
   9.075001E+02  2.571876E-08  2.014797E-10
   9.125001E+02  2.547722E-08  1.801094E-10
   9.175001E+02  2.522193E-08  1.558304E-10
   9.225001E+02  2.505364E-08  1.901397E-10
   9.275001E+02  2.493276E-08  1.791371E-10
   9.325001E+02  2.495106E-08  2.192912E-10
   9.375001E+02  2.472248E-08  1.895974E-10
   9.425001E+02  2.463908E-08  2.094861E-10
   9.475001E+02  2.431738E-08  1.780173E-10
   9.525001E+02  2.420752E-08  1.778084E-10
   9.575001E+02  2.404908E-08  1.397297E-10
   9.625001E+02  2.396095E-08  1.882996E-10
   9.675001E+02  2.368640E-08  1.768573E-10
   9.725001E+02  2.364059E-08  1.767981E-10
   9.775001E+02  2.357760E-08  1.979829E-10
   9.825001E+02  2.333908E-08  1.380887E-10
   9.875001E+02  2.325675E-08  1.760696E-10
   9.925001E+02  2.315233E-08  1.759065E-10
   9.975001E+02  2.292544E-08  1.754685E-10
   1.002500E+03  2.286889E-08  1.864196E-10
   1.007500E+03  2.263357E-08  1.631043E-10
   1.012500E+03  2.256341E-08  2.062647E-10
   1.017500E+03  2.250910E-08  1.858534E-10
   1.022500E+03  2.217123E-08  1.353279E-10
   1.027500E+03  2.210072E-08  1.620526E-10
   1.032500E+03  2.196072E-08  1.736784E-10
   1.037500E+03  2.175611E-08  1.185229E-10
   1.042500E+03  2.172096E-08  1.483830E-10
   1.047500E+03  2.173968E-08  2.144869E-10
   1.052500E+03  2.146873E-08  1.727769E-10
   1.057500E+03  2.135824E-08  1.333697E-10
   1.062500E+03  2.130676E-08  1.724288E-10
   1.067500E+03  2.106492E-08  1.599661E-10
   1.072500E+03  2.090962E-08  1.322621E-10
   1.077500E+03  2.094532E-08  1.597252E-10
   1.082500E+03  2.070099E-08  1.156315E-10
   1.087500E+03  2.080336E-08  2.131134E-10
   1.092500E+03  2.051440E-08  1.313076E-10
   1.097500E+03  2.042557E-08  1.455138E-10
   1.102500E+03  2.034692E-08  1.308691E-10
   1.107500E+03  2.016977E-08  1.304657E-10
   1.112500E+03  2.012418E-08  1.303162E-10
   1.117500E+03  2.003635E-08  1.578604E-10
   1.122500E+03  1.996521E-08  1.445164E-10
   1.127500E+03  1.982185E-08  1.574441E-10
   1.132500E+03  1.966869E-08  1.291527E-10
   1.137500E+03  1.951338E-08  1.288022E-10
   1.142500E+03  1.947207E-08  1.689663E-10
   1.147500E+03  1.936773E-08  1.284474E-10
   1.152500E+03  1.917706E-08  1.279579E-10
   1.157500E+03  1.912767E-08  1.426248E-10
   1.162500E+03  1.902211E-08  1.275797E-10
   1.167500E+03  1.898195E-08  1.422780E-10
   1.172500E+03  1.881460E-08  1.792326E-10
   1.177500E+03  1.880467E-08  1.270242E-10
   1.182500E+03  1.858430E-08  1.264551E-10
   1.187500E+03  1.853227E-08  1.263320E-10
   1.192500E+03  1.839736E-08  1.089578E-10
   1.197500E+03  1.829522E-08  1.257188E-10
   1.202500E+03  1.821928E-08  1.255224E-10
   1.207500E+03  1.819687E-08  1.540475E-10
   1.212500E+03  1.806855E-08  1.251398E-10
   1.217500E+03  1.800713E-08  1.400472E-10
   1.222500E+03  1.788839E-08  1.398858E-10
   1.227500E+03  1.784552E-08  1.396860E-10
   1.232500E+03  1.768235E-08  1.068337E-10
   1.237500E+03  1.752360E-08  1.063438E-10
   1.242500E+03  1.749240E-08  1.062298E-10
   1.247500E+03  1.741517E-08  1.060162E-10
   1.252500E+03  1.729943E-08  1.231194E-10
   1.257500E+03  1.732962E-08  1.522357E-10
   1.262500E+03  1.725455E-08  1.230119E-10
   1.267500E+03  1.709065E-08  1.225894E-10
   1.272500E+03  1.702181E-08  1.047943E-10
   1.277500E+03  1.699717E-08  1.377136E-10
   1.282500E+03  1.686163E-08  1.043149E-10
   1.287500E+03  1.675662E-08  1.217057E-10
   1.292500E+03  1.670395E-08  1.215596E-10
   1.297500E+03  1.653032E-08  1.032875E-10
   1.302500E+03  1.650325E-08  1.365389E-10
   1.307500E+03  1.636728E-08  1.027808E-10
   1.312500E+03  1.632598E-08  1.026495E-10
   1.317500E+03  1.626414E-08  1.024613E-10
   1.322500E+03  1.619500E-08  1.022424E-10
   1.327500E+03  1.598601E-08  1.015436E-10
   1.332500E+03  1.599331E-08  1.016000E-10
   1.337500E+03  1.593562E-08  1.014127E-10
   1.342500E+03  1.587142E-08  1.011997E-10
   1.347500E+03  1.569614E-08  1.006239E-10
   1.352500E+03  1.572777E-08  1.007793E-10
   1.357500E+03  1.564038E-08  1.187049E-10
   1.362500E+03  1.553217E-08  1.000971E-10
   1.367500E+03  1.546889E-08  1.182439E-10
   1.372500E+03  1.542016E-08  9.975204E-11
   1.377500E+03  1.538258E-08  9.959464E-11
   1.382500E+03  1.526434E-08  1.176635E-10
   1.387500E+03  1.516743E-08  9.889224E-11
   1.392500E+03  1.513974E-08  9.884867E-11
   1.397500E+03  1.503660E-08  9.850800E-11
   1.402500E+03  1.498964E-08  1.169191E-10
   1.407500E+03  1.495723E-08  9.824894E-11
   1.412500E+03  1.484722E-08  9.788952E-11
   1.417500E+03  1.480993E-08  9.774508E-11
   1.422500E+03  1.471981E-08  1.322467E-10
   1.427500E+03  1.467530E-08  9.730780E-11
   1.432500E+03  1.464766E-08  1.320624E-10
   1.437500E+03  1.450059E-08  9.672714E-11
   1.442500E+03  1.441828E-08  9.645779E-11
   1.447500E+03  1.433411E-08  9.617578E-11
   1.452500E+03  1.433847E-08  1.150936E-10
   1.457500E+03  1.422747E-08  9.579879E-11
   1.462500E+03  1.424572E-08  9.588567E-11
   1.467500E+03  1.412104E-08  9.545625E-11
   1.472500E+03  1.405827E-08  9.522605E-11
   1.477500E+03  1.398047E-08  9.499603E-11
   1.482500E+03  1.396029E-08  9.489360E-11
   1.487500E+03  1.390103E-08  9.469907E-11
   1.492500E+03  1.381450E-08  9.440273E-11
   1.497500E+03  1.375366E-08  9.420137E-11
   1.502500E+03  1.374565E-08  9.419834E-11
   1.507500E+03  1.363514E-08  9.378338E-11
   1.512500E+03  1.361138E-08  9.369454E-11
   1.517500E+03  1.351404E-08  9.337447E-11
   1.522500E+03  1.347453E-08  9.321430E-11
   1.527500E+03  1.338549E-08  9.292735E-11
   1.532500E+03  1.333682E-08  9.275342E-11
   1.537500E+03  1.323369E-08  9.240857E-11
   1.542500E+03  1.323848E-08  9.240160E-11
   1.547500E+03  1.319082E-08  9.223510E-11
   1.552500E+03  1.311316E-08  9.196126E-11
   1.557500E+03  1.306306E-08  9.179807E-11
   1.562500E+03  1.297288E-08  9.145620E-11
   1.567500E+03  1.293258E-08  9.130803E-11
   1.572500E+03  1.290059E-08  9.121686E-11
   1.577500E+03  1.287604E-08  9.112624E-11
   1.582500E+03  1.276038E-08  9.074083E-11
   1.587500E+03  1.277505E-08  9.078712E-11
   1.592500E+03  1.268687E-08  9.047437E-11
   1.597500E+03  1.257372E-08  9.005807E-11
   1.602500E+03  1.254180E-08  8.993047E-11
   1.607500E+03  1.251710E-08  8.984623E-11
   1.612500E+03  1.251846E-08  8.986131E-11
   1.617500E+03  1.236379E-08  8.928873E-11
   1.622500E+03  1.232207E-08  8.913849E-11
   1.627500E+03  1.232665E-08  8.919980E-11
   1.632500E+03  1.219796E-08  8.869886E-11
   1.637500E+03  1.216890E-08  8.859827E-11
   1.642500E+03  1.215473E-08  8.853906E-11
   1.647500E+03  1.205238E-08  8.815971E-11
   1.652500E+03  1.196557E-08  8.786275E-11
   1.657500E+03  1.197423E-08  8.787364E-11
   1.662500E+03  1.195683E-08  8.782117E-11
   1.667500E+03  1.185270E-08  8.743000E-11
   1.672500E+03  1.181669E-08  8.728202E-11
   1.677500E+03  1.176502E-08  8.709772E-11
   1.682500E+03  1.174040E-08  8.700934E-11
   1.687500E+03  1.168142E-08  8.680618E-11
   1.692500E+03  1.165244E-08  8.667648E-11
   1.697500E+03  1.155474E-08  8.634648E-11
   1.702500E+03  1.157907E-08  8.641317E-11
   1.707500E+03  1.153326E-08  1.069278E-10
   1.712500E+03  1.146878E-08  8.600340E-11
   1.717500E+03  1.135992E-08  8.559209E-11
   1.722500E+03  1.136672E-08  8.560498E-11
   1.727500E+03  1.130896E-08  8.538944E-11
   1.732500E+03  1.122500E-08  8.507918E-11
   1.737500E+03  1.125620E-08  1.060974E-10
   1.742500E+03  1.118256E-08  8.495063E-11
   1.747500E+03  1.119652E-08  8.497525E-11
   1.752500E+03  1.108358E-08  8.452928E-11
   1.757500E+03  1.104593E-08  8.440322E-11
   1.762500E+03  1.101895E-08  8.433528E-11
   1.767500E+03  1.091445E-08  8.388382E-11
   1.772500E+03  1.090794E-08  8.386679E-11
   1.777500E+03  1.088504E-08  8.378639E-11
   1.782500E+03  1.084624E-08  8.361899E-11
   1.787500E+03  1.077718E-08  8.332845E-11
   1.792500E+03  1.075098E-08  8.326040E-11
   1.797500E+03  1.072178E-08  8.316526E-11
   1.802500E+03  1.067883E-08  8.298954E-11
   1.807500E+03  1.058736E-08  8.265337E-11
   1.812500E+03  1.056876E-08  8.256711E-11
   1.817500E+03  1.053046E-08  8.242206E-11
   1.822500E+03  1.048287E-08  8.222557E-11
   1.827500E+03  1.045202E-08  8.211496E-11
   1.832500E+03  1.042203E-08  8.197942E-11
   1.837500E+03  1.038560E-08  8.185124E-11
   1.842500E+03  1.031739E-08  8.156554E-11
   1.847500E+03  1.029657E-08  8.148131E-11
   1.852500E+03  1.028655E-08  8.144609E-11
   1.857500E+03  1.017747E-08  8.100913E-11
   1.862500E+03  1.012758E-08  8.080695E-11
   1.867500E+03  1.011549E-08  8.077921E-11
   1.872500E+03  1.009173E-08  8.067799E-11
   1.877500E+03  1.005000E-08  8.048837E-11
   1.882500E+03  9.962251E-09  8.015742E-11
   1.887500E+03  9.971054E-09  8.019644E-11
   1.892500E+03  9.925677E-09  7.999111E-11
   1.897500E+03  9.877008E-09  7.980099E-11
   1.902500E+03  9.814167E-09  7.954784E-11
   1.907500E+03  9.871282E-09  7.980007E-11
   1.912500E+03  9.753831E-09  7.931381E-11
   1.917500E+03  9.678466E-09  7.899045E-11
   1.922500E+03  9.697289E-09  7.909263E-11
   1.927500E+03  9.685909E-09  7.902457E-11
   1.932500E+03  9.614480E-09  7.876104E-11
   1.937500E+03  9.577835E-09  7.858791E-11
   1.942500E+03  9.598304E-09  7.868381E-11
   1.947500E+03  9.486794E-09  7.819289E-11
   1.952500E+03  9.461529E-09  7.811575E-11
   1.957500E+03  9.436264E-09  7.801491E-11
   1.962500E+03  9.419373E-09  7.793223E-11
   1.967500E+03  9.340930E-09  7.761114E-11
   1.972500E+03  9.324325E-09  7.753872E-11
   1.977500E+03  9.281453E-09  7.736872E-11
   1.982500E+03  9.255114E-09  7.724514E-11
   1.987500E+03  9.201435E-09  7.700161E-11
   1.992500E+03  9.217610E-09  7.709371E-11
   1.997500E+03  9.137306E-09  7.676733E-11
   2.002500E+03  9.111826E-09  7.664634E-11
   2.007500E+03  9.102736E-09  7.661572E-11
   2.012500E+03  9.069813E-09  7.646283E-11
   2.017500E+03  9.022575E-09  7.629570E-11
   2.022500E+03  8.979059E-09  7.609897E-11
   2.027500E+03  8.908417E-09  7.577422E-11
   2.032500E+03  8.899184E-09  7.575603E-11
   2.037500E+03  8.880074E-09  7.567976E-11
   2.042500E+03  8.866332E-09  7.561143E-11
   2.047500E+03  8.828613E-09  7.545514E-11
   2.052500E+03  8.778942E-09  7.525580E-11
   2.057500E+03  8.771570E-09  7.521411E-11
   2.062500E+03  8.746090E-09  7.509672E-11
   2.067500E+03  8.608671E-09  7.450360E-11
   2.072500E+03  8.601585E-09  7.447386E-11
   2.077500E+03  8.615900E-09  7.451972E-11
   2.082500E+03  8.595359E-09  7.444345E-11
   2.087500E+03  8.604806E-09  7.448766E-11
   2.092500E+03  8.501241E-09  7.404066E-11
   2.097500E+03  8.521066E-09  7.411427E-11
   2.102500E+03  8.430670E-09  7.373577E-11
   2.107500E+03  8.418073E-09  7.366369E-11
   2.112500E+03  8.399035E-09  7.355794E-11
   2.117500E+03  8.368187E-09  7.346725E-11
   2.122500E+03  8.308424E-09  7.319952E-11
   2.127500E+03  8.305561E-09  7.317947E-11
   2.132500E+03  8.285092E-09  7.308821E-11
   2.137500E+03  8.293036E-09  7.311786E-11
   2.142500E+03  8.192334E-09  7.266979E-11
   2.147500E+03  8.194839E-09  7.268080E-11
   2.152500E+03  8.148030E-09  7.247104E-11
   2.157500E+03  8.141159E-09  7.246875E-11
   2.162500E+03  8.126344E-09  7.239961E-11
   2.167500E+03  8.064004E-09  7.211708E-11
   2.172500E+03  8.041960E-09  7.200275E-11
   2.177500E+03  8.015764E-09  7.188903E-11
   2.182500E+03  7.965234E-09  7.166225E-11
   2.187500E+03  7.943548E-09  7.155908E-11
   2.192500E+03  7.941043E-09  7.157045E-11
   2.197500E+03  7.866679E-09  7.122226E-11
   2.202500E+03  7.892445E-09  7.134225E-11
   2.207500E+03  7.831751E-09  7.105571E-11
   2.212500E+03  7.817723E-09  7.099456E-11
   2.217500E+03  7.795321E-09  7.090149E-11
   2.222500E+03  7.729260E-09  7.061170E-11
   2.227500E+03  7.712583E-09  7.053359E-11
   2.232500E+03  7.681091E-09  7.038556E-11
   2.237500E+03  7.683739E-09  7.038841E-11
   2.242500E+03  7.637712E-09  9.444206E-11
   2.247500E+03  7.559346E-09  6.980034E-11
   2.252500E+03  7.600429E-09  7.001384E-11
   2.257500E+03  7.546893E-09  6.974595E-11
   2.262500E+03  7.519409E-09  6.962389E-11
   2.267500E+03  7.532435E-09  6.968895E-11
   2.272500E+03  7.487702E-09  6.948419E-11
   2.277500E+03  7.459073E-09  6.934110E-11
   2.282500E+03  7.451200E-09  6.930281E-11
   2.287500E+03  7.379771E-09  6.897598E-11
   2.292500E+03  7.371755E-09  6.894551E-11
   2.297500E+03  7.275848E-09  6.848466E-11
   2.302500E+03  7.291379E-09  6.856585E-11
   2.307500E+03  7.292166E-09  6.856616E-11
   2.312500E+03  7.250797E-09  6.837169E-11
   2.317500E+03  7.248507E-09  6.834277E-11
   2.322500E+03  7.177579E-09  6.803937E-11
   2.327500E+03  7.196259E-09  6.810880E-11
   2.332500E+03  7.154962E-09  6.792013E-11
   2.337500E+03  7.145729E-09  6.786987E-11
   2.342500E+03  7.081743E-09  6.756985E-11
   2.347500E+03  7.029710E-09  6.730814E-11
   2.352500E+03  7.013606E-09  6.723846E-11
   2.357500E+03  7.040374E-09  6.736904E-11
   2.362500E+03  6.984118E-09  6.711253E-11
   2.367500E+03  6.966010E-09  6.699869E-11
   2.372500E+03  6.945540E-09  6.690575E-11
   2.377500E+03  6.928363E-09  6.684224E-11
   2.382500E+03  6.948976E-09  6.693457E-11
   2.387500E+03  6.835533E-09  6.638278E-11
   2.392500E+03  6.860942E-09  6.650437E-11
   2.397500E+03  6.813274E-09  6.627547E-11
   2.402500E+03  6.796169E-09  6.617756E-11
   2.407500E+03  6.785934E-09  6.613575E-11
   2.412500E+03  6.730894E-09  6.586697E-11
   2.417500E+03  6.719228E-09  6.580539E-11
   2.422500E+03  6.721089E-09  6.580743E-11
   2.427500E+03  6.667481E-09  6.557943E-11
   2.432500E+03  6.630693E-09  6.537156E-11
   2.437500E+03  6.607289E-09  6.527108E-11
   2.442500E+03  6.605428E-09  6.526054E-11
   2.447500E+03  6.594614E-09  9.082081E-11
   2.452500E+03  6.537792E-09  6.492038E-11
   2.457500E+03  6.562914E-09  6.505113E-11
   2.462500E+03  6.491699E-09  6.468075E-11
   2.467500E+03  6.504439E-09  6.476081E-11
   2.472500E+03  6.436445E-09  6.442049E-11
   2.477500E+03  6.443674E-09  6.444064E-11
   2.482500E+03  6.468653E-09  6.458594E-11
   2.487500E+03  6.380976E-09  6.414012E-11
   2.492500E+03  6.354351E-09  6.398917E-11
   2.497500E+03  6.371744E-09  6.407319E-11
   2.502500E+03  6.335313E-09  6.391411E-11
   2.507500E+03  6.340538E-09  6.394603E-11
   2.512500E+03  6.251716E-09  6.348625E-11
   2.517500E+03  6.269466E-09  6.357057E-11
   2.522500E+03  6.215214E-09  6.329764E-11
   2.527500E+03  6.231390E-09  6.337499E-11
   2.532500E+03  6.190808E-09  6.318144E-11
   2.537500E+03  6.210491E-09  6.327375E-11
   2.542500E+03  6.161821E-09  6.301909E-11
   2.547500E+03  6.088173E-09  6.265650E-11
   2.552500E+03  6.174704E-09  6.308813E-11
   2.557500E+03  6.089104E-09  6.265978E-11
   2.562500E+03  6.056395E-09  6.248659E-11
   2.567500E+03  6.051242E-09  6.245798E-11
   2.572500E+03  6.001213E-09  6.218849E-11
   2.577500E+03  5.999638E-09  6.218928E-11
   2.582500E+03  5.941879E-09  6.189577E-11
   2.587500E+03  5.928781E-09  6.182576E-11
   2.592500E+03  5.909242E-09  6.169613E-11
   2.597500E+03  5.923199E-09  6.178566E-11
   2.602500E+03  5.918045E-09  6.176717E-11
   2.607500E+03  5.853129E-09  6.143434E-11
   2.612500E+03  5.814766E-09  6.122885E-11
   2.617500E+03  5.834807E-09  6.132752E-11
   2.622500E+03  5.830226E-09  6.130285E-11
   2.627500E+03  5.807967E-09  6.119178E-11
   2.632500E+03  5.766240E-09  6.097914E-11
   2.637500E+03  5.763019E-09  6.094559E-11
   2.642500E+03  5.702111E-09  6.062480E-11
   2.647500E+03  5.707330E-09  8.760452E-11
   2.652500E+03  5.706835E-09  6.064822E-11
   2.657500E+03  5.651509E-09  6.036690E-11
   2.662500E+03  5.679780E-09  6.050218E-11
   2.667500E+03  5.590744E-09  6.002684E-11
   2.672500E+03  5.608780E-09  6.012834E-11
   2.677500E+03  5.574855E-09  5.995510E-11
   2.682500E+03  5.584088E-09  6.000285E-11
   2.687500E+03  5.590744E-09  6.002761E-11
   2.692500E+03  5.505931E-09  5.955721E-11
   2.697500E+03  5.497628E-09  5.951023E-11
   2.702500E+03  5.486821E-09  5.945980E-11
   2.707500E+03  5.489970E-09  5.947754E-11
   2.712500E+03  5.405944E-09  5.903354E-11
   2.717500E+03  5.406373E-09  5.901478E-11
   2.722500E+03  5.448029E-09  5.926529E-11
   2.727500E+03  5.388051E-09  5.893560E-11
   2.732500E+03  5.398429E-09  5.898103E-11
   2.737500E+03  5.356774E-09  5.875519E-11
   2.742500E+03  5.358778E-09  5.875827E-11
   2.747500E+03  5.344320E-09  5.869119E-11
   2.752500E+03  5.329433E-09  5.862091E-11
   2.757500E+03  5.264445E-09  5.823546E-11
   2.762500E+03  5.258433E-09  5.821031E-11
   2.767500E+03  5.250918E-09  5.816498E-11
   2.772500E+03  5.228015E-09  5.804904E-11
   2.777500E+03  5.238464E-09  5.810984E-11
   2.782500E+03  5.168538E-09  5.773268E-11
   2.787500E+03  5.151361E-09  5.761409E-11
   2.792500E+03  5.167035E-09  5.770596E-11
   2.797500E+03  5.139623E-09  5.754798E-11
   2.802500E+03  5.098468E-09  5.733210E-11
   2.807500E+03  5.112067E-09  5.740804E-11
   2.812500E+03  5.084225E-09  5.724038E-11
   2.817500E+03  5.077498E-09  5.719465E-11
   2.822500E+03  5.044717E-09  5.700670E-11
   2.827500E+03  4.999913E-09  5.677626E-11
   2.832500E+03  5.003205E-09  5.678509E-11
   2.837500E+03  4.950099E-09  5.647894E-11
   2.842500E+03  4.965272E-09  5.657147E-11
   2.847500E+03  4.948166E-09  5.646552E-11
   2.852500E+03  4.967920E-09  5.658076E-11
   2.857500E+03  4.886900E-09  5.613075E-11
   2.862500E+03  4.899425E-09  5.618744E-11
   2.867500E+03  4.894916E-09  5.616746E-11
   2.872500E+03  4.855694E-09  5.593913E-11
   2.877500E+03  4.831789E-09  5.580616E-11
   2.882500E+03  4.805522E-09  5.564601E-11
   2.887500E+03  4.831861E-09  5.581070E-11
   2.892500E+03  4.820624E-09  5.573870E-11
   2.897500E+03  4.775319E-09  5.548924E-11
   2.902500E+03  4.758499E-09  5.538536E-11
   2.907500E+03  4.762221E-09  5.539607E-11
   2.912500E+03  4.758070E-09  5.537039E-11
   2.917500E+03  4.718919E-09  5.516171E-11
   2.922500E+03  4.714697E-09  5.511124E-11
   2.927500E+03  4.692223E-09  5.499549E-11
   2.932500E+03  4.651426E-09  5.475637E-11
   2.937500E+03  4.630169E-09  5.462252E-11
   2.942500E+03  4.632603E-09  5.463680E-11
   2.947500E+03  4.620221E-09  5.457425E-11
   2.952500E+03  4.572554E-09  5.428168E-11
   2.957500E+03  4.577993E-09  5.431634E-11
   2.962500E+03  4.557953E-09  5.420134E-11
   2.967500E+03  4.546430E-09  5.411612E-11
   2.972500E+03  4.496186E-09  5.382453E-11
   2.977500E+03  4.466913E-09  5.364732E-11
   2.982500E+03  4.493967E-09  5.383016E-11
   2.987500E+03  4.496615E-09  5.383736E-11
   2.992500E+03  4.460113E-09  5.360496E-11
   2.997500E+03  4.425329E-09  5.340171E-11
   3.002500E+03  4.413233E-09  5.332126E-11
   3.007500E+03  4.437210E-09  5.347040E-11
   3.012500E+03  4.385964E-09  5.316572E-11
   3.017500E+03  4.342376E-09  5.290484E-11
   3.022500E+03  4.362846E-09  5.302526E-11
   3.027500E+03  4.370003E-09  5.305027E-11
   3.032500E+03  4.332428E-09  5.284887E-11
   3.037500E+03  4.324268E-09  5.279586E-11
   3.042500E+03  4.308737E-09  5.269708E-11
   3.047500E+03  4.278247E-09  5.250334E-11
   3.052500E+03  4.296355E-09  5.261643E-11
   3.057500E+03  4.213260E-09  5.210759E-11
   3.062500E+03  4.264720E-09  5.241538E-11
   3.067500E+03  4.238095E-09  5.226284E-11
   3.072500E+03  4.191716E-09  5.196952E-11
   3.077500E+03  4.200233E-09  5.202382E-11
   3.082500E+03  4.170459E-09  5.183463E-11
   3.087500E+03  4.167238E-09  5.181648E-11
   3.092500E+03  4.141114E-09  5.167151E-11
   3.097500E+03  4.147413E-09  5.170345E-11
   3.102500E+03  4.096883E-09  5.138281E-11
   3.107500E+03  4.091515E-09  5.134660E-11
   3.112500E+03  4.090727E-09  5.134258E-11
   3.117500E+03  4.071832E-09  5.121632E-11
   3.122500E+03  4.097741E-09  5.140162E-11
   3.127500E+03  4.042201E-09  5.105211E-11
   3.132500E+03  4.045851E-09  5.106059E-11
   3.137500E+03  4.020372E-09  5.089667E-11
   3.142500E+03  3.998900E-09  5.075937E-11
   3.147500E+03  3.981221E-09  5.066393E-11
   3.152500E+03  3.959177E-09  5.050866E-11
   3.157500E+03  3.947368E-09  5.043636E-11
   3.162500E+03  3.957889E-09  5.049865E-11
   3.167500E+03  3.954453E-09  5.048688E-11
   3.172500E+03  3.921745E-09  5.028506E-11
   3.177500E+03  3.918166E-09  5.025489E-11
   3.182500E+03  3.859477E-09  4.986039E-11
   3.187500E+03  3.853608E-09  4.982077E-11
   3.192500E+03  3.864701E-09  4.990693E-11
   3.197500E+03  3.834856E-09  4.971287E-11
   3.202500E+03  3.816032E-09  4.959125E-11
   3.207500E+03  3.798640E-09  4.947396E-11
   3.212500E+03  3.796994E-09  4.945023E-11
   3.217500E+03  3.776166E-09  4.933082E-11
   3.222500E+03  3.747609E-09  4.914663E-11
   3.227500E+03  3.757915E-09  4.921386E-11
   3.232500E+03  3.730217E-09  4.904143E-11
   3.237500E+03  3.696864E-09  4.879536E-11
   3.242500E+03  3.722988E-09  4.899129E-11
   3.247500E+03  3.707743E-09  4.888004E-11
   3.252500E+03  3.627438E-09  4.835769E-11
   3.257500E+03  3.683480E-09  4.873093E-11
   3.262500E+03  3.640250E-09  4.843405E-11
   3.267500E+03  3.631232E-09  4.838095E-11
   3.272500E+03  3.635168E-09  4.839085E-11
   3.277500E+03  3.614341E-09  4.826115E-11
   3.282500E+03  3.587787E-09  4.807854E-11
   3.287500E+03  3.584853E-09  4.806566E-11
   3.292500E+03  3.565385E-09  4.794418E-11
   3.297500E+03  3.568391E-09  4.794699E-11
   3.302500E+03  3.542840E-09  4.777858E-11
   3.307500E+03  3.525233E-09  4.766502E-11
   3.312500E+03  3.506266E-09  4.753231E-11
   3.317500E+03  3.517789E-09  4.761294E-11
   3.322500E+03  3.492095E-09  4.742974E-11
   3.327500E+03  3.473057E-09  4.730270E-11
   3.332500E+03  3.485224E-09  4.738906E-11
   3.337500E+03  3.472198E-09  4.729297E-11
   3.342500E+03  3.425031E-09  4.698949E-11
   3.347500E+03  3.436340E-09  4.706470E-11
   3.352500E+03  3.430757E-09  4.701289E-11
   3.357500E+03  3.418876E-09  4.693761E-11
   3.362500E+03  3.379368E-09  4.667559E-11
   3.367500E+03  3.352242E-09  4.648274E-11
   3.372500E+03  3.349021E-09  4.644958E-11
   3.377500E+03  3.347160E-09  4.643970E-11
   3.382500E+03  3.317458E-09  4.622499E-11
   3.387500E+03  3.297990E-09  4.611662E-11
   3.392500E+03  3.296559E-09  4.609265E-11
   3.397500E+03  3.285465E-09  4.601333E-11
   3.402500E+03  3.260486E-09  4.583071E-11
   3.407500E+03  3.255404E-09  4.580618E-11
   3.412500E+03  3.267930E-09  4.589386E-11
   3.417500E+03  3.232644E-09  4.565146E-11
   3.422500E+03  3.246315E-09  4.574748E-11
   3.427500E+03  3.201009E-09  4.541426E-11
   3.432500E+03  3.209741E-09  4.548000E-11
   3.437500E+03  3.197717E-09  4.539200E-11
   3.442500E+03  3.186910E-09  4.532975E-11
   3.447500E+03  3.161788E-09  4.513720E-11
   3.452500E+03  3.135878E-09  4.495461E-11
   3.457500E+03  3.128793E-09  4.488549E-11
   3.462500E+03  3.143751E-09  4.501386E-11
   3.467500E+03  3.126932E-09  4.488759E-11
   3.472500E+03  3.111186E-09  4.477999E-11
   3.477500E+03  3.106605E-09  4.474198E-11
   3.482500E+03  3.097515E-09  4.467775E-11
   3.487500E+03  3.080267E-09  4.454949E-11
   3.492500E+03  3.080123E-09  4.455570E-11
   3.497500E+03  3.057005E-09  4.437219E-11
   3.502500E+03  3.028448E-09  4.417030E-11
   3.507500E+03  3.005545E-09  4.400037E-11
   3.512500E+03  3.040257E-09  4.426127E-11
   3.517500E+03  2.996527E-09  4.394291E-11
   3.522500E+03  3.003541E-09  4.400251E-11
   3.527500E+03  2.968399E-09  4.373902E-11
   3.532500E+03  2.934187E-09  4.348715E-11
   3.537500E+03  2.935046E-09  4.348395E-11
   3.542500E+03  2.918727E-09  4.337391E-11
   3.547500E+03  2.893104E-09  4.318701E-11
   3.552500E+03  2.902409E-09  4.324867E-11
   3.557500E+03  2.900906E-09  4.322685E-11
   3.562500E+03  2.891243E-09  4.315715E-11
   3.567500E+03  2.895896E-09  4.319175E-11
   3.572500E+03  2.864762E-09  4.296717E-11
   3.577500E+03  2.868555E-09  4.299659E-11
   3.582500E+03  2.828761E-09  4.269079E-11
   3.587500E+03  2.834272E-09  4.273870E-11
   3.592500E+03  2.800847E-09  4.247813E-11
   3.597500E+03  2.813587E-09  4.257975E-11
   3.602500E+03  2.818812E-09  4.262238E-11
   3.607500E+03  2.774652E-09  4.227854E-11
   3.612500E+03  2.760266E-09  4.216693E-11
   3.617500E+03  2.769642E-09  4.224156E-11
   3.622500E+03  2.740369E-09  4.201293E-11
   3.627500E+03  2.718682E-09  4.186114E-11
   3.632500E+03  2.698713E-09  4.170434E-11
   3.637500E+03  2.701934E-09  4.172472E-11
   3.642500E+03  2.677957E-09  4.154419E-11
   3.647500E+03  2.690769E-09  4.163647E-11
   3.652500E+03  2.685473E-09  4.160779E-11
   3.657500E+03  2.674665E-09  4.151317E-11
   3.662500E+03  2.629503E-09  4.116563E-11
   3.667500E+03  2.651619E-09  4.134675E-11
   3.672500E+03  2.632366E-09  4.118461E-11
   3.677500E+03  2.607816E-09  4.098370E-11
   3.682500E+03  2.589780E-09  4.085000E-11
   3.687500E+03  2.597438E-09  4.090341E-11
   3.692500E+03  2.591641E-09  4.086576E-11
   3.697500E+03  2.567378E-09  4.066894E-11
   3.702500E+03  2.558360E-09  4.060105E-11
   3.707500E+03  2.555855E-09  4.058009E-11
   3.712500E+03  2.543401E-09  4.049392E-11
   3.717500E+03  2.555497E-09  4.058067E-11
   3.722500E+03  2.491797E-09  4.007212E-11
   3.727500E+03  2.513484E-09  4.023986E-11
   3.732500E+03  2.500314E-09  4.012770E-11
   3.737500E+03  2.455939E-09  3.977551E-11
   3.742500E+03  2.490437E-09  4.006006E-11
   3.747500E+03  2.469896E-09  3.987998E-11
   3.752500E+03  2.458087E-09  3.979864E-11
   3.757500E+03  2.454150E-09  3.975989E-11
   3.762500E+03  2.413067E-09  3.943473E-11
   3.767500E+03  2.418793E-09  3.947902E-11
   3.772500E+03  2.409990E-09  3.940263E-11
   3.777500E+03  2.420654E-09  3.949883E-11
   3.782500E+03  2.395103E-09  3.928459E-11
   3.787500E+03  2.370410E-09  3.908095E-11
   3.792500E+03  2.372987E-09  3.910684E-11
   3.797500E+03  2.364613E-09  3.903444E-11
   3.802500E+03  2.320954E-09  3.867342E-11
   3.807500E+03  2.347006E-09  3.889992E-11
   3.812500E+03  2.323316E-09  3.868707E-11
   3.817500E+03  2.319164E-09  3.865497E-11
   3.822500E+03  2.287816E-09  3.841032E-11
   3.827500E+03  2.285525E-09  3.837434E-11
   3.832500E+03  2.283163E-09  3.835817E-11
   3.837500E+03  2.272213E-09  3.826392E-11
   3.842500E+03  2.228554E-09  3.788092E-11
   3.847500E+03  2.257039E-09  3.813992E-11
   3.852500E+03  2.226693E-09  3.787730E-11
   3.857500E+03  2.233564E-09  3.794162E-11
   3.862500E+03  2.212163E-09  3.775506E-11
   3.867500E+03  2.198565E-09  3.764282E-11
   3.872500E+03  2.214382E-09  3.776052E-11
   3.877500E+03  2.195272E-09  3.760613E-11
   3.882500E+03  2.142953E-09  3.716381E-11
   3.887500E+03  2.160560E-09  3.731327E-11
   3.892500E+03  2.171081E-09  3.739884E-11
   3.897500E+03  2.134006E-09  3.707891E-11
   3.902500E+03  2.141951E-09  3.715266E-11
   3.907500E+03  2.124201E-09  3.698510E-11
   3.912500E+03  2.090490E-09  3.670232E-11
   3.917500E+03  2.105377E-09  3.683495E-11
   3.922500E+03  2.105735E-09  3.682806E-11
   3.927500E+03  2.088486E-09  3.668728E-11
   3.932500E+03  2.064939E-09  3.647664E-11
   3.937500E+03  2.051841E-09  3.635598E-11
   3.942500E+03  2.060501E-09  3.644384E-11
   3.947500E+03  2.040318E-09  3.625524E-11
   3.952500E+03  2.041034E-09  3.625777E-11
   3.957500E+03  2.042966E-09  3.629269E-11
   3.962500E+03  2.000667E-09  3.590844E-11
   3.967500E+03  2.006893E-09  3.596157E-11
   3.972500E+03  1.994082E-09  3.584946E-11
   3.977500E+03  1.987998E-09  3.579101E-11
   3.982500E+03  1.976976E-09  3.568543E-11
   3.987500E+03  1.938971E-09  3.534016E-11
   3.992500E+03  1.956220E-09  3.549799E-11
   3.997500E+03  1.926303E-09  3.522999E-11
   4.002500E+03  1.919360E-09  3.516790E-11
   4.007500E+03  1.894668E-09  3.493356E-11
   4.012500E+03  1.905404E-09  3.503484E-11
   4.017500E+03  1.902469E-09  3.501976E-11
   4.022500E+03  1.898676E-09  3.497965E-11
   4.027500E+03  1.860384E-09  3.461400E-11
   4.032500E+03  1.879494E-09  3.479366E-11
   4.037500E+03  1.854659E-09  3.456745E-11
   4.042500E+03  1.851581E-09  3.454016E-11
   4.047500E+03  1.835048E-09  3.438058E-11
   4.052500E+03  1.836622E-09  3.439932E-11
   4.057500E+03  1.823739E-09  3.427468E-11
   4.062500E+03  1.792892E-09  3.398684E-11
   4.067500E+03  1.782657E-09  3.389941E-11
   4.072500E+03  1.776287E-09  3.382123E-11
   4.077500E+03  1.786164E-09  3.392858E-11
   4.082500E+03  1.780510E-09  3.386271E-11
   4.087500E+03  1.781225E-09  3.387086E-11
   4.092500E+03  1.742862E-09  3.350614E-11
   4.097500E+03  1.738854E-09  3.347455E-11
   4.102500E+03  1.743149E-09  3.351852E-11
   4.107500E+03  1.725399E-09  3.335060E-11
   4.112500E+03  1.700563E-09  3.310614E-11
   4.117500E+03  1.694408E-09  3.303654E-11
   4.122500E+03  1.708508E-09  3.317487E-11
   4.127500E+03  1.695052E-09  3.304560E-11
   4.132500E+03  1.692118E-09  3.301006E-11
   4.137500E+03  1.677731E-09  3.287525E-11
   4.142500E+03  1.658478E-09  3.268360E-11
   4.147500E+03  1.667926E-09  3.279187E-11
   4.152500E+03  1.635718E-09  3.246177E-11
   4.157500E+03  1.633285E-09  3.244618E-11
   4.162500E+03  1.610382E-09  3.220983E-11
   4.167500E+03  1.604584E-09  3.215191E-11
   4.172500E+03  1.600791E-09  3.211682E-11
   4.177500E+03  1.575096E-09  3.185275E-11
   4.182500E+03  1.577888E-09  3.188381E-11
   4.187500E+03  1.579820E-09  3.189317E-11
   4.192500E+03  1.566866E-09  3.177390E-11
   4.197500E+03  1.545108E-09  3.155440E-11
   4.202500E+03  1.533871E-09  3.142942E-11
   4.207500E+03  1.544964E-09  3.154564E-11
   4.212500E+03  1.519842E-09  3.128704E-11
   4.217500E+03  1.504454E-09  3.113440E-11
   4.222500E+03  1.514904E-09  3.124067E-11
   4.227500E+03  1.505671E-09  3.115140E-11
   4.232500E+03  1.471173E-09  3.077825E-11
   4.237500E+03  1.470171E-09  3.078276E-11
   4.242500E+03  1.458505E-09  3.064409E-11
   4.247500E+03  1.472175E-09  3.079770E-11
   4.252500E+03  1.432166E-09  3.037098E-11
   4.257500E+03  1.451204E-09  3.058849E-11
   4.262500E+03  1.426655E-09  3.031865E-11
   4.267500E+03  1.413343E-09  3.017406E-11
   4.272500E+03  1.399243E-09  3.002494E-11
   4.277500E+03  1.393231E-09  2.995739E-11
   4.282500E+03  1.401318E-09  3.003949E-11
   4.287500E+03  1.398169E-09  3.001958E-11
   4.292500E+03  1.390582E-09  2.992895E-11
   4.297500E+03  1.371115E-09  2.972367E-11
   4.302500E+03  1.352864E-09  2.952553E-11
   4.307500E+03  1.363170E-09  2.963292E-11
   4.312500E+03  1.339909E-09  2.938251E-11
   4.317500E+03  1.330963E-09  2.927811E-11
   4.322500E+03  1.329961E-09  2.927183E-11
   4.327500E+03  1.326955E-09  2.924194E-11
   4.332500E+03  1.308775E-09  2.903812E-11
   4.337500E+03  1.296321E-09  2.889825E-11
   4.342500E+03  1.274921E-09  2.865746E-11
   4.347500E+03  1.274707E-09  2.866149E-11
   4.352500E+03  1.286158E-09  2.878971E-11
   4.357500E+03  1.257171E-09  2.846564E-11
   4.362500E+03  1.253450E-09  2.841220E-11
   4.367500E+03  1.228685E-09  2.813536E-11
   4.372500E+03  1.246650E-09  2.833186E-11
   4.377500E+03  1.215301E-09  2.798851E-11
   4.382500E+03  1.220598E-09  2.804767E-11
   4.387500E+03  1.200486E-09  2.781772E-11
   4.392500E+03  1.199126E-09  2.779204E-11
   4.397500E+03  1.178012E-09  2.754155E-11
   4.402500E+03  1.178943E-09  2.755576E-11
   4.407500E+03  1.187317E-09  2.765835E-11
   4.412500E+03  1.165558E-09  2.740076E-11
   4.417500E+03  1.155753E-09  2.728540E-11
   4.422500E+03  1.131204E-09  2.699270E-11
   4.427500E+03  1.130273E-09  2.698674E-11
   4.432500E+03  1.115386E-09  2.680697E-11
   4.437500E+03  1.127553E-09  2.695430E-11
   4.442500E+03  1.122901E-09  2.689872E-11
   4.447500E+03  1.106296E-09  2.670457E-11
   4.452500E+03  1.097135E-09  2.658877E-11
   4.457500E+03  1.080387E-09  2.638710E-11
   4.462500E+03  1.075162E-09  2.631456E-11
   4.467500E+03  1.064140E-09  2.619003E-11
   4.472500E+03  1.069651E-09  2.625237E-11
   4.477500E+03  1.058128E-09  2.611431E-11
   4.482500E+03  1.037945E-09  2.585911E-11
   4.487500E+03  1.020052E-09  2.563372E-11
   4.492500E+03  1.025563E-09  2.570638E-11
   4.497500E+03  1.015829E-09  2.558247E-11
   4.502500E+03  9.970768E-10  2.534372E-11
   4.507500E+03  1.004520E-09  2.543985E-11
   4.512500E+03  9.766070E-10  2.508066E-11
   4.517500E+03  9.826191E-10  2.516134E-11
   4.522500E+03  9.678036E-10  2.497670E-11
   4.527500E+03  9.779669E-10  2.510178E-11
   4.532500E+03  9.625072E-10  2.490653E-11
   4.537500E+03  9.428248E-10  2.464534E-11
   4.542500E+03  9.370274E-10  2.457329E-11
   4.547500E+03  9.396756E-10  2.460419E-11
   4.552500E+03  9.277946E-10  2.444644E-11
   4.557500E+03  9.139095E-10  2.426489E-11
   4.562500E+03  9.008833E-10  2.408962E-11
   4.567500E+03  9.016706E-10  2.410587E-11
   4.572500E+03  8.802704E-10  2.381269E-11
   4.577500E+03  8.688904E-10  2.366621E-11
   4.582500E+03  8.681747E-10  2.364673E-11
   4.587500E+03  8.497805E-10  2.339705E-11
   4.592500E+03  8.469176E-10  2.335962E-11
   4.597500E+03  8.467029E-10  2.335271E-11
   4.602500E+03  8.408340E-10  2.326972E-11
   4.607500E+03  8.271636E-10  2.308189E-11
   4.612500E+03  8.157120E-10  2.292571E-11
   4.617500E+03  8.086263E-10  2.282199E-11
   4.622500E+03  7.961011E-10  2.265283E-11
   4.627500E+03  7.859378E-10  2.250184E-11
   4.632500E+03  7.762040E-10  2.236013E-11
   4.637500E+03  7.703350E-10  2.227550E-11
   4.642500E+03  7.648239E-10  2.220197E-11
   4.647500E+03  7.562352E-10  2.207504E-11
   4.652500E+03  7.475034E-10  2.194737E-11
   4.657500E+03  7.497221E-10  2.197569E-11
   4.662500E+03  7.259601E-10  2.162490E-11
   4.667500E+03  7.312564E-10  2.170358E-11
   4.672500E+03  7.203774E-10  2.154165E-11
   4.677500E+03  7.055619E-10  2.131916E-11
   4.682500E+03  7.025559E-10  2.127806E-11
   4.687500E+03  6.907464E-10  2.109431E-11
   4.692500E+03  6.719944E-10  2.081067E-11
   4.697500E+03  6.828734E-10  2.096945E-11
   4.702500E+03  6.671275E-10  2.072859E-11
   4.707500E+03  6.602565E-10  2.062163E-11
   4.712500E+03  6.336315E-10  2.020864E-11
   4.717500E+03  6.274763E-10  2.010807E-11
   4.722500E+03  6.143069E-10  1.989384E-11
   4.727500E+03  6.207485E-10  1.999318E-11
   4.732500E+03  6.040005E-10  1.972638E-11
   4.737500E+03  6.142354E-10  1.989036E-11
   4.742500E+03  5.888271E-10  1.947959E-11
   4.747500E+03  5.784491E-10  1.930257E-11
   4.752500E+03  5.705761E-10  1.917083E-11
   4.757500E+03  5.702183E-10  1.916482E-11
   4.762500E+03  5.662818E-10  1.910342E-11
   4.767500E+03  5.465278E-10  1.876025E-11
   4.772500E+03  5.387264E-10  1.862838E-11
   4.777500E+03  5.408735E-10  1.867039E-11
   4.782500E+03  5.063756E-10  1.805815E-11
   4.787500E+03  5.077355E-10  1.808238E-11
   4.792500E+03  5.076639E-10  1.808620E-11
   4.797500E+03  4.963554E-10  1.788895E-11
   4.802500E+03  4.764583E-10  1.751935E-11
   4.807500E+03  4.763151E-10  1.751409E-11
   4.812500E+03  4.708040E-10  1.741250E-11
   4.817500E+03  4.534835E-10  1.709197E-11
   4.822500E+03  4.528393E-10  1.708254E-11
   4.827500E+03  4.410299E-10  1.685851E-11
   4.832500E+03  4.327990E-10  1.669508E-11
   4.837500E+03  4.239240E-10  1.652584E-11
   4.842500E+03  4.194150E-10  1.643496E-11
   4.847500E+03  4.014503E-10  1.607921E-11
   4.852500E+03  3.934341E-10  1.592080E-11
   4.857500E+03  3.866348E-10  1.577978E-11
   4.862500E+03  3.664513E-10  1.536247E-11
   4.867500E+03  3.590793E-10  1.521022E-11
   4.872500E+03  3.587215E-10  1.519961E-11
   4.877500E+03  3.527094E-10  1.507172E-11
   4.882500E+03  3.381802E-10  1.476121E-11
   4.887500E+03  3.323112E-10  1.462949E-11
   4.892500E+03  3.216469E-10  1.439608E-11
   4.897500E+03  3.178536E-10  1.430777E-11
   4.902500E+03  3.124140E-10  1.418808E-11
   4.907500E+03  2.806358E-10  1.344760E-11
   4.912500E+03  2.799201E-10  1.342702E-11
   4.917500E+03  2.709736E-10  1.321074E-11
   4.922500E+03  2.536530E-10  1.278161E-11
   4.927500E+03  2.550129E-10  1.281942E-11
   4.932500E+03  2.429171E-10  1.250823E-11
   4.937500E+03  2.232347E-10  1.199085E-11
   4.942500E+03  2.219464E-10  1.195620E-11
   4.947500E+03  2.031228E-10  1.144205E-11
   4.952500E+03  1.905260E-10  1.107771E-11
   4.957500E+03  1.733486E-10  1.056659E-11
   4.962500E+03  1.569585E-10  1.005928E-11
   4.967500E+03  1.543104E-10  9.969524E-12
   4.972500E+03  1.396380E-10  9.493473E-12
   4.977500E+03  1.238205E-10  8.930516E-12
   4.982500E+03  1.185241E-10  8.737441E-12
   4.987500E+03  1.112237E-10  8.464093E-12
   4.992500E+03  1.042096E-10  8.192877E-12
   4.997500E+03  9.018137E-11  7.621538E-12
