 #  Results from PENEPMA.
 #  Probability of emission of characteristic photons. All in 1/(sr*electron).
 #    P = primary photons (from electron interactions);
 #    C = flourescence from characteristic x rays;
 #    B = flourescence from bremsstrahlung quanta;
 #   TF = C+B, total fluorescence;
 #    T = P+C+B, total intensity;
 #  unc = statistical uncertainty (3 sigma).
 #
 # IZ S0 S1  E (eV)      P            unc       C            unc       B            unc       TF           unc       T            unc
   35 M1 M2  5.9670E+01  1.022780E-07 9.86E-09  1.055397E-10 3.17E-10  2.827115E-11 9.54E-12  1.338108E-10 3.26E-10  1.024118E-07 9.86E-09
   35 M1 M3  6.6710E+01  2.782197E-07 1.63E-08  1.055397E-10 3.17E-10  8.409772E-11 1.65E-11  1.896374E-10 3.33E-10  2.784094E-07 1.63E-08
   35 M5 N3  6.7420E+01  6.099556E-07 2.41E-08  2.110793E-10 4.48E-10  8.767635E-11 1.68E-11  2.987557E-10 4.65E-10  6.102544E-07 2.41E-08
   35 M4 N2  6.8000E+01  4.015008E-07 1.95E-08  0.000000E+00 0.00E+00  6.298382E-11 1.42E-11  6.298382E-11 1.42E-11  4.015638E-07 1.95E-08
   35 M4 N3  6.8560E+01  7.852652E-08 8.64E-09  0.000000E+00 0.00E+00  1.180947E-11 6.17E-12  1.180947E-11 6.17E-12  7.853833E-08 8.64E-09
   19 L1 L2  6.9510E+01  7.483063E-07 2.67E-08  7.387777E-10 8.38E-10  3.120562E-10 3.17E-11  1.050834E-09 8.69E-10  7.493571E-07 2.67E-08
   19 L1 L3  7.2520E+01  2.097900E-06 4.47E-08  8.443174E-10 8.96E-10  8.588703E-10 5.26E-11  1.703188E-09 9.48E-10  2.099603E-06 4.47E-08
   35 M3 M5  1.0890E+02  3.396454E-06 5.68E-08  9.498570E-10 9.50E-10  9.372422E-10 5.50E-11  1.887099E-09 1.00E-09  3.398341E-06 5.68E-08
   35 M3 M4  1.0890E+02  3.643451E-07 1.86E-08  1.055397E-10 3.17E-10  1.084324E-10 1.87E-11  2.139720E-10 3.35E-10  3.645591E-07 1.86E-08
   35 M2 M4  1.1223E+02  1.820982E-06 4.16E-08  5.276983E-10 7.08E-10  5.396569E-10 4.17E-11  1.067355E-09 7.50E-10  1.822050E-06 4.16E-08
   35 M3 N1  1.6060E+02  6.924833E-07 2.56E-08  1.055397E-10 3.17E-10  1.961087E-10 2.51E-11  3.016484E-10 3.42E-10  6.927850E-07 2.56E-08
   35 L1 L2  1.6710E+02  5.171444E-09 2.22E-09  0.000000E+00 0.00E+00  1.574596E-11 7.12E-12  1.574596E-11 7.12E-12  5.187190E-09 2.22E-09
   35 M2 N1  1.6764E+02  3.346835E-07 1.78E-08  1.055397E-10 3.17E-10  9.089711E-11 1.71E-11  1.964368E-10 3.34E-10  3.348799E-07 1.78E-08
   35 L1 L3  2.1560E+02  2.744031E-08 5.11E-09  1.055397E-10 3.17E-10  9.447574E-11 1.74E-11  2.000154E-10 3.34E-10  2.764033E-08 5.12E-09
   35 M1 N2  2.3990E+02  1.230657E-07 1.08E-08  1.055397E-10 3.17E-10  3.363909E-11 1.04E-11  1.391788E-10 3.27E-10  1.232049E-07 1.08E-08
   35 M1 N3  2.4046E+02  1.899804E-07 1.34E-08  0.000000E+00 0.00E+00  5.904733E-11 1.38E-11  5.904733E-11 1.38E-11  1.900394E-07 1.34E-08
   19 L3 M1  2.5970E+02  2.164088E-05 1.44E-07  2.427412E-09 1.52E-09  5.849623E-09 1.37E-10  8.277035E-09 1.66E-09  2.164915E-05 1.44E-07
   19 L2 M1  2.6245E+02  1.115532E-05 1.03E-07  1.899714E-09 1.34E-09  3.151338E-09 1.01E-10  5.051052E-09 1.44E-09  1.116037E-05 1.03E-07
   19 L3 M3  2.7690E+02  5.804682E-09 2.35E-09  0.000000E+00 0.00E+00  2.147176E-12 2.63E-12  2.147176E-12 2.63E-12  5.806829E-09 2.35E-09
   19 L3 M2  2.7718E+02  6.015761E-09 2.39E-09  0.000000E+00 0.00E+00  1.431451E-12 2.15E-12  1.431451E-12 2.15E-12  6.017193E-09 2.39E-09
   19 L2 M3  2.7952E+02  5.910579E-09 2.37E-09  0.000000E+00 0.00E+00  7.157253E-13 1.52E-12  7.157253E-13 1.52E-12  5.911295E-09 2.37E-09
   19 L3 N1  2.9442E+02  5.287788E-07 2.24E-08  1.055397E-10 3.17E-10  1.417136E-10 2.14E-11  2.472533E-10 3.38E-10  5.290260E-07 2.24E-08
   19 L2 N1  2.9743E+02  2.753641E-07 1.62E-08  0.000000E+00 0.00E+00  7.694047E-11 1.57E-11  7.694047E-11 1.57E-11  2.754410E-07 1.62E-08
   19 L1 M3  3.6152E+02  1.526378E-06 3.81E-08  9.498570E-10 9.50E-10  6.108715E-10 4.44E-11  1.560729E-09 9.94E-10  1.527938E-06 3.81E-08
   19 L1 M2  3.6181E+02  1.002771E-06 3.09E-08  3.166190E-10 5.48E-10  3.986590E-10 3.58E-11  7.152780E-10 5.84E-10  1.003487E-06 3.09E-08
   35 L3 M1  1.2935E+03  5.387510E-06 7.16E-08  5.382523E-09 2.26E-09  1.755424E-08 2.38E-10  2.293676E-08 2.50E-09  5.410447E-06 7.16E-08
   35 L2 M1  1.3396E+03  2.093282E-06 4.46E-08  1.899714E-09 1.34E-09  7.269979E-09 1.53E-10  9.169693E-09 1.50E-09  2.102452E-06 4.46E-08
   35 L3 M2  1.3608E+03  1.741476E-08 4.07E-09  0.000000E+00 0.00E+00  5.833161E-11 1.37E-11  5.833161E-11 1.37E-11  1.747309E-08 4.07E-09
   35 L3 M3  1.3681E+03  1.614757E-08 3.92E-09  0.000000E+00 0.00E+00  5.797375E-11 1.37E-11  5.797375E-11 1.37E-11  1.620554E-08 3.92E-09
   35 L2 M3  1.4144E+03  1.266476E-08 3.47E-09  1.055397E-10 3.17E-10  4.831146E-11 1.25E-11  1.538511E-10 3.29E-10  1.281861E-08 3.48E-09
   35 L3 M4  1.4805E+03  1.852123E-06 4.20E-08  1.160936E-09 1.05E-09  6.084380E-09 1.40E-10  7.245317E-09 1.19E-09  1.859368E-06 4.20E-08
   35 L3 M5  1.4805E+03  1.808960E-05 1.31E-07  1.403678E-08 3.65E-09  5.962242E-08 4.38E-10  7.365920E-08 4.09E-09  1.816326E-05 1.31E-07
   35 L2 M4  1.5259E+03  9.157088E-06 9.33E-08  6.754539E-09 2.53E-09  3.154058E-08 3.19E-10  3.829512E-08 2.85E-09  9.195383E-06 9.33E-08
   35 L3 N1  1.5294E+03  1.868059E-07 1.33E-08  1.055397E-10 3.17E-10  6.241124E-10 4.48E-11  7.296521E-10 3.61E-10  1.875356E-07 1.33E-08
   35 L3 N2  1.5420E+03  2.110793E-10 4.48E-10  0.000000E+00 0.00E+00  3.578626E-13 1.07E-12  3.578626E-13 1.07E-12  2.114372E-10 4.48E-10
   35 L3 N3  1.5426E+03  1.055397E-10 3.17E-10  0.000000E+00 0.00E+00  3.578626E-13 1.07E-12  3.578626E-13 1.07E-12  1.058975E-10 3.17E-10
   35 L2 N1  1.5779E+03  9.393138E-08 9.45E-09  0.000000E+00 0.00E+00  3.324544E-10 3.27E-11  3.324544E-10 3.27E-11  9.426383E-08 9.45E-09
   35 L2 N3  1.5911E+03  3.166190E-10 5.48E-10  0.000000E+00 0.00E+00  7.157253E-13 1.52E-12  7.157253E-13 1.52E-12  3.173347E-10 5.48E-10
   35 L1 M2  1.5963E+03  3.054339E-07 1.70E-08  3.166190E-10 5.48E-10  1.169495E-09 6.14E-11  1.486114E-09 6.10E-10  3.069201E-07 1.70E-08
   35 L1 M3  1.5963E+03  5.785720E-07 2.34E-08  6.332380E-10 7.76E-10  2.105306E-09 8.23E-11  2.738544E-09 8.58E-10  5.813106E-07 2.35E-08
   35 L1 M4  1.7119E+03  1.160936E-09 1.05E-09  0.000000E+00 0.00E+00  6.799390E-12 4.68E-12  6.799390E-12 4.68E-12  1.167736E-09 1.05E-09
   35 L1 M5  1.7130E+03  2.321873E-09 1.49E-09  0.000000E+00 0.00E+00  1.073588E-11 5.88E-12  1.073588E-11 5.88E-12  2.332609E-09 1.49E-09
   35 L1 N2  1.7576E+03  2.184707E-08 4.56E-09  0.000000E+00 0.00E+00  8.696062E-11 1.67E-11  8.696062E-11 1.67E-11  2.193403E-08 4.56E-09
   35 L1 N3  1.7582E+03  3.947184E-08 6.12E-09  0.000000E+00 0.00E+00  1.517338E-10 2.21E-11  1.517338E-10 2.21E-11  3.962357E-08 6.12E-09
   19  K L2  3.3112E+03  8.955044E-07 2.92E-08  0.000000E+00 0.00E+00  1.808602E-08 2.41E-10  1.808602E-08 2.41E-10  9.135905E-07 2.92E-08
   19  K L3  3.3139E+03  1.776338E-06 4.11E-08  0.000000E+00 0.00E+00  3.597808E-08 3.40E-10  3.597808E-08 3.40E-10  1.812316E-06 4.11E-08
   19  K M3  3.5896E+03  1.659084E-07 1.26E-08  0.000000E+00 0.00E+00  3.372140E-09 1.04E-10  3.372140E-09 1.04E-10  1.692805E-07 1.26E-08
   19  K M2  3.5896E+03  8.770346E-08 9.13E-09  0.000000E+00 0.00E+00  1.744222E-09 7.49E-11  1.744222E-09 7.49E-11  8.944769E-08 9.13E-09
