 #  Results from PENEPMA. Output from photon detector #  1
 #
 #  Angular intervals : theta_1 = 5.000000E+01,  theta_2 = 6.000000E+01
 #                        phi_1 = 0.000000E+00,    phi_2 = 3.600000E+02
 #
 #  Intensities of characteristic lines. All in 1/(sr*electron).
 #    P = primary photons (from electron interactions);
 #    C = flourescence from characteristic x rays;
 #    B = flourescence from bremsstrahlung quanta;
 #   TF = C+B, total fluorescence;
 #  unc = statistical uncertainty (3 sigma).
 #
 # IZ S0 S1  E (eV)      P            unc       C            unc       B            unc       TF           unc       T            unc
   35 M1 M2  5.9670E+01  7.095719E-08 3.07E-08  0.000000E+00 0.00E+00  0.000000E+00 0.00E+00  0.000000E+00 0.00E+00  7.095719E-08 3.07E-08
   35 M1 M3  6.6710E+01  1.700016E-07 4.76E-08  0.000000E+00 0.00E+00  1.503755E-11 2.60E-11  1.503755E-11 2.60E-11  1.700166E-07 4.76E-08
   35 M5 N3  6.7420E+01  3.636606E-07 6.96E-08  0.000000E+00 0.00E+00  3.508762E-11 3.98E-11  3.508762E-11 3.98E-11  3.636957E-07 6.96E-08
   35 M4 N2  6.8000E+01  2.660895E-07 5.95E-08  0.000000E+00 0.00E+00  1.503755E-11 2.60E-11  1.503755E-11 2.60E-11  2.661045E-07 5.95E-08
   35 M4 N3  6.8560E+01  6.060927E-08 2.84E-08  0.000000E+00 0.00E+00  1.503755E-11 2.60E-11  1.503755E-11 2.60E-11  6.062431E-08 2.84E-08
   19 L1 L2  6.9510E+01  5.307057E-07 8.40E-08  0.000000E+00 0.00E+00  1.303254E-10 7.67E-11  1.303254E-10 7.67E-11  5.308360E-07 8.40E-08
   19 L1 L3  7.2520E+01  1.354115E-06 1.34E-07  0.000000E+00 0.00E+00  2.205507E-10 9.97E-11  2.205507E-10 9.97E-11  1.354335E-06 1.34E-07
   35 M3 M5  1.0890E+02  1.184138E-06 1.26E-07  0.000000E+00 0.00E+00  1.904756E-10 9.27E-11  1.904756E-10 9.27E-11  1.184329E-06 1.26E-07
   35 M3 M4  1.0890E+02  1.507840E-07 4.48E-08  0.000000E+00 0.00E+00  2.506258E-11 3.36E-11  2.506258E-11 3.36E-11  1.508091E-07 4.48E-08
   35 M2 M4  1.1223E+02  6.504510E-07 9.30E-08  0.000000E+00 0.00E+00  1.102754E-10 7.05E-11  1.102754E-10 7.05E-11  6.505613E-07 9.30E-08
   35 M3 N1  1.6060E+02  2.173064E-07 5.38E-08  0.000000E+00 0.00E+00  1.503755E-11 2.60E-11  1.503755E-11 2.60E-11  2.173214E-07 5.38E-08
   35 L1 L2  1.6710E+02  2.956550E-09 6.27E-09  0.000000E+00 0.00E+00  5.012517E-12 1.50E-11  5.012517E-12 1.50E-11  2.961562E-09 6.27E-09
   35 M2 N1  1.6764E+02  1.108706E-07 3.84E-08  0.000000E+00 0.00E+00  2.506258E-11 3.36E-11  2.506258E-11 3.36E-11  1.108957E-07 3.84E-08
   35 L1 L3  2.1560E+02  1.773930E-08 1.54E-08  0.000000E+00 0.00E+00  2.005007E-11 3.01E-11  2.005007E-11 3.01E-11  1.775935E-08 1.54E-08
   35 M1 N2  2.3990E+02  4.582652E-08 2.47E-08  0.000000E+00 0.00E+00  0.000000E+00 0.00E+00  0.000000E+00 0.00E+00  4.582652E-08 2.47E-08
   35 M1 N3  2.4046E+02  7.243547E-08 3.10E-08  0.000000E+00 0.00E+00  0.000000E+00 0.00E+00  0.000000E+00 0.00E+00  7.243547E-08 3.10E-08
   19 L3 M1  2.5970E+02  8.375961E-06 3.34E-07  0.000000E+00 0.00E+00  1.213029E-09 2.34E-10  1.213029E-09 2.34E-10  8.377174E-06 3.34E-07
   19 L2 M1  2.6245E+02  4.015085E-06 2.31E-07  0.000000E+00 0.00E+00  6.817023E-10 1.75E-10  6.817023E-10 1.75E-10  4.015767E-06 2.31E-07
   19 L3 M3  2.7690E+02  4.434825E-09 7.68E-09  0.000000E+00 0.00E+00  0.000000E+00 0.00E+00  0.000000E+00 0.00E+00  4.434825E-09 7.68E-09
   19 L3 M2  2.7718E+02  1.478275E-09 4.43E-09  0.000000E+00 0.00E+00  0.000000E+00 0.00E+00  0.000000E+00 0.00E+00  1.478275E-09 4.43E-09
   19 L2 M3  2.7952E+02  2.961562E-09 6.27E-09  0.000000E+00 0.00E+00  0.000000E+00 0.00E+00  0.000000E+00 0.00E+00  2.961562E-09 6.27E-09
   19 L3 N1  2.9442E+02  2.409588E-07 5.66E-08  0.000000E+00 0.00E+00  4.010013E-11 4.25E-11  4.010013E-11 4.25E-11  2.409989E-07 5.66E-08
   19 L2 N1  2.9743E+02  7.243547E-08 3.10E-08  0.000000E+00 0.00E+00  1.503755E-11 2.60E-11  1.503755E-11 2.60E-11  7.245051E-08 3.10E-08
   19 L1 M3  3.6152E+02  5.055850E-07 8.20E-08  0.000000E+00 0.00E+00  1.203004E-10 7.37E-11  1.203004E-10 7.37E-11  5.057053E-07 8.20E-08
   19 L1 M2  3.6181E+02  3.400082E-07 6.73E-08  0.000000E+00 0.00E+00  7.017523E-11 5.63E-11  7.017523E-11 5.63E-11  3.400784E-07 6.73E-08
   35 L3 M1  1.2935E+03  5.023183E-06 2.59E-07  2.956550E-09 6.27E-09  1.066162E-08 6.93E-10  1.361817E-08 6.97E-09  5.036801E-06 2.59E-07
   35 L2 M1  1.3396E+03  1.935067E-06 1.60E-07  0.000000E+00 0.00E+00  4.350864E-09 4.43E-10  4.350864E-09 4.43E-10  1.939418E-06 1.60E-07
   35 L3 M2  1.3608E+03  1.034792E-08 1.17E-08  0.000000E+00 0.00E+00  4.511265E-11 4.51E-11  4.511265E-11 4.51E-11  1.039304E-08 1.17E-08
   35 L3 M3  1.3681E+03  8.869649E-09 1.09E-08  0.000000E+00 0.00E+00  4.010013E-11 4.25E-11  4.010013E-11 4.25E-11  8.909749E-09 1.09E-08
   35 L2 M3  1.4144E+03  7.391374E-09 9.92E-09  0.000000E+00 0.00E+00  4.010013E-11 4.25E-11  4.010013E-11 4.25E-11  7.431475E-09 9.92E-09
   35 L3 M4  1.4805E+03  1.772462E-06 1.54E-07  0.000000E+00 0.00E+00  4.556378E-09 4.53E-10  4.556378E-09 4.53E-10  1.777018E-06 1.54E-07
   35 L3 M5  1.4805E+03  1.712144E-05 4.77E-07  1.182620E-08 1.25E-08  3.947357E-08 1.33E-09  5.129977E-08 1.39E-08  1.717274E-05 4.78E-07
   35 L2 M4  1.5259E+03  8.739591E-06 3.41E-07  1.478275E-09 4.43E-09  2.122801E-08 9.79E-10  2.270628E-08 5.41E-09  8.762298E-06 3.41E-07
   35 L3 N1  1.5294E+03  2.025237E-07 5.19E-08  0.000000E+00 0.00E+00  4.862141E-10 1.48E-10  4.862141E-10 1.48E-10  2.030099E-07 5.19E-08
   35 L2 N1  1.5779E+03  9.313132E-08 3.52E-08  0.000000E+00 0.00E+00  1.203004E-10 7.37E-11  1.203004E-10 7.37E-11  9.325162E-08 3.52E-08
   35 L1 M2  1.5963E+03  2.483502E-07 5.75E-08  0.000000E+00 0.00E+00  4.561390E-10 1.43E-10  4.561390E-10 1.43E-10  2.488063E-07 5.75E-08
   35 L1 M3  1.5963E+03  5.011352E-07 8.17E-08  0.000000E+00 0.00E+00  9.423531E-10 2.06E-10  9.423531E-10 2.06E-10  5.020775E-07 8.17E-08
   35 L1 M4  1.7119E+03  2.956550E-09 6.27E-09  0.000000E+00 0.00E+00  5.012517E-12 1.50E-11  5.012517E-12 1.50E-11  2.961562E-09 6.27E-09
   35 L1 M5  1.7130E+03  2.956550E-09 6.27E-09  0.000000E+00 0.00E+00  0.000000E+00 0.00E+00  0.000000E+00 0.00E+00  2.956550E-09 6.27E-09
   35 L1 N2  1.7576E+03  2.956550E-08 1.98E-08  0.000000E+00 0.00E+00  3.007510E-11 3.68E-11  3.007510E-11 3.68E-11  2.959557E-08 1.98E-08
   35 L1 N3  1.7582E+03  4.582652E-08 2.47E-08  0.000000E+00 0.00E+00  5.012517E-11 4.76E-11  5.012517E-11 4.76E-11  4.587665E-08 2.47E-08
   19  K L2  3.3112E+03  9.534873E-07 1.13E-07  0.000000E+00 0.00E+00  1.117791E-08 7.10E-10  1.117791E-08 7.10E-10  9.646652E-07 1.13E-07
   19  K L3  3.3139E+03  1.796104E-06 1.55E-07  0.000000E+00 0.00E+00  2.104756E-08 9.74E-10  2.104756E-08 9.74E-10  1.817152E-06 1.55E-07
   19  K M3  3.5896E+03  1.330447E-07 4.21E-08  0.000000E+00 0.00E+00  2.065157E-09 3.05E-10  2.065157E-09 3.05E-10  1.351099E-07 4.21E-08
   19  K M2  3.5896E+03  9.017477E-08 3.46E-08  0.000000E+00 0.00E+00  1.052628E-09 2.18E-10  1.052628E-09 2.18E-10  9.122740E-08 3.46E-08
