 #  Results from PENEPMA. Output from photon detector #  1
 #
 #  Angular intervals : theta_1 = 5.000000E+01,  theta_2 = 6.000000E+01
 #                        phi_1 = 0.000000E+00,    phi_2 = 3.600000E+02
 #  Energy window = ( 0.00000E+00, 5.00000E+03) eV, no. of channels =  1024
 #  Channel width = 4.882813E+00 eV
 #
 #  Whole spectrum. Characteristic peaks and background.
 #  1st column: photon energy (eV).
 #  2nd column: probability density (1/(eV*sr*electron)).
 #  3rd column: statistical uncertainty (3 sigma).
 #
   2.441406E+00  1.000000E-35  1.000000E-35
   7.324219E+00  1.000000E-35  1.000000E-35
   1.220703E+01  1.000000E-35  1.000000E-35
   1.708985E+01  1.000000E-35  1.000000E-35
   2.197266E+01  1.000000E-35  1.000000E-35
   2.685547E+01  1.000000E-35  1.000000E-35
   3.173828E+01  1.000000E-35  1.000000E-35
   3.662110E+01  1.000000E-35  1.000000E-35
   4.150391E+01  1.000000E-35  1.000000E-35
   4.638672E+01  1.000000E-35  1.000000E-35
   5.126954E+01  3.266483E-07  6.580681E-09
   5.615235E+01  3.869304E-07  7.159744E-09
   6.103516E+01  3.549442E-07  8.109730E-09
   6.591798E+01  4.766430E-07  2.176773E-08
   7.080079E+01  6.918078E-07  3.354454E-08
   7.568360E+01  2.570632E-07  5.278483E-09
   8.056641E+01  2.172408E-07  4.099774E-09
   8.544923E+01  1.967375E-07  3.761808E-09
   9.033204E+01  1.784085E-07  4.623842E-09
   9.521485E+01  1.539392E-07  4.688490E-09
   1.000977E+02  1.272333E-07  3.322958E-09
   1.049805E+02  1.103839E-07  3.872452E-09
   1.098633E+02  5.020861E-07  3.344503E-08
   1.147461E+02  8.269438E-08  2.207961E-09
   1.196289E+02  7.617151E-08  2.374228E-09
   1.245117E+02  6.936762E-08  1.982349E-09
   1.293945E+02  6.517710E-08  2.171023E-09
   1.342774E+02  6.210631E-08  2.823689E-09
   1.391602E+02  5.696999E-08  1.473440E-09
   1.440430E+02  5.414582E-08  1.722402E-09
   1.489258E+02  5.272694E-08  2.144284E-09
   1.538086E+02  5.034634E-08  2.139169E-09
   1.586914E+02  9.384560E-08  1.125389E-08
   1.635742E+02  4.736024E-08  1.704140E-09
   1.684570E+02  6.983026E-08  8.149836E-09
   1.733399E+02  4.512558E-08  1.113258E-09
   1.782227E+02  4.478870E-08  1.697195E-09
   1.831055E+02  4.361243E-08  1.106896E-09
   1.879883E+02  4.294508E-08  1.428692E-09
   1.928711E+02  4.131584E-08  1.687622E-09
   1.977539E+02  4.007994E-08  1.419432E-09
   2.026367E+02  3.975247E-08  1.418296E-09
   2.075196E+02  3.901847E-08  1.415936E-09
   2.124024E+02  3.832255E-08  1.084505E-09
   2.172852E+02  4.228808E-08  3.449706E-09
   2.221680E+02  3.905851E-08  1.416013E-09
   2.270508E+02  3.984965E-08  2.302434E-09
   2.319336E+02  3.783083E-08  1.082484E-09
   2.368164E+02  3.779387E-08  1.082423E-09
   2.416992E+02  6.135290E-08  8.144701E-09
   2.465821E+02  3.752286E-08  1.081120E-09
   2.514649E+02  3.724568E-08  1.079982E-09
   2.563477E+02  3.727451E-08  5.869593E-10
   2.612305E+02  2.574654E-06  8.314258E-08
   2.661133E+02  3.621082E-08  1.406731E-09
   2.709961E+02  3.580755E-08  5.751976E-10
   2.758789E+02  3.785290E-08  2.470766E-09
   2.807617E+02  3.638731E-08  1.674104E-09
   2.856446E+02  3.585272E-08  5.757240E-10
   2.905274E+02  3.558479E-08  5.733442E-10
   2.954102E+02  9.273289E-08  1.323422E-08
   3.002930E+02  1.867105E-08  9.973370E-10
   3.051758E+02  2.146433E-08  1.010145E-09
   3.100586E+02  2.288826E-08  4.598072E-10
   3.149414E+02  2.278560E-08  4.590451E-10
   3.198243E+02  2.327416E-08  1.018496E-09
   3.247071E+02  2.343225E-08  1.019193E-09
   3.295899E+02  2.363551E-08  1.020094E-09
   3.344727E+02  2.392594E-08  1.365760E-09
   3.393555E+02  2.339538E-08  4.650289E-10
   3.442383E+02  2.380498E-08  4.690125E-10
   3.491211E+02  2.413964E-08  4.722514E-10
   3.540039E+02  2.407188E-08  4.716698E-10
   3.588868E+02  2.409652E-08  4.718704E-10
   3.637696E+02  1.978929E-07  2.174610E-08
   3.686524E+02  2.474317E-08  1.025154E-09
   3.735352E+02  2.470733E-08  4.777624E-10
   3.784180E+02  2.471862E-08  4.780302E-10
   3.833008E+02  2.409336E-08  1.022106E-09
   3.881836E+02  2.408523E-08  4.718806E-10
   3.930664E+02  2.380292E-08  4.689317E-10
   3.979493E+02  2.392508E-08  4.701517E-10
   4.028321E+02  2.442596E-08  1.023642E-09
   4.077149E+02  2.462717E-08  1.024595E-09
   4.125977E+02  2.475446E-08  1.025075E-09
   4.174805E+02  2.422073E-08  4.730426E-10
   4.223633E+02  2.498638E-08  1.369377E-09
   4.272461E+02  2.433263E-08  4.742322E-10
   4.321289E+02  2.463239E-08  4.771181E-10
   4.370118E+02  2.539085E-08  1.370718E-09
   4.418946E+02  2.478226E-08  4.786239E-10
   4.467774E+02  2.483145E-08  1.025458E-09
   4.516602E+02  2.480074E-08  4.787623E-10
   4.565430E+02  2.481101E-08  4.789008E-10
   4.614258E+02  2.523909E-08  4.828675E-10
   4.663086E+02  2.512000E-08  4.817880E-10
   4.711915E+02  2.499887E-08  4.805089E-10
   4.760743E+02  2.501735E-08  4.808242E-10
   4.809571E+02  2.543713E-08  1.028187E-09
   4.858399E+02  2.556442E-08  1.028758E-09
   4.907227E+02  2.529555E-08  4.836221E-10
   4.956055E+02  2.532318E-08  1.027648E-09
   5.004883E+02  2.511692E-08  4.818373E-10
   5.053711E+02  2.530273E-08  4.835925E-10
   5.102540E+02  2.604682E-08  1.372936E-09
   5.151368E+02  2.538896E-08  4.842966E-10
   5.200196E+02  2.566194E-08  1.029167E-09
   5.249024E+02  2.535611E-08  4.840425E-10
   5.297852E+02  2.546382E-08  1.028279E-09
   5.346680E+02  2.526886E-08  4.831713E-10
   5.395508E+02  2.579736E-08  1.372077E-09
   5.444336E+02  2.523395E-08  4.827792E-10
   5.493165E+02  2.497321E-08  4.804205E-10
   5.541993E+02  2.532420E-08  1.027708E-09
   5.590821E+02  2.515901E-08  4.820629E-10
   5.639649E+02  2.506354E-08  4.812671E-10
   5.688477E+02  2.541865E-08  1.028169E-09
   5.737305E+02  2.516928E-08  4.821807E-10
   5.786133E+02  2.515388E-08  4.821712E-10
   5.834962E+02  2.538990E-08  1.027957E-09
   5.883790E+02  2.509023E-08  4.814242E-10
   5.932618E+02  2.541976E-08  4.847658E-10
   5.981446E+02  2.515277E-08  1.026893E-09
   6.030274E+02  2.532934E-08  1.027768E-09
   6.079102E+02  2.484489E-08  4.790487E-10
   6.127930E+02  2.491769E-08  1.025846E-09
   6.176758E+02  2.518365E-08  4.824361E-10
   6.225587E+02  2.479356E-08  4.785147E-10
   6.274415E+02  2.473402E-08  4.780795E-10
   6.323243E+02  2.491982E-08  4.798288E-10
   6.372071E+02  2.445992E-08  4.754683E-10
   6.420899E+02  2.459132E-08  4.767012E-10
   6.469727E+02  2.462007E-08  4.769792E-10
   6.518555E+02  2.429362E-08  4.736725E-10
   6.567383E+02  2.454205E-08  4.761247E-10
   6.616212E+02  2.473085E-08  1.024987E-09
   6.665040E+02  2.416838E-08  4.726323E-10
   6.713868E+02  2.441783E-08  4.749202E-10
   6.762696E+02  2.435727E-08  4.745117E-10
   6.811524E+02  2.423716E-08  4.732027E-10
   6.860352E+02  2.434281E-08  1.023249E-09
   6.909180E+02  2.411705E-08  4.720911E-10
   6.958009E+02  2.408112E-08  4.716394E-10
   7.006837E+02  2.449885E-08  1.023952E-09
   7.055665E+02  2.388607E-08  4.697487E-10
   7.104493E+02  2.403689E-08  1.021879E-09
   7.153321E+02  2.337793E-08  4.648150E-10
   7.202149E+02  2.364997E-08  4.674859E-10
   7.250977E+02  2.341796E-08  4.651305E-10
   7.299805E+02  2.339435E-08  4.649371E-10
   7.348634E+02  2.303403E-08  4.613492E-10
   7.397462E+02  2.321470E-08  4.632951E-10
   7.446290E+02  2.323523E-08  4.634585E-10
   7.495118E+02  2.321060E-08  4.631313E-10
   7.543946E+02  2.314079E-08  4.623947E-10
   7.592774E+02  2.289339E-08  4.600855E-10
   7.641602E+02  2.301555E-08  4.611645E-10
   7.690430E+02  2.302676E-08  1.017329E-09
   7.739259E+02  2.302274E-08  4.611952E-10
   7.788087E+02  2.264804E-08  4.574952E-10
   7.836915E+02  2.242220E-08  4.552128E-10
   7.885743E+02  2.266960E-08  4.576088E-10
   7.934571E+02  2.274856E-08  1.016039E-09
   7.983399E+02  2.284505E-08  1.016439E-09
   8.032227E+02  2.241903E-08  1.014551E-09
   8.081055E+02  2.227642E-08  4.536917E-10
   8.129884E+02  2.244572E-08  1.014710E-09
   8.178712E+02  2.292915E-08  1.362425E-09
   8.227540E+02  2.210499E-08  4.520085E-10
   8.276368E+02  2.158349E-08  4.465069E-10
   8.325196E+02  2.214502E-08  4.523330E-10
   8.374024E+02  2.185656E-08  4.494032E-10
   8.422852E+02  2.145928E-08  4.453072E-10
   8.471681E+02  2.203304E-08  1.012767E-09
   8.520509E+02  2.157828E-08  1.010666E-09
   8.569337E+02  2.143353E-08  1.010099E-09
   8.618165E+02  2.160402E-08  4.469312E-10
   8.666993E+02  2.169633E-08  1.011223E-09
   8.715821E+02  2.102607E-08  4.407327E-10
   8.764649E+02  2.104249E-08  4.410766E-10
   8.813477E+02  2.115644E-08  4.421379E-10
   8.862306E+02  2.111333E-08  4.416664E-10
   8.911134E+02  2.105584E-08  4.411302E-10
   8.959962E+02  2.089672E-08  4.394417E-10
   9.008790E+02  2.069244E-08  4.373572E-10
   9.057618E+02  2.056412E-08  4.358495E-10
   9.106446E+02  2.073145E-08  4.377251E-10
   9.155274E+02  2.023664E-08  4.324357E-10
   9.204102E+02  2.021816E-08  4.322605E-10
   9.252931E+02  2.017608E-08  4.318111E-10
   9.301759E+02  2.008060E-08  4.307240E-10
   9.350587E+02  2.072717E-08  1.354908E-09
   9.399415E+02  1.991533E-08  4.289725E-10
   9.448243E+02  1.994099E-08  4.292925E-10
   9.497071E+02  1.999335E-08  4.297444E-10
   9.545899E+02  1.981062E-08  4.278229E-10
   9.594728E+02  1.966177E-08  4.262371E-10
   9.643556E+02  1.970899E-08  4.266812E-10
   9.692384E+02  1.959299E-08  4.254029E-10
   9.741212E+02  1.984030E-08  1.002693E-09
   9.790040E+02  1.944927E-08  4.239535E-10
   9.838868E+02  1.939486E-08  4.233387E-10
   9.887696E+02  1.964628E-08  1.001781E-09
   9.936524E+02  1.973970E-08  1.002277E-09
   9.985353E+02  1.918638E-08  9.997083E-10
   1.003418E+03  1.897089E-08  4.187385E-10
   1.008301E+03  1.890211E-08  4.178439E-10
   1.013184E+03  1.900571E-08  9.988743E-10
   1.018067E+03  1.895139E-08  4.185236E-10
   1.022949E+03  1.853768E-08  4.139154E-10
   1.027832E+03  1.848738E-08  4.132626E-10
   1.032715E+03  1.894001E-08  9.985898E-10
   1.037598E+03  1.841141E-08  4.124137E-10
   1.042481E+03  1.869988E-08  4.156280E-10
   1.047363E+03  1.863409E-08  9.971851E-10
   1.052246E+03  1.832108E-08  4.114250E-10
   1.057129E+03  1.828207E-08  4.108950E-10
   1.062012E+03  1.829130E-08  4.111372E-10
   1.066895E+03  1.829438E-08  4.111948E-10
   1.071777E+03  1.812603E-08  4.092321E-10
   1.076660E+03  1.782217E-08  4.057686E-10
   1.081543E+03  1.762404E-08  4.035802E-10
   1.086426E+03  1.833014E-08  1.346694E-09
   1.091309E+03  1.790018E-08  4.066780E-10
   1.096192E+03  1.756655E-08  4.028283E-10
   1.101074E+03  1.751009E-08  4.022047E-10
   1.105957E+03  1.766818E-08  4.040375E-10
   1.110840E+03  1.730683E-08  3.998189E-10
   1.115723E+03  1.739614E-08  4.010137E-10
   1.120606E+03  1.730478E-08  3.998426E-10
   1.125488E+03  1.768657E-08  9.927344E-10
   1.130371E+03  1.690339E-08  3.951599E-10
   1.135254E+03  1.703890E-08  3.969301E-10
   1.140137E+03  1.752130E-08  9.920138E-10
   1.145020E+03  1.730786E-08  3.998307E-10
   1.149902E+03  1.676686E-08  3.935866E-10
   1.154785E+03  1.697833E-08  3.960578E-10
   1.159668E+03  1.681716E-08  3.940796E-10
   1.164551E+03  1.676994E-08  3.936227E-10
   1.169434E+03  1.676891E-08  3.937311E-10
   1.174317E+03  1.662417E-08  3.919345E-10
   1.179199E+03  1.644144E-08  3.898017E-10
   1.184082E+03  1.611396E-08  3.858814E-10
   1.188965E+03  1.653383E-08  3.907968E-10
   1.193848E+03  1.618993E-08  3.867151E-10
   1.198731E+03  1.610986E-08  3.858077E-10
   1.203613E+03  1.613039E-08  3.860778E-10
   1.208496E+03  1.610678E-08  3.857955E-10
   1.213379E+03  1.591584E-08  3.835050E-10
   1.218262E+03  1.587170E-08  3.829488E-10
   1.223145E+03  1.570642E-08  3.808525E-10
   1.228027E+03  1.560171E-08  3.796817E-10
   1.232910E+03  1.580394E-08  3.820819E-10
   1.237793E+03  1.570334E-08  3.808401E-10
   1.242676E+03  1.554217E-08  3.790075E-10
   1.247559E+03  1.551753E-08  3.787575E-10
   1.252442E+03  1.549187E-08  3.784698E-10
   1.257324E+03  1.551342E-08  3.785572E-10
   1.262207E+03  1.510280E-08  3.735691E-10
   1.267090E+03  1.537894E-08  3.769396E-10
   1.271973E+03  1.526192E-08  3.755547E-10
   1.276856E+03  1.544772E-08  3.777304E-10
   1.281738E+03  1.511717E-08  3.736959E-10
   1.286621E+03  1.522701E-08  3.751003E-10
   1.291504E+03  1.046571E-06  5.297339E-08
   1.296387E+03  1.489133E-08  3.710756E-10
   1.301270E+03  1.474453E-08  3.691171E-10
   1.306152E+03  1.452895E-08  3.663862E-10
   1.311035E+03  1.478251E-08  3.697199E-10
   1.315918E+03  1.438523E-08  3.645715E-10
   1.320801E+03  1.469320E-08  3.684491E-10
   1.325684E+03  1.451355E-08  3.662181E-10
   1.330567E+03  1.446633E-08  3.656225E-10
   1.335449E+03  1.453511E-08  3.664120E-10
   1.340332E+03  4.117617E-07  3.286205E-08
   1.345215E+03  1.410190E-08  3.608885E-10
   1.350098E+03  1.427950E-08  3.632307E-10
   1.354981E+03  1.426615E-08  3.630611E-10
   1.359863E+03  1.617804E-08  2.429887E-09
   1.364746E+03  1.412140E-08  3.611641E-10
   1.369629E+03  1.573670E-08  2.253467E-09
   1.374512E+03  1.395305E-08  3.590857E-10
   1.379395E+03  1.373747E-08  3.562511E-10
   1.384277E+03  1.384731E-08  3.576712E-10
   1.389160E+03  1.384423E-08  3.576049E-10
   1.394043E+03  1.370667E-08  3.558519E-10
   1.398926E+03  1.376416E-08  3.566233E-10
   1.403809E+03  1.391087E-08  9.750660E-10
   1.408692E+03  1.365535E-08  3.551856E-10
   1.413574E+03  1.521119E-08  2.061847E-09
   1.418457E+03  1.326730E-08  3.501616E-10
   1.423340E+03  1.336688E-08  3.514985E-10
   1.428223E+03  1.340692E-08  3.519160E-10
   1.433106E+03  1.354028E-08  9.732325E-10
   1.437988E+03  1.317389E-08  3.488467E-10
   1.442871E+03  1.300553E-08  3.466669E-10
   1.447754E+03  1.291725E-08  3.454347E-10
   1.452637E+03  1.319134E-08  3.490775E-10
   1.457520E+03  1.282280E-08  3.441981E-10
   1.462402E+03  1.308560E-08  3.477040E-10
   1.467285E+03  1.298911E-08  3.463661E-10
   1.472168E+03  1.305275E-08  3.473223E-10
   1.477051E+03  1.274068E-08  3.431504E-10
   1.481934E+03  3.893690E-06  1.027295E-07
   1.486817E+03  1.279098E-08  3.437159E-10
   1.491699E+03  1.290287E-08  3.452426E-10
   1.496582E+03  1.268730E-08  3.423209E-10
   1.501465E+03  1.253228E-08  3.402246E-10
   1.506348E+03  1.270372E-08  3.426253E-10
   1.511231E+03  1.251791E-08  3.400575E-10
   1.516113E+03  1.243784E-08  3.389690E-10
   1.520996E+03  1.225922E-08  3.365844E-10
   1.525879E+03  1.806992E-06  6.984612E-08
   1.530762E+03  5.383564E-08  1.063641E-08
   1.535645E+03  1.224382E-08  3.364860E-10
   1.540527E+03  1.204159E-08  3.335299E-10
   1.545410E+03  1.214014E-08  3.348909E-10
   1.550293E+03  1.206623E-08  3.339843E-10
   1.555176E+03  1.216888E-08  3.352868E-10
   1.560059E+03  1.099552E-08  3.186952E-10
   1.564942E+03  1.054896E-08  3.122212E-10
   1.569824E+03  1.079534E-08  3.158427E-10
   1.574707E+03  1.084154E-08  3.164871E-10
   1.579590E+03  3.005341E-08  7.216040E-09
   1.584473E+03  1.078918E-08  3.156925E-10
   1.589356E+03  1.074504E-08  3.151067E-10
   1.594238E+03  1.645240E-07  2.045307E-08
   1.599121E+03  1.055820E-08  3.123274E-10
   1.604004E+03  1.021533E-08  3.071873E-10
   1.608887E+03  1.008085E-08  3.052219E-10
   1.613770E+03  1.002234E-08  3.043668E-10
   1.618653E+03  1.007161E-08  3.050199E-10
   1.623535E+03  1.012499E-08  3.058577E-10
   1.628418E+03  1.004492E-08  3.046469E-10
   1.633301E+03  1.001412E-08  3.041799E-10
   1.638184E+03  9.747219E-09  3.001020E-10
   1.643067E+03  9.824211E-09  3.012525E-10
   1.647949E+03  9.781095E-09  3.005595E-10
   1.652832E+03  9.732847E-09  2.999124E-10
   1.657715E+03  9.665093E-09  2.988043E-10
   1.662598E+03  9.628137E-09  2.982964E-10
   1.667481E+03  9.579889E-09  2.975488E-10
   1.672363E+03  9.578862E-09  2.975966E-10
   1.677246E+03  9.614792E-09  2.980262E-10
   1.682129E+03  9.518295E-09  2.965597E-10
   1.687012E+03  9.611712E-09  2.980421E-10
   1.691895E+03  9.589128E-09  2.976284E-10
   1.696778E+03  9.556278E-09  2.970865E-10
   1.701660E+03  9.517268E-09  2.965437E-10
   1.706543E+03  9.434117E-09  2.953107E-10
   1.711426E+03  1.050756E-08  1.839999E-09
   1.716309E+03  9.449515E-09  2.954229E-10
   1.721192E+03  9.391001E-09  2.945071E-10
   1.726074E+03  9.347885E-09  2.938950E-10
   1.730957E+03  9.368417E-09  2.943463E-10
   1.735840E+03  9.592207E-09  2.977398E-10
   1.740723E+03  9.366364E-09  2.941851E-10
   1.745606E+03  9.388948E-09  2.945071E-10
   1.750488E+03  9.241123E-09  2.922457E-10
   1.755371E+03  1.524378E-08  4.072259E-09
   1.760254E+03  1.873932E-08  5.065463E-09
   1.765137E+03  9.150785E-09  2.908804E-10
   1.770020E+03  9.012199E-09  2.885740E-10
   1.774903E+03  8.996801E-09  2.882946E-10
   1.779785E+03  8.981402E-09  2.881796E-10
   1.784668E+03  9.073793E-09  2.894921E-10
   1.789551E+03  8.837683E-09  2.857353E-10
   1.794434E+03  8.768904E-09  2.846885E-10
   1.799317E+03  8.980376E-09  2.879986E-10
   1.804199E+03  8.719629E-09  2.838883E-10
   1.809082E+03  8.687805E-09  2.833034E-10
   1.813965E+03  8.669327E-09  2.830356E-10
   1.818848E+03  8.708336E-09  2.836378E-10
   1.823731E+03  8.662141E-09  2.828513E-10
   1.828613E+03  8.720655E-09  2.838716E-10
   1.833496E+03  8.608760E-09  2.819787E-10
   1.838379E+03  8.694991E-09  2.833870E-10
   1.843262E+03  8.607733E-09  2.820292E-10
   1.848145E+03  8.638530E-09  2.824993E-10
   1.853028E+03  8.576936E-09  2.814909E-10
   1.857910E+03  8.458882E-09  2.795480E-10
   1.862793E+03  8.305924E-09  2.770104E-10
   1.867676E+03  8.489678E-09  2.800900E-10
   1.872559E+03  8.518422E-09  2.805972E-10
   1.877442E+03  8.337747E-09  2.775403E-10
   1.882324E+03  8.343907E-09  2.776769E-10
   1.887207E+03  8.475307E-09  2.797852E-10
   1.892090E+03  8.331588E-09  2.774036E-10
   1.896973E+03  8.334667E-09  2.775232E-10
   1.901856E+03  8.420899E-09  2.789200E-10
   1.906738E+03  8.317216E-09  2.771985E-10
   1.911621E+03  8.417819E-09  2.789030E-10
   1.916504E+03  8.143727E-09  2.742593E-10
   1.921387E+03  8.178630E-09  2.748807E-10
   1.926270E+03  8.019513E-09  2.721602E-10
   1.931153E+03  8.144753E-09  2.742765E-10
   1.936035E+03  8.007194E-09  2.720209E-10
   1.940918E+03  8.047230E-09  2.726648E-10
   1.945801E+03  7.990769E-09  2.717071E-10
   1.950684E+03  7.905564E-09  2.702203E-10
   1.955567E+03  8.132434E-09  2.741037E-10
   1.960449E+03  7.872714E-09  2.696936E-10
   1.965332E+03  7.996928E-09  2.718466E-10
   1.970215E+03  7.968184E-09  2.713930E-10
   1.975098E+03  7.944573E-09  2.708860E-10
   1.979981E+03  8.003087E-09  2.719512E-10
   1.984863E+03  7.741314E-09  2.675057E-10
   1.989746E+03  7.905564E-09  2.702203E-10
   1.994629E+03  7.627365E-09  2.655317E-10
   1.999512E+03  7.831651E-09  2.690250E-10
   2.004395E+03  7.715650E-09  2.669558E-10
   2.009278E+03  7.790589E-09  2.682841E-10
   2.014160E+03  7.716676E-09  2.669735E-10
   2.019043E+03  7.719756E-09  2.670623E-10
   2.023926E+03  7.606834E-09  2.651387E-10
   2.028809E+03  7.562692E-09  2.643689E-10
   2.033692E+03  7.653029E-09  2.658706E-10
   2.038574E+03  7.747473E-09  2.676474E-10
   2.043457E+03  7.565772E-09  2.643510E-10
   2.048340E+03  7.678693E-09  2.663871E-10
   2.053223E+03  7.576037E-09  2.646377E-10
   2.058106E+03  7.682800E-09  2.664582E-10
   2.062988E+03  7.414867E-09  2.617745E-10
   2.067871E+03  7.373804E-09  2.610493E-10
   2.072754E+03  7.354299E-09  2.607041E-10
   2.077637E+03  7.557559E-09  2.643152E-10
   2.082520E+03  7.301945E-09  2.597387E-10
   2.087403E+03  7.470301E-09  2.627143E-10
   2.092285E+03  7.413840E-09  2.616839E-10
   2.097168E+03  7.480567E-09  2.628586E-10
   2.102051E+03  7.287573E-09  2.594831E-10
   2.106934E+03  7.326582E-09  2.602128E-10
   2.111817E+03  7.275254E-09  2.592638E-10
   2.116699E+03  7.231112E-09  2.584398E-10
   2.121582E+03  7.274228E-09  2.592821E-10
   2.126465E+03  7.315290E-09  2.599758E-10
   2.131348E+03  7.270121E-09  2.592090E-10
   2.136231E+03  7.393309E-09  2.613215E-10
   2.141113E+03  7.146934E-09  2.570423E-10
   2.145996E+03  6.912877E-09  2.526905E-10
   2.150879E+03  7.094579E-09  2.559890E-10
   2.155762E+03  7.073021E-09  2.556370E-10
   2.160645E+03  7.142827E-09  2.569316E-10
   2.165528E+03  7.106898E-09  2.562111E-10
   2.170410E+03  6.977551E-09  2.539068E-10
   2.175293E+03  7.022720E-09  2.547641E-10
   2.180176E+03  7.077127E-09  2.557482E-10
   2.185059E+03  6.965232E-09  2.536827E-10
   2.189942E+03  6.968312E-09  2.537387E-10
   2.194824E+03  6.888240E-09  2.522775E-10
   2.199707E+03  6.916984E-09  2.528780E-10
   2.204590E+03  6.897479E-09  2.524465E-10
   2.209473E+03  6.732202E-09  2.494813E-10
   2.214356E+03  6.771212E-09  2.502023E-10
   2.219239E+03  6.915957E-09  2.527467E-10
   2.224121E+03  6.779424E-09  2.502780E-10
   2.229004E+03  6.758893E-09  2.498610E-10
   2.233887E+03  6.808168E-09  2.508077E-10
   2.238770E+03  6.760946E-09  2.498989E-10
   2.243653E+03  6.662396E-09  2.480714E-10
   2.248535E+03  6.743494E-09  2.496143E-10
   2.253418E+03  6.662396E-09  2.480714E-10
   2.258301E+03  6.656236E-09  2.479567E-10
   2.263184E+03  6.641865E-09  2.476889E-10
   2.268067E+03  6.502252E-09  2.451499E-10
   2.272949E+03  6.663422E-09  2.481669E-10
   2.277832E+03  6.616200E-09  2.472100E-10
   2.282715E+03  6.646997E-09  2.478229E-10
   2.287598E+03  6.744521E-09  2.496332E-10
   2.292481E+03  6.458110E-09  2.442394E-10
   2.297364E+03  6.282567E-09  2.409373E-10
   2.302246E+03  6.469402E-09  2.444528E-10
   2.307129E+03  6.448871E-09  2.441424E-10
   2.312012E+03  6.466322E-09  2.444334E-10
   2.316895E+03  6.331842E-09  2.418797E-10
   2.321778E+03  6.384197E-09  2.428381E-10
   2.326660E+03  6.369825E-09  2.426037E-10
   2.331543E+03  6.350321E-09  2.423105E-10
   2.336426E+03  6.228160E-09  2.399318E-10
   2.341309E+03  6.460163E-09  2.443559E-10
   2.346192E+03  6.169645E-09  2.388428E-10
   2.351074E+03  6.273328E-09  2.407207E-10
   2.355957E+03  6.173752E-09  2.388825E-10
   2.360840E+03  6.286674E-09  2.410159E-10
   2.365723E+03  6.202495E-09  2.393582E-10
   2.370606E+03  6.131663E-09  2.379878E-10
   2.375489E+03  6.279488E-09  2.408389E-10
   2.380371E+03  6.147061E-09  2.382864E-10
   2.385254E+03  6.157327E-09  2.384852E-10
   2.390137E+03  6.079308E-09  2.369699E-10
   2.395020E+03  6.124477E-09  2.378882E-10
   2.399903E+03  6.054670E-09  2.365294E-10
   2.404785E+03  6.055697E-09  2.365093E-10
   2.409668E+03  5.980758E-09  2.350820E-10
   2.414551E+03  6.026953E-09  2.359475E-10
   2.419434E+03  6.135769E-09  2.381073E-10
   2.424317E+03  5.901712E-09  2.334836E-10
   2.429199E+03  6.006422E-09  2.355856E-10
   2.434082E+03  5.837039E-09  2.322011E-10
   2.438965E+03  5.983837E-09  2.351022E-10
   2.443848E+03  5.878101E-09  2.330569E-10
   2.448731E+03  5.834986E-09  2.321603E-10
   2.453614E+03  5.815481E-09  2.318129E-10
   2.458496E+03  5.890420E-09  2.332602E-10
   2.463379E+03  5.962280E-09  2.347592E-10
   2.468262E+03  5.765179E-09  2.307677E-10
   2.473145E+03  5.671762E-09  2.289322E-10
   2.478028E+03  5.750808E-09  2.305622E-10
   2.482910E+03  5.673815E-09  2.289322E-10
   2.487793E+03  5.793923E-09  2.313421E-10
   2.492676E+03  5.605036E-09  2.275406E-10
   2.497559E+03  5.619408E-09  2.279154E-10
   2.502442E+03  5.662523E-09  2.287872E-10
   2.507324E+03  5.718984E-09  2.298414E-10
   2.512207E+03  5.699479E-09  2.294492E-10
   2.517090E+03  5.535229E-09  2.261615E-10
   2.521973E+03  5.643018E-09  2.283517E-10
   2.526856E+03  5.601956E-09  2.276032E-10
   2.531739E+03  5.618381E-09  2.278529E-10
   2.536621E+03  5.505459E-09  2.255108E-10
   2.541504E+03  5.575265E-09  2.269357E-10
   2.546387E+03  5.404856E-09  2.234413E-10
   2.551270E+03  5.599903E-09  2.274781E-10
   2.556153E+03  5.331970E-09  2.219299E-10
   2.561035E+03  5.512645E-09  2.256579E-10
   2.565918E+03  5.414095E-09  2.237169E-10
   2.570801E+03  5.430520E-09  2.239710E-10
   2.575684E+03  5.465423E-09  2.246895E-10
   2.580567E+03  5.269349E-09  2.207090E-10
   2.585449E+03  5.459264E-09  2.245629E-10
   2.590332E+03  5.169773E-09  2.186157E-10
   2.595215E+03  5.355581E-09  2.224633E-10
   2.600098E+03  5.341209E-09  2.221647E-10
   2.604981E+03  5.264217E-09  2.205156E-10
   2.609864E+03  5.225207E-09  2.197404E-10
   2.614746E+03  5.307332E-09  2.214595E-10
   2.619629E+03  5.225207E-09  2.196972E-10
   2.624512E+03  5.268323E-09  2.206876E-10
   2.629395E+03  5.222128E-09  2.197188E-10
   2.634278E+03  5.302199E-09  2.213096E-10
   2.639160E+03  5.220074E-09  2.195893E-10
   2.644043E+03  5.377053E-09  9.336990E-10
   2.648926E+03  5.249845E-09  2.202145E-10
   2.653809E+03  5.235473E-09  2.199129E-10
   2.658692E+03  4.980885E-09  2.145003E-10
   2.663574E+03  5.097913E-09  2.170488E-10
   2.668457E+03  4.926477E-09  2.133258E-10
   2.673340E+03  5.088674E-09  2.168522E-10
   2.678223E+03  5.030160E-09  2.156025E-10
   2.683106E+03  5.025027E-09  2.154486E-10
   2.687989E+03  5.066090E-09  2.164584E-10
   2.692871E+03  5.079435E-09  2.166554E-10
   2.697754E+03  4.927504E-09  2.133925E-10
   2.702637E+03  5.046585E-09  2.159101E-10
   2.707520E+03  4.944955E-09  2.137254E-10
   2.712403E+03  4.932637E-09  2.134591E-10
   2.717285E+03  4.890548E-09  2.125466E-10
   2.722168E+03  4.931610E-09  2.134369E-10
   2.727051E+03  4.954194E-09  2.139693E-10
   2.731934E+03  4.864883E-09  2.120330E-10
   2.736817E+03  4.901840E-09  2.127918E-10
   2.741699E+03  4.801237E-09  2.105972E-10
   2.746582E+03  4.846405E-09  2.115854E-10
   2.751465E+03  4.729377E-09  2.090156E-10
   2.756348E+03  4.891574E-09  2.126135E-10
   2.761231E+03  4.811502E-09  2.108222E-10
   2.766114E+03  4.680102E-09  2.079697E-10
   2.770996E+03  4.732457E-09  2.091290E-10
   2.775879E+03  4.769413E-09  2.098983E-10
   2.780762E+03  4.704740E-09  2.084705E-10
   2.785645E+03  4.804316E-09  2.106648E-10
   2.790528E+03  4.844352E-09  2.115406E-10
   2.795410E+03  4.712952E-09  2.086524E-10
   2.800293E+03  4.648279E-09  2.072161E-10
   2.805176E+03  4.546649E-09  2.049386E-10
   2.810059E+03  4.570260E-09  2.055162E-10
   2.814942E+03  4.627747E-09  2.067580E-10
   2.819825E+03  4.666757E-09  2.076275E-10
   2.824707E+03  4.497374E-09  2.038253E-10
   2.829590E+03  4.544596E-09  2.048924E-10
   2.834473E+03  4.567180E-09  2.054469E-10
   2.839356E+03  4.531250E-09  2.046377E-10
   2.844239E+03  4.464524E-09  2.030796E-10
   2.849121E+03  4.435780E-09  2.024249E-10
   2.854004E+03  4.457338E-09  2.029162E-10
   2.858887E+03  4.388558E-09  2.013919E-10
   2.863770E+03  4.451178E-09  2.027759E-10
   2.868653E+03  4.374186E-09  2.010620E-10
   2.873535E+03  4.351602E-09  2.004953E-10
   2.878418E+03  4.458364E-09  2.029395E-10
   2.883301E+03  4.401903E-09  2.016506E-10
   2.888184E+03  4.408063E-09  2.017916E-10
   2.893067E+03  4.497374E-09  2.038718E-10
   2.897950E+03  4.380346E-09  2.012035E-10
   2.902832E+03  4.234574E-09  1.977814E-10
   2.907715E+03  4.347496E-09  2.004007E-10
   2.912598E+03  4.278716E-09  1.988571E-10
   2.917481E+03  4.302327E-09  1.993571E-10
   2.922364E+03  4.356735E-09  2.006135E-10
   2.927246E+03  4.284875E-09  1.989525E-10
   2.932129E+03  4.355708E-09  2.005899E-10
   2.937012E+03  4.224308E-09  1.975416E-10
   2.941895E+03  4.200697E-09  1.969888E-10
   2.946778E+03  4.312592E-09  1.995948E-10
   2.951660E+03  4.290008E-09  1.990716E-10
   2.956543E+03  4.262291E-09  1.984275E-10
   2.961426E+03  4.121652E-09  1.951755E-10
   2.966309E+03  4.193511E-09  1.968685E-10
   2.971192E+03  4.033367E-09  1.930261E-10
   2.976075E+03  4.120625E-09  1.951026E-10
   2.980957E+03  3.956375E-09  1.912248E-10
   2.985840E+03  4.112413E-09  1.949081E-10
   2.990723E+03  4.115492E-09  1.949811E-10
   2.995606E+03  4.105227E-09  1.947378E-10
   3.000489E+03  4.113439E-09  1.949811E-10
   3.005371E+03  4.032341E-09  1.930507E-10
   3.010254E+03  3.969720E-09  1.914973E-10
   3.015137E+03  3.977933E-09  1.916953E-10
   3.020020E+03  4.041580E-09  1.932225E-10
   3.024903E+03  3.998464E-09  1.921892E-10
   3.029785E+03  3.964587E-09  1.914230E-10
   3.034668E+03  3.930711E-09  1.905542E-10
   3.039551E+03  3.998464E-09  1.921892E-10
   3.044434E+03  3.925578E-09  1.905791E-10
   3.049317E+03  3.961508E-09  1.913983E-10
   3.054200E+03  3.974853E-09  1.916211E-10
   3.059082E+03  3.897861E-09  1.898064E-10
   3.063965E+03  3.871170E-09  1.892561E-10
   3.068848E+03  3.888622E-09  1.895815E-10
   3.073731E+03  3.857825E-09  1.887795E-10
   3.078614E+03  3.792125E-09  1.871653E-10
   3.083496E+03  3.819842E-09  1.878985E-10
   3.088379E+03  3.702814E-09  1.849485E-10
   3.093262E+03  3.887595E-09  1.895064E-10
   3.098145E+03  3.785965E-09  1.870133E-10
   3.103028E+03  3.694601E-09  1.847433E-10
   3.107910E+03  3.629928E-09  1.831194E-10
   3.112793E+03  3.684336E-09  1.844865E-10
   3.117676E+03  3.705894E-09  1.850766E-10
   3.122559E+03  3.775700E-09  1.867596E-10
   3.127442E+03  3.653539E-09  1.837139E-10
   3.132325E+03  3.763381E-09  1.864547E-10
   3.137207E+03  3.724372E-09  1.854860E-10
   3.142090E+03  3.746956E-09  1.860475E-10
   3.146973E+03  3.542670E-09  1.809054E-10
   3.151856E+03  3.544723E-09  1.809578E-10
   3.156739E+03  3.567307E-09  1.815855E-10
   3.161621E+03  3.640193E-09  1.833781E-10
   3.166504E+03  3.688442E-09  1.846406E-10
   3.171387E+03  3.610423E-09  1.826788E-10
   3.176270E+03  3.684336E-09  1.844865E-10
   3.181153E+03  3.661751E-09  1.839203E-10
   3.186035E+03  3.600157E-09  1.823671E-10
   3.190918E+03  3.458492E-09  1.787435E-10
   3.195801E+03  3.550882E-09  1.811673E-10
   3.200684E+03  3.462598E-09  1.788495E-10
   3.205567E+03  3.465678E-09  1.789290E-10
   3.210450E+03  3.644300E-09  1.834815E-10
   3.215332E+03  3.502634E-09  1.799331E-10
   3.220215E+03  3.548829E-09  1.810625E-10
   3.225098E+03  3.460545E-09  1.787965E-10
   3.229981E+03  3.441040E-09  1.782920E-10
   3.234864E+03  3.485182E-09  1.794318E-10
   3.239746E+03  3.525218E-09  1.804593E-10
   3.244629E+03  3.462598E-09  1.788495E-10
   3.249512E+03  3.311693E-09  1.749635E-10
   3.254395E+03  3.302454E-09  1.746652E-10
   3.259278E+03  3.415376E-09  1.776259E-10
   3.264160E+03  3.436934E-09  1.781856E-10
   3.269043E+03  3.334278E-09  1.755046E-10
   3.273926E+03  3.269604E-09  1.737944E-10
   3.278809E+03  3.334278E-09  1.755587E-10
   3.283692E+03  3.332224E-09  1.754506E-10
   3.288575E+03  3.236754E-09  1.729193E-10
   3.293457E+03  3.232648E-09  1.728096E-10
   3.298340E+03  3.232648E-09  1.728644E-10
   3.303223E+03  3.372260E-09  1.765013E-10
   3.308106E+03  3.171054E-09  1.711555E-10
   3.312989E+03  5.729435E-07  3.917066E-08
   3.317871E+03  3.290135E-09  1.743392E-10
   3.322754E+03  3.239834E-09  1.730015E-10
   3.327637E+03  3.140257E-09  1.703224E-10
   3.332520E+03  3.231621E-09  1.727821E-10
   3.337403E+03  3.155656E-09  1.707395E-10
   3.342285E+03  3.161815E-09  1.709060E-10
   3.347168E+03  3.125885E-09  1.699881E-10
   3.352051E+03  3.229568E-09  1.727272E-10
   3.356934E+03  3.156682E-09  1.707672E-10
   3.361817E+03  2.995512E-09  1.663512E-10
   3.366700E+03  3.098168E-09  1.691773E-10
   3.371582E+03  3.133071E-09  1.701275E-10
   3.376465E+03  3.090982E-09  1.689810E-10
   3.381348E+03  3.098168E-09  1.691773E-10
   3.386231E+03  3.013990E-09  1.668634E-10
   3.391114E+03  3.093035E-09  1.690371E-10
   3.395996E+03  3.045813E-09  1.677419E-10
   3.400879E+03  2.878483E-09  1.630697E-10
   3.405762E+03  2.989352E-09  1.661801E-10
   3.410645E+03  2.960609E-09  1.653793E-10
   3.415528E+03  2.887723E-09  1.633311E-10
   3.420410E+03  2.918519E-09  1.641997E-10
   3.425293E+03  2.970874E-09  1.657230E-10
   3.430176E+03  2.865138E-09  1.626913E-10
   3.435059E+03  2.982166E-09  1.659803E-10
   3.439942E+03  2.929812E-09  1.645170E-10
   3.444825E+03  2.894909E-09  1.635342E-10
   3.449707E+03  2.855899E-09  1.624872E-10
   3.454590E+03  2.836394E-09  1.618732E-10
   3.459473E+03  2.902094E-09  1.637370E-10
   3.464356E+03  2.802518E-09  1.609037E-10
   3.469239E+03  2.911334E-09  1.640553E-10
   3.474121E+03  2.891829E-09  1.635052E-10
   3.479004E+03  2.835368E-09  1.618439E-10
   3.483887E+03  2.875404E-09  1.629824E-10
   3.488770E+03  2.831262E-09  1.617267E-10
   3.493653E+03  2.892855E-09  1.634762E-10
   3.498536E+03  2.738871E-09  1.591259E-10
   3.503418E+03  2.806624E-09  1.610216E-10
   3.508301E+03  2.745030E-09  1.593046E-10
   3.513184E+03  2.757349E-09  1.596019E-10
   3.518067E+03  2.755296E-09  1.595425E-10
   3.522950E+03  2.759402E-09  1.597207E-10
   3.527832E+03  2.644427E-09  1.563607E-10
   3.532715E+03  2.651613E-09  1.565122E-10
   3.537598E+03  2.727579E-09  1.587381E-10
   3.542481E+03  2.729632E-09  1.588575E-10
   3.547364E+03  2.617736E-09  1.555093E-10
   3.552246E+03  2.658799E-09  1.567241E-10
   3.557129E+03  2.697808E-09  1.579296E-10
   3.562012E+03  2.570515E-09  1.541004E-10
   3.566895E+03  2.672144E-09  1.571169E-10
   3.571778E+03  2.657772E-09  1.567544E-10
   3.576661E+03  2.619790E-09  1.555703E-10
   3.581543E+03  2.661879E-09  1.568149E-10
   3.586426E+03  2.555116E-09  1.536382E-10
   3.591309E+03  4.896750E-08  1.116210E-08
   3.596192E+03  2.557169E-09  1.536999E-10
   3.601075E+03  2.541771E-09  1.532365E-10
   3.605957E+03  2.591046E-09  1.547146E-10
   3.610840E+03  2.527399E-09  1.528648E-10
   3.615723E+03  2.526372E-09  1.528337E-10
   3.620606E+03  2.391892E-09  1.486504E-10
   3.625489E+03  2.429875E-09  1.498259E-10
   3.630371E+03  2.355963E-09  1.475298E-10
   3.635254E+03  2.367255E-09  1.478829E-10
   3.640137E+03  2.537664E-09  1.531127E-10
   3.645020E+03  2.379574E-09  1.482671E-10
   3.649903E+03  2.417557E-09  1.494457E-10
   3.654786E+03  2.394972E-09  1.487460E-10
   3.659668E+03  2.444247E-09  1.503314E-10
   3.664551E+03  2.345697E-09  1.472080E-10
   3.669434E+03  2.413450E-09  1.493187E-10
   3.674317E+03  2.348777E-09  1.473046E-10
   3.679200E+03  2.367255E-09  1.478829E-10
   3.684082E+03  2.306688E-09  1.459790E-10
   3.688965E+03  2.341591E-09  1.471436E-10
   3.693848E+03  2.313874E-09  1.462062E-10
   3.698731E+03  2.247147E-09  1.440828E-10
   3.703614E+03  2.277944E-09  1.450667E-10
   3.708496E+03  2.256386E-09  1.443787E-10
   3.713379E+03  2.294369E-09  1.455887E-10
   3.718262E+03  2.293342E-09  1.455561E-10
   3.723145E+03  2.240988E-09  1.438852E-10
   3.728028E+03  2.230722E-09  1.435553E-10
   3.732911E+03  2.194792E-09  1.423946E-10
   3.737793E+03  2.262546E-09  1.445756E-10
   3.742676E+03  2.341591E-09  1.470791E-10
   3.747559E+03  2.225589E-09  1.433901E-10
   3.752442E+03  2.254333E-09  1.443130E-10
   3.757325E+03  2.266652E-09  1.447067E-10
   3.762207E+03  2.221483E-09  1.432577E-10
   3.767090E+03  2.188633E-09  1.421947E-10
   3.771973E+03  2.293342E-09  1.455561E-10
   3.776856E+03  2.237908E-09  1.437863E-10
   3.781739E+03  2.181447E-09  1.419610E-10
   3.786621E+03  2.105481E-09  1.394675E-10
   3.791504E+03  2.177341E-09  1.418274E-10
   3.796387E+03  2.111641E-09  1.396714E-10
   3.801270E+03  2.128066E-09  1.402135E-10
   3.806153E+03  2.173235E-09  1.416936E-10
   3.811036E+03  2.134225E-09  1.404162E-10
   3.815918E+03  2.100349E-09  1.392975E-10
   3.820801E+03  2.052100E-09  1.376883E-10
   3.825684E+03  2.042861E-09  1.373781E-10
   3.830567E+03  2.130119E-09  1.402811E-10
   3.835450E+03  2.052100E-09  1.376883E-10
   3.840332E+03  2.035675E-09  1.371362E-10
   3.845215E+03  2.103428E-09  1.393995E-10
   3.850098E+03  2.054153E-09  1.378260E-10
   3.854981E+03  1.960736E-09  1.345886E-10
   3.859864E+03  2.036702E-09  1.371708E-10
   3.864746E+03  1.947391E-09  1.341298E-10
   3.869629E+03  1.961762E-09  1.346238E-10
   3.874512E+03  1.933019E-09  1.336340E-10
   3.879395E+03  1.965869E-09  1.347646E-10
   3.884278E+03  1.993586E-09  1.357112E-10
   3.889161E+03  2.070578E-09  1.383754E-10
   3.894043E+03  1.935072E-09  1.337049E-10
   3.898926E+03  1.882717E-09  1.319558E-10
   3.903809E+03  1.986400E-09  1.355364E-10
   3.908692E+03  1.875531E-09  1.316320E-10
   3.913575E+03  1.859106E-09  1.310544E-10
   3.918457E+03  1.938152E-09  1.338113E-10
   3.923340E+03  1.935072E-09  1.337049E-10
   3.928223E+03  1.888876E-09  1.320994E-10
   3.933106E+03  1.867319E-09  1.313435E-10
   3.937989E+03  1.881691E-09  1.318479E-10
   3.942871E+03  1.832415E-09  1.301103E-10
   3.947754E+03  1.829336E-09  1.300009E-10
   3.952637E+03  1.850894E-09  1.307646E-10
   3.957520E+03  1.900169E-09  1.324937E-10
   3.962403E+03  1.901195E-09  1.325295E-10
   3.967286E+03  1.815990E-09  1.295259E-10
   3.972168E+03  1.817017E-09  1.295625E-10
   3.977051E+03  1.821123E-09  1.297088E-10
   3.981934E+03  1.826256E-09  1.298914E-10
   3.986817E+03  1.710254E-09  1.256988E-10
   3.991700E+03  1.787247E-09  1.284968E-10
   3.996582E+03  1.734892E-09  1.266008E-10
   4.001465E+03  1.746184E-09  1.270122E-10
   4.006348E+03  1.743104E-09  1.269001E-10
   4.011231E+03  1.648661E-09  1.234147E-10
   4.016114E+03  1.707175E-09  1.255855E-10
   4.020996E+03  1.765689E-09  1.277195E-10
   4.025879E+03  1.748237E-09  1.270868E-10
   4.030762E+03  1.734892E-09  1.266008E-10
   4.035645E+03  1.655847E-09  1.236833E-10
   4.040528E+03  1.670218E-09  1.242189E-10
   4.045411E+03  1.685617E-09  1.247901E-10
   4.050293E+03  1.671245E-09  1.242570E-10
   4.055176E+03  1.660979E-09  1.238748E-10
   4.060059E+03  1.694856E-09  1.251316E-10
   4.064942E+03  1.575775E-09  1.206559E-10
   4.069825E+03  1.652767E-09  1.235682E-10
   4.074707E+03  1.578854E-09  1.207738E-10
   4.079590E+03  1.615811E-09  1.221790E-10
   4.084473E+03  1.690750E-09  1.249800E-10
   4.089356E+03  1.560376E-09  1.200650E-10
   4.094239E+03  1.522393E-09  1.185948E-10
   4.099122E+03  1.578854E-09  1.207738E-10
   4.104004E+03  1.519314E-09  1.184748E-10
   4.108887E+03  1.579881E-09  1.208130E-10
   4.113770E+03  1.451561E-09  1.158031E-10
   4.118653E+03  1.466959E-09  1.164157E-10
   4.123536E+03  1.470039E-09  1.165378E-10
   4.128418E+03  1.496729E-09  1.175910E-10
   4.133301E+03  1.541898E-09  1.193520E-10
   4.138184E+03  1.569615E-09  1.204199E-10
   4.143067E+03  1.465932E-09  1.163749E-10
   4.147950E+03  1.498782E-09  1.176716E-10
   4.152832E+03  1.594253E-09  1.213613E-10
   4.157715E+03  1.445401E-09  1.155572E-10
   4.162598E+03  1.455667E-09  1.159668E-10
   4.167481E+03  1.478251E-09  1.168629E-10
   4.172364E+03  1.453614E-09  1.158850E-10
   4.177247E+03  1.381754E-09  1.129844E-10
   4.182129E+03  1.361223E-09  1.121419E-10
   4.187012E+03  1.423843E-09  1.146922E-10
   4.191895E+03  1.342745E-09  1.113782E-10
   4.196778E+03  1.369435E-09  1.124797E-10
   4.201661E+03  1.401259E-09  1.137790E-10
   4.206543E+03  1.368409E-09  1.124375E-10
   4.211426E+03  1.314001E-09  1.101797E-10
   4.216309E+03  1.372515E-09  1.126061E-10
   4.221192E+03  1.421790E-09  1.146095E-10
   4.226075E+03  1.300656E-09  1.096188E-10
   4.230957E+03  1.364303E-09  1.122687E-10
   4.235840E+03  1.247274E-09  1.073459E-10
   4.240723E+03  1.369435E-09  1.124797E-10
   4.245606E+03  1.288337E-09  1.090985E-10
   4.250489E+03  1.245221E-09  1.072575E-10
   4.255372E+03  1.261646E-09  1.079625E-10
   4.260254E+03  1.324267E-09  1.106092E-10
   4.265137E+03  1.269859E-09  1.083133E-10
   4.270020E+03  1.231876E-09  1.066812E-10
   4.274903E+03  1.318107E-09  1.103517E-10
   4.279786E+03  1.264726E-09  1.080942E-10
   4.284668E+03  1.241115E-09  1.070805E-10
   4.289551E+03  1.261646E-09  1.079625E-10
   4.294434E+03  1.266779E-09  1.081819E-10
   4.299317E+03  1.242142E-09  1.071248E-10
   4.304200E+03  1.259593E-09  1.078746E-10
   4.309082E+03  1.221610E-09  1.062358E-10
   4.313965E+03  1.180548E-09  1.044351E-10
   4.318848E+03  1.182601E-09  1.045259E-10
   4.323731E+03  1.271912E-09  1.084008E-10
   4.328614E+03  1.112795E-09  1.013941E-10
   4.333497E+03  1.156937E-09  1.033855E-10
   4.338379E+03  1.123060E-09  1.018607E-10
   4.343262E+03  1.124087E-09  1.019073E-10
   4.348145E+03  1.156937E-09  1.033855E-10
   4.353028E+03  1.095343E-09  1.005960E-10
   4.357911E+03  1.119981E-09  1.017210E-10
   4.362793E+03  1.154884E-09  1.032938E-10
   4.367676E+03  1.134352E-09  1.023715E-10
   4.372559E+03  1.104582E-09  1.010193E-10
   4.377442E+03  1.028616E-09  9.748386E-11
   4.382325E+03  1.123060E-09  1.018607E-10
   4.387207E+03  1.033749E-09  9.772677E-11
   4.392090E+03  1.104582E-09  1.010193E-10
   4.396973E+03  1.018351E-09  9.699621E-11
   4.401856E+03  1.090210E-09  1.003600E-10
   4.406739E+03  1.051201E-09  9.854819E-11
   4.411622E+03  1.030670E-09  9.758110E-11
   4.416504E+03  1.040935E-09  9.806584E-11
   4.421387E+03  1.023484E-09  9.724034E-11
   4.426270E+03  1.002952E-09  9.626011E-11
   4.431153E+03  1.038882E-09  9.796908E-11
   4.436036E+03  9.813945E-10  9.522000E-11
   4.440918E+03  9.772883E-10  9.502059E-11
   4.445801E+03  9.824211E-10  9.526979E-11
   4.450684E+03  9.793414E-10  9.512035E-11
   4.455567E+03  9.351992E-10  9.295201E-11
   4.460450E+03  9.434117E-10  9.335923E-11
   4.465332E+03  9.444382E-10  9.341001E-11
   4.470215E+03  9.413585E-10  9.325759E-11
   4.475098E+03  9.824211E-10  9.526979E-11
   4.479981E+03  9.341726E-10  9.290098E-11
   4.484864E+03  8.951632E-10  9.094067E-11
   4.489747E+03  9.280132E-10  9.259422E-11
   4.494629E+03  9.249335E-10  9.244045E-11
   4.499512E+03  8.869507E-10  9.052256E-11
   4.504395E+03  8.982429E-10  9.109697E-11
   4.509278E+03  8.705257E-10  8.968050E-11
   4.514161E+03  8.089319E-10  8.644974E-11
   4.519043E+03  9.002960E-10  9.120101E-11
   4.523926E+03  8.387022E-10  8.802608E-11
   4.528809E+03  8.592335E-10  8.909697E-11
   4.533692E+03  8.294631E-10  8.753991E-11
   4.538575E+03  8.120116E-10  8.661414E-11
   4.543457E+03  8.202241E-10  8.705103E-11
   4.548340E+03  8.037991E-10  8.617504E-11
   4.553223E+03  7.935334E-10  8.573370E-11
   4.558106E+03  8.325428E-10  8.770227E-11
   4.562989E+03  7.832678E-10  8.506738E-11
   4.567872E+03  8.058522E-10  8.628503E-11
   4.572754E+03  7.678693E-10  8.422707E-11
   4.577637E+03  7.678693E-10  8.422707E-11
   4.582520E+03  7.709490E-10  8.439580E-11
   4.587403E+03  7.473381E-10  8.309345E-11
   4.592286E+03  7.771084E-10  8.473226E-11
   4.597168E+03  7.165412E-10  8.136339E-11
   4.602051E+03  8.140647E-10  8.672357E-11
   4.606934E+03  7.216740E-10  8.165428E-11
   4.611817E+03  7.678693E-10  8.422707E-11
   4.616700E+03  7.370725E-10  8.252079E-11
   4.621582E+03  6.775318E-10  7.911769E-11
   4.626465E+03  7.021693E-10  8.054331E-11
   4.631348E+03  6.898505E-10  7.983368E-11
   4.636231E+03  6.970365E-10  8.024840E-11
   4.641114E+03  6.888240E-10  7.977426E-11
   4.645997E+03  6.713724E-10  7.875725E-11
   4.650879E+03  6.292833E-10  7.624867E-11
   4.655762E+03  6.693193E-10  7.863674E-11
   4.660645E+03  6.652130E-10  7.839516E-11
   4.665528E+03  6.220974E-10  7.581207E-11
   4.670411E+03  6.272302E-10  7.612418E-11
   4.675293E+03  5.943802E-10  7.410399E-11
   4.680176E+03  5.635833E-10  7.215870E-11
   4.685059E+03  6.292833E-10  7.624867E-11
   4.689942E+03  5.676895E-10  7.242109E-11
   4.694825E+03  5.943802E-10  7.410399E-11
   4.699708E+03  5.851411E-10  7.352581E-11
   4.704590E+03  5.820614E-10  7.333206E-11
   4.709473E+03  5.594770E-10  7.189535E-11
   4.714356E+03  5.563973E-10  7.169721E-11
   4.719239E+03  5.533176E-10  7.149851E-11
   4.724122E+03  5.810348E-10  7.326737E-11
   4.729004E+03  5.492114E-10  7.123272E-11
   4.733887E+03  5.738489E-10  7.281290E-11
   4.738770E+03  5.297067E-10  6.995643E-11
   4.743653E+03  4.722191E-10  6.605142E-11
   4.748536E+03  5.030160E-10  6.817122E-11
   4.753418E+03  4.876176E-10  6.711969E-11
   4.758301E+03  4.742722E-10  6.619485E-11
   4.763184E+03  4.896707E-10  6.726084E-11
   4.768067E+03  4.270503E-10  6.281311E-11
   4.772950E+03  4.465550E-10  6.423150E-11
   4.777833E+03  4.609269E-10  6.525691E-11
   4.782715E+03  4.075456E-10  6.136193E-11
   4.787598E+03  4.619535E-10  6.532954E-11
   4.792481E+03  4.373160E-10  6.356358E-11
   4.797364E+03  4.445019E-10  6.408368E-11
   4.802247E+03  4.178113E-10  6.212993E-11
   4.807129E+03  3.972800E-10  6.058419E-11
   4.812012E+03  3.859878E-10  5.971698E-11
   4.816895E+03  3.572440E-10  5.745050E-11
   4.821778E+03  3.880409E-10  5.987559E-11
   4.826661E+03  3.798284E-10  5.923861E-11
   4.831543E+03  3.510846E-10  5.695309E-11
   4.836426E+03  3.644300E-10  5.802542E-11
   4.841309E+03  3.613503E-10  5.777972E-11
   4.846192E+03  3.572440E-10  5.745050E-11
   4.851075E+03  3.490315E-10  5.678631E-11
   4.855958E+03  3.131018E-10  5.378417E-11
   4.860840E+03  3.285003E-10  5.509084E-11
   4.865723E+03  3.079690E-10  5.334149E-11
   4.870606E+03  3.151549E-10  5.396022E-11
   4.875489E+03  3.007830E-10  5.271551E-11
   4.880372E+03  2.884643E-10  5.162474E-11
   4.885254E+03  2.833315E-10  5.116339E-11
   4.890137E+03  2.925705E-10  5.199087E-11
   4.895020E+03  2.751190E-10  5.041644E-11
   4.899903E+03  2.710127E-10  5.003879E-11
   4.904786E+03  2.412424E-10  4.721054E-11
   4.909668E+03  2.391892E-10  4.700922E-11
   4.914551E+03  2.217377E-10  4.526183E-11
   4.919434E+03  2.443221E-10  4.751093E-11
   4.924317E+03  1.950470E-10  4.245044E-11
   4.929200E+03  2.135252E-10  4.441575E-11
   4.934083E+03  1.755423E-10  4.027204E-11
   4.938965E+03  2.022330E-10  4.322535E-11
   4.943848E+03  1.899142E-10  4.188817E-11
   4.948731E+03  1.693829E-10  3.955921E-11
   4.953614E+03  1.519314E-10  3.746594E-11
   4.958497E+03  1.334532E-10  3.511378E-11
   4.963379E+03  1.334532E-10  3.511378E-11
   4.968262E+03  1.509048E-10  3.733915E-11
   4.973145E+03  1.108688E-10  3.200501E-11
   4.978028E+03  9.752351E-11  3.001705E-11
   4.982911E+03  1.016298E-10  3.064247E-11
   4.987793E+03  8.007194E-11  2.719905E-11
   4.992676E+03  8.828444E-11  2.855982E-11
   4.997559E+03  6.570005E-11  2.463749E-11
