 #  Results from PENEPMA.
 #  Energy distribution of upbound electrons.
 #  1st column: E (eV).
 #  2nd and 3rd columns: probability density and STU (1/(eV*particle)).

   2.500000E+00  1.000000E-35  1.000000E-35
   7.500001E+00  1.000000E-35  1.000000E-35
   1.250000E+01  1.000000E-35  1.000000E-35
   1.750000E+01  1.000000E-35  1.000000E-35
   2.250000E+01  1.000000E-35  1.000000E-35
   2.750000E+01  1.000000E-35  1.000000E-35
   3.250000E+01  1.000000E-35  1.000000E-35
   3.750000E+01  1.000000E-35  1.000000E-35
   4.250000E+01  1.000000E-35  1.000000E-35
   4.750000E+01  1.000000E-35  1.000000E-35
   5.250001E+01  4.040596E-04  3.154711E-06
   5.750001E+01  1.511447E-04  2.855196E-06
   6.250001E+01  1.570254E-04  2.861685E-06
   6.750001E+01  1.521846E-04  2.832028E-06
   7.250001E+01  1.470379E-04  2.817408E-06
   7.750001E+01  1.520376E-04  2.846330E-06
   8.250001E+01  1.902787E-04  3.214772E-06
   8.750001E+01  1.860818E-04  3.168303E-06
   9.250001E+01  1.728337E-04  3.056719E-06
   9.750001E+01  1.611495E-04  2.950153E-06
   1.025000E+02  1.528266E-04  2.872818E-06
   1.075000E+02  1.428968E-04  2.772341E-06
   1.125000E+02  1.377392E-04  2.724426E-06
   1.175000E+02  1.308810E-04  2.636561E-06
   1.225000E+02  1.219669E-04  2.554466E-06
   1.275000E+02  1.150115E-04  2.471401E-06
   1.325000E+02  1.099662E-04  2.413354E-06
   1.375000E+02  1.035353E-04  2.350068E-06
   1.425000E+02  9.958209E-05  2.288071E-06
   1.475000E+02  9.349130E-05  2.226557E-06
   1.525000E+02  8.915378E-05  2.171713E-06
   1.575000E+02  8.605644E-05  2.126667E-06
   1.625000E+02  8.164761E-05  2.072995E-06
   1.675000E+02  8.209946E-05  2.074078E-06
   1.725000E+02  7.944091E-05  2.030788E-06
   1.775000E+02  7.518262E-05  1.984093E-06
   1.825000E+02  7.326895E-05  1.944225E-06
   1.875000E+02  6.961097E-05  1.903124E-06
   1.925000E+02  6.604341E-05  1.850001E-06
   1.975000E+02  6.424202E-05  1.803773E-06
   2.025000E+02  6.105902E-05  1.774713E-06
   2.075000E+02  6.001438E-05  1.756931E-06
   2.125000E+02  5.992448E-05  1.753296E-06
   2.175000E+02  5.847492E-05  1.729905E-06
   2.225000E+02  5.681081E-05  1.703625E-06
   2.275000E+02  5.602974E-05  1.680973E-06
   2.325000E+02  5.563693E-05  1.682141E-06
   2.375000E+02  5.426397E-05  1.657318E-06
   2.425000E+02  5.439753E-05  1.655588E-06
   2.475000E+02  5.326857E-05  1.640508E-06
   2.525000E+02  5.293868E-05  1.634593E-06
   2.575000E+02  5.123099E-05  1.603862E-06
   2.625000E+02  4.998803E-05  1.579061E-06
   2.675000E+02  4.993180E-05  1.575291E-06
   2.725000E+02  4.855343E-05  1.551376E-06
   2.775000E+02  4.734108E-05  1.526106E-06
   2.825000E+02  4.688389E-05  1.515801E-06
   2.875000E+02  4.584256E-05  1.496004E-06
   2.925000E+02  4.629941E-05  1.500192E-06
   2.975000E+02  4.441988E-05  1.464308E-06
   3.025000E+02  4.373694E-05  1.452005E-06
   3.075000E+02  4.295683E-05  1.432361E-06
   3.125000E+02  4.238259E-05  1.419976E-06
   3.175000E+02  4.139025E-05  1.397540E-06
   3.225000E+02  4.241507E-05  1.418295E-06
   3.275000E+02  4.006459E-05  1.368104E-06
   3.325000E+02  4.047556E-05  1.362298E-06
   3.375000E+02  3.899656E-05  1.342675E-06
   3.425000E+02  3.865731E-05  1.332518E-06
   3.475000E+02  3.842539E-05  1.320637E-06
   3.525000E+02  3.806771E-05  1.312648E-06
   3.575000E+02  3.784528E-05  1.308453E-06
   3.625000E+02  3.739061E-05  1.291685E-06
   3.675000E+02  3.600831E-05  1.255779E-06
   3.725000E+02  3.630629E-05  1.263173E-06
   3.775000E+02  3.560856E-05  1.242753E-06
   3.825000E+02  3.626273E-05  1.237135E-06
   3.875000E+02  3.515726E-05  1.230305E-06
   3.925000E+02  3.517929E-05  1.231920E-06
   3.975000E+02  3.559056E-05  1.213631E-06
   4.025000E+02  3.392871E-05  1.197941E-06
   4.075000E+02  3.465672E-05  1.208527E-06
   4.125000E+02  3.493446E-05  1.210943E-06
   4.175000E+02  4.022660E-05  1.205823E-06
   4.225000E+02  3.329226E-05  1.182943E-06
   4.275000E+02  3.334831E-05  1.180761E-06
   4.325000E+02  3.683534E-05  1.175266E-06
   4.375000E+02  3.236898E-05  1.156879E-06
   4.425000E+02  3.318127E-05  1.175603E-06
   4.475000E+02  3.239277E-05  1.156685E-06
   4.525000E+02  3.290299E-05  1.171365E-06
   4.575000E+02  3.263029E-05  1.162366E-06
   4.625000E+02  3.205108E-05  1.153464E-06
   4.675000E+02  3.784716E-05  1.164447E-06
   4.725000E+02  3.160428E-05  1.155311E-06
   4.775000E+02  3.250868E-05  1.134680E-06
   4.825000E+02  4.403203E-05  1.175435E-06
   4.875000E+02  2.919933E-05  1.127713E-06
   4.925000E+02  3.893902E-05  1.138682E-06
   4.975000E+02  2.855861E-05  1.120695E-06
   5.025001E+02  2.888499E-05  1.131758E-06
   5.075001E+02  3.248802E-05  1.122736E-06
   5.125001E+02  2.911966E-05  1.136008E-06
   5.175001E+02  2.871152E-05  1.121023E-06
   5.225001E+02  2.873134E-05  1.117565E-06
   5.275001E+02  2.850237E-05  1.111805E-06
   5.325001E+02  2.762525E-05  1.090980E-06
   5.375001E+02  2.826063E-05  1.113235E-06
   5.425001E+02  2.819172E-05  1.114772E-06
   5.475001E+02  2.780949E-05  1.108272E-06
   5.525001E+02  2.620448E-05  1.078359E-06
   5.575001E+02  2.672261E-05  1.098894E-06
   5.625001E+02  3.966021E-05  1.121185E-06
   5.675001E+02  3.919247E-05  1.112076E-06
   5.725001E+02  2.312587E-05  1.080342E-06
   5.775001E+02  4.115438E-05  1.117458E-06
   5.825001E+02  2.205037E-05  1.091594E-06
   5.875001E+02  2.187402E-05  1.092259E-06
   5.925001E+02  2.136809E-05  1.072929E-06
   5.975001E+02  2.147104E-05  1.081928E-06
   6.025001E+02  2.101073E-05  1.069264E-06
   6.075001E+02  2.100505E-05  1.068457E-06
   6.125001E+02  2.124049E-05  1.076315E-06
   6.175001E+02  2.201449E-05  1.073306E-06
   6.225001E+02  2.080201E-05  1.069973E-06
   6.275001E+02  2.047616E-05  1.060736E-06
   6.325001E+02  2.379093E-05  1.081093E-06
   6.375001E+02  2.082513E-05  1.078901E-06
   6.425001E+02  2.123414E-05  1.070599E-06
   6.475001E+02  2.213699E-05  1.088472E-06
   6.525001E+02  2.038957E-05  1.072105E-06
   6.575001E+02  2.093946E-05  1.075272E-06
   6.625001E+02  2.007635E-05  1.063207E-06
   6.675001E+02  2.024744E-05  1.067828E-06
   6.725001E+02  1.985175E-05  1.056699E-06
   6.775001E+02  2.010328E-05  1.063256E-06
   6.825001E+02  1.973725E-05  1.053102E-06
   6.875001E+02  2.024882E-05  1.067217E-06
   6.925001E+02  2.004686E-05  1.061713E-06
   6.975001E+02  2.001502E-05  1.058928E-06
   7.025001E+02  2.021305E-05  1.065853E-06
   7.075001E+02  2.003636E-05  1.057682E-06
   7.125001E+02  1.979042E-05  1.055298E-06
   7.175001E+02  2.104020E-05  1.089592E-06
   7.225001E+02  2.044977E-05  1.073912E-06
   7.275001E+02  1.990438E-05  1.057600E-06
   7.325001E+02  2.020581E-05  1.066979E-06
   7.375001E+02  2.121860E-05  1.062123E-06
   7.425001E+02  1.992616E-05  1.063779E-06
   7.475001E+02  2.064029E-05  1.082794E-06
   7.525001E+02  2.054308E-05  1.080598E-06
   7.575001E+02  1.994783E-05  1.063932E-06
   7.625001E+02  2.053656E-05  1.079776E-06
   7.675001E+02  1.980438E-05  1.060146E-06
   7.725001E+02  2.018481E-05  1.070600E-06
   7.775001E+02  1.945128E-05  1.050958E-06
   7.825001E+02  2.022640E-05  1.070335E-06
   7.875001E+02  1.989825E-05  1.064207E-06
   7.925001E+02  2.108638E-05  1.083280E-06
   7.975001E+02  2.035404E-05  1.074079E-06
   8.025001E+02  1.960193E-05  1.056424E-06
   8.075001E+02  2.061276E-05  1.081150E-06
   8.125001E+02  2.042123E-05  1.079884E-06
   8.175001E+02  2.028894E-05  1.075859E-06
   8.225001E+02  2.088729E-05  1.089944E-06
   8.275001E+02  2.071333E-05  1.087290E-06
   8.325001E+02  1.980847E-05  1.062877E-06
   8.375001E+02  2.074991E-05  1.088472E-06
   8.425001E+02  2.073872E-05  1.087827E-06
   8.475001E+02  2.066982E-05  1.086006E-06
   8.525001E+02  1.948331E-05  1.054756E-06
   8.575001E+02  2.043927E-05  1.080074E-06
   8.625001E+02  2.037196E-05  1.078062E-06
   8.675001E+02  2.033171E-05  1.077493E-06
   8.725001E+02  1.969972E-05  1.060299E-06
   8.775001E+02  2.040028E-05  1.077008E-06
   8.825001E+02  2.082846E-05  1.086557E-06
   8.875001E+02  1.980946E-05  1.063542E-06
   8.925001E+02  2.023168E-05  1.074965E-06
   8.975001E+02  1.942123E-05  1.054295E-06
   9.025001E+02  2.056002E-05  1.085340E-06
   9.075001E+02  2.013336E-05  1.074019E-06
   9.125001E+02  2.057401E-05  1.085006E-06
   9.175001E+02  2.038495E-05  1.081462E-06
   9.225001E+02  2.093585E-05  1.094701E-06
   9.275001E+02  2.074759E-05  1.089539E-06
   9.325001E+02  2.099691E-05  1.095896E-06
   9.375001E+02  2.109494E-05  1.099345E-06
   9.425001E+02  2.124322E-05  1.102674E-06
   9.475001E+02  2.064376E-05  1.086742E-06
   9.525001E+02  2.037538E-05  1.080432E-06
   9.575001E+02  2.070162E-05  1.088230E-06
   9.625001E+02  2.080003E-05  1.091504E-06
   9.675001E+02  2.108164E-05  1.099167E-06
   9.725001E+02  2.109307E-05  1.099497E-06
   9.775001E+02  2.066893E-05  1.088328E-06
   9.825001E+02  2.111830E-05  1.100182E-06
   9.875001E+02  2.116400E-05  1.101322E-06
   9.925001E+02  2.155956E-05  1.111546E-06
   9.975001E+02  2.100345E-05  1.097371E-06
   1.002500E+03  2.051991E-05  1.084462E-06
   1.007500E+03  2.045073E-05  1.082611E-06
   1.012500E+03  2.216966E-05  1.127038E-06
   1.017500E+03  2.064943E-05  1.087825E-06
   1.022500E+03  2.077892E-05  1.090843E-06
   1.027500E+03  2.142650E-05  1.107459E-06
   1.032500E+03  2.131500E-05  1.105287E-06
   1.037500E+03  2.159390E-05  1.112195E-06
   1.042500E+03  2.121005E-05  1.102307E-06
   1.047500E+03  2.156917E-05  1.111868E-06
   1.052500E+03  2.137038E-05  1.107098E-06
   1.057500E+03  2.145923E-05  1.108744E-06
   1.062500E+03  2.213553E-05  1.126051E-06
   1.067500E+03  2.228787E-05  1.129932E-06
   1.072500E+03  2.174614E-05  1.116124E-06
   1.077500E+03  2.266892E-05  1.139597E-06
   1.082500E+03  2.149783E-05  1.109600E-06
   1.087500E+03  2.233444E-05  1.131215E-06
   1.092500E+03  2.204328E-05  1.124100E-06
   1.097500E+03  2.237986E-05  1.132667E-06
   1.102500E+03  2.239679E-05  1.133468E-06
   1.107500E+03  2.232301E-05  1.131217E-06
   1.112500E+03  2.174813E-05  1.116280E-06
   1.117500E+03  2.277297E-05  1.142286E-06
   1.122500E+03  2.233317E-05  1.131213E-06
   1.127500E+03  2.213564E-05  1.126527E-06
   1.132500E+03  2.255637E-05  1.136844E-06
   1.137500E+03  2.269008E-05  1.140208E-06
   1.142500E+03  2.247360E-05  1.135720E-06
   1.147500E+03  2.242612E-05  1.133475E-06
   1.152500E+03  2.278527E-05  1.142605E-06
   1.157500E+03  2.324360E-05  1.154043E-06
   1.162500E+03  2.264512E-05  1.139087E-06
   1.167500E+03  2.311628E-05  1.151511E-06
   1.172500E+03  2.307162E-05  1.149767E-06
   1.177500E+03  2.298252E-05  1.147861E-06
   1.182500E+03  2.302068E-05  1.149132E-06
   1.187500E+03  2.338368E-05  1.158145E-06
   1.192500E+03  2.316716E-05  1.152144E-06
   1.197500E+03  2.378491E-05  1.167401E-06
   1.202500E+03  2.276601E-05  1.142126E-06
   1.207500E+03  2.305250E-05  1.149291E-06
   1.212500E+03  2.315446E-05  1.151828E-06
   1.217500E+03  2.405862E-05  1.174412E-06
   1.222500E+03  2.289969E-05  1.145475E-06
   1.227500E+03  2.372119E-05  1.166151E-06
   1.232500E+03  2.330083E-05  1.155464E-06
   1.237500E+03  2.430692E-05  1.180454E-06
   1.242500E+03  2.452981E-05  1.185543E-06
   1.247500E+03  2.367654E-05  1.165055E-06
   1.252500E+03  2.415407E-05  1.176429E-06
   1.257500E+03  2.372109E-05  1.166151E-06
   1.262500E+03  2.436418E-05  1.181535E-06
   1.267500E+03  2.480365E-05  1.192141E-06
   1.272500E+03  2.436419E-05  1.181535E-06
   1.277500E+03  2.401399E-05  1.173013E-06
   1.282500E+03  2.421134E-05  1.177824E-06
   1.287500E+03  2.452978E-05  1.185543E-06
   1.292500E+03  2.431959E-05  1.180763E-06
   1.297500E+03  2.426229E-05  1.179062E-06
   1.302500E+03  2.457429E-05  1.187234E-06
   1.307500E+03  2.485442E-05  1.193364E-06
   1.312500E+03  2.537659E-05  1.205833E-06
   1.317500E+03  2.556769E-05  1.210363E-06
   1.322500E+03  2.512832E-05  1.200223E-06
   1.327500E+03  2.515373E-05  1.200831E-06
   1.332500E+03  2.521733E-05  1.202045E-06
   1.337500E+03  2.510915E-05  1.199463E-06
   1.342500E+03  2.533203E-05  1.204774E-06
   1.347500E+03  2.497543E-05  1.196265E-06
   1.352500E+03  2.509641E-05  1.199159E-06
   1.357500E+03  2.532559E-05  1.204622E-06
   1.362500E+03  2.650359E-05  1.232318E-06
   1.367500E+03  2.592421E-05  1.219073E-06
   1.372500E+03  2.591147E-05  1.218474E-06
   1.377500E+03  2.598144E-05  1.221017E-06
   1.382500E+03  2.575217E-05  1.214726E-06
   1.387500E+03  2.649086E-05  1.232022E-06
   1.392500E+03  2.654821E-05  1.233354E-06
   1.397500E+03  2.613435E-05  1.223703E-06
   1.402500E+03  2.649079E-05  1.232022E-06
   1.407500E+03  2.668190E-05  1.236751E-06
   1.412500E+03  2.663730E-05  1.235423E-06
   1.417500E+03  2.622975E-05  1.225937E-06
   1.422500E+03  2.649080E-05  1.232022E-06
   1.427500E+03  2.782171E-05  1.262587E-06
   1.432500E+03  2.654171E-05  1.233502E-06
   1.437500E+03  2.598144E-05  1.220419E-06
   1.442500E+03  2.740137E-05  1.253307E-06
   1.447500E+03  2.757969E-05  1.257376E-06
   1.452500E+03  2.676461E-05  1.238667E-06
   1.457500E+03  2.737590E-05  1.253016E-06
   1.462500E+03  2.677736E-05  1.238667E-06
   1.467500E+03  2.752234E-05  1.255779E-06
   1.472500E+03  2.745229E-05  1.254180E-06
   1.477500E+03  2.801260E-05  1.266914E-06
   1.482500E+03  2.773877E-05  1.260997E-06
   1.487500E+03  2.767512E-05  1.259260E-06
   1.492500E+03  2.810813E-05  1.269360E-06
   1.497500E+03  2.782160E-05  1.262587E-06
   1.502500E+03  2.784704E-05  1.263454E-06
   1.507500E+03  2.789155E-05  1.264176E-06
   1.512500E+03  2.893589E-05  1.287622E-06
   1.517500E+03  2.938163E-05  1.297501E-06
   1.522500E+03  2.898684E-05  1.289887E-06
   1.527500E+03  2.853471E-05  1.278666E-06
   1.532500E+03  2.835016E-05  1.274522E-06
   1.537500E+03  2.863661E-05  1.280947E-06
   1.542500E+03  2.846469E-05  1.277096E-06
   1.547500E+03  2.910148E-05  1.291300E-06
   1.552500E+03  2.948342E-05  1.299748E-06
   1.557500E+03  2.856659E-05  1.279379E-06
   1.562500E+03  2.974454E-05  1.305489E-06
   1.567500E+03  2.888487E-05  1.286772E-06
   1.572500E+03  2.948986E-05  1.300169E-06
   1.577500E+03  2.942617E-05  1.298484E-06
   1.582500E+03  2.980182E-05  1.306746E-06
   1.587500E+03  2.979544E-05  1.307165E-06
   1.592500E+03  3.038127E-05  1.319664E-06
   1.597500E+03  2.955354E-05  1.301291E-06
   1.602500E+03  3.024115E-05  1.316620E-06
   1.607500E+03  2.978907E-05  1.306746E-06
   1.612500E+03  3.044492E-05  1.320769E-06
   1.617500E+03  3.062322E-05  1.324631E-06
   1.622500E+03  3.060408E-05  1.324217E-06
   1.627500E+03  3.060413E-05  1.324493E-06
   1.632500E+03  3.118991E-05  1.336830E-06
   1.637500E+03  3.082697E-05  1.329304E-06
   1.642500E+03  3.071233E-05  1.326557E-06
   1.647500E+03  3.125996E-05  1.338330E-06
   1.652500E+03  3.074422E-05  1.327519E-06
   1.657500E+03  3.134908E-05  1.340781E-06
   1.662500E+03  3.070595E-05  1.326420E-06
   1.667500E+03  3.210687E-05  1.356336E-06
   1.672500E+03  3.173117E-05  1.348378E-06
   1.677500E+03  3.068050E-05  1.326145E-06
   1.682500E+03  3.264812E-05  1.367719E-06
   1.687500E+03  3.083330E-05  1.329167E-06
   1.692500E+03  3.188394E-05  1.351621E-06
   1.697500E+03  3.268632E-05  1.368519E-06
   1.702500E+03  3.108796E-05  1.334645E-06
   1.707500E+03  3.249518E-05  1.364515E-06
   1.712500E+03  3.312564E-05  1.377685E-06
   1.717500E+03  3.224055E-05  1.359157E-06
   1.722500E+03  3.304925E-05  1.376095E-06
   1.727500E+03  3.237430E-05  1.361972E-06
   1.732500E+03  3.299828E-05  1.375034E-06
   1.737500E+03  3.244430E-05  1.363980E-06
   1.742500E+03  3.259075E-05  1.367052E-06
   1.747500E+03  3.275624E-05  1.370251E-06
   1.752500E+03  3.303003E-05  1.375697E-06
   1.757500E+03  3.262255E-05  1.367185E-06
   1.762500E+03  3.340575E-05  1.383498E-06
   1.767500E+03  3.353310E-05  1.386659E-06
   1.772500E+03  3.370499E-05  1.389681E-06
   1.777500E+03  3.313829E-05  1.377950E-06
   1.782500E+03  3.439907E-05  1.403914E-06
   1.787500E+03  3.444367E-05  1.405083E-06
   1.792500E+03  3.424626E-05  1.400793E-06
   1.797500E+03  3.342484E-05  1.383893E-06
   1.802500E+03  3.459654E-05  1.408195E-06
   1.807500E+03  3.470476E-05  1.410137E-06
   1.812500E+03  3.494034E-05  1.414915E-06
   1.817500E+03  3.420167E-05  1.399881E-06
   1.822500E+03  3.423986E-05  1.400662E-06
   1.827500E+03  3.476201E-05  1.411817E-06
   1.832500E+03  3.426536E-05  1.401183E-06
   1.837500E+03  3.513130E-05  1.419034E-06
   1.842500E+03  3.466652E-05  1.409360E-06
   1.847500E+03  3.473651E-05  1.410783E-06
   1.852500E+03  3.553884E-05  1.427236E-06
   1.857500E+03  3.515680E-05  1.419291E-06
   1.862500E+03  3.537964E-05  1.423782E-06
   1.867500E+03  3.557709E-05  1.427747E-06
   1.872500E+03  3.608009E-05  1.437804E-06
   1.877500E+03  3.597178E-05  1.435646E-06
   1.882500E+03  3.577452E-05  1.431702E-06
   1.887500E+03  3.527778E-05  1.421730E-06
   1.892500E+03  3.667858E-05  1.449680E-06
   1.897500E+03  3.588900E-05  1.433993E-06
   1.902500E+03  3.563439E-05  1.428897E-06
   1.907500E+03  3.612460E-05  1.438692E-06
   1.912500E+03  3.664045E-05  1.449176E-06
   1.917500E+03  3.674867E-05  1.451315E-06
   1.922500E+03  3.678046E-05  1.451943E-06
   1.927500E+03  3.805399E-05  1.476853E-06
   1.932500E+03  3.708608E-05  1.457960E-06
   1.937500E+03  3.696509E-05  1.455581E-06
   1.942500E+03  3.751908E-05  1.466193E-06
   1.947500E+03  3.794577E-05  1.474505E-06
   1.952500E+03  3.765281E-05  1.469052E-06
   1.957500E+03  3.702881E-05  1.456583E-06
   1.962500E+03  3.883713E-05  1.491966E-06
   1.967500E+03  3.778656E-05  1.471409E-06
   1.972500E+03  3.830870E-05  1.481539E-06
   1.977500E+03  3.839149E-05  1.483384E-06
   1.982500E+03  3.862706E-05  1.487681E-06
   1.987500E+03  3.758912E-05  1.467561E-06
   1.992500E+03  3.832777E-05  1.481908E-06
   1.997500E+03  3.851880E-05  1.485596E-06
   2.002500E+03  3.918739E-05  1.498431E-06
   2.007500E+03  3.851881E-05  1.485596E-06
   2.012500E+03  3.944209E-05  1.503292E-06
   2.017500E+03  3.869703E-05  1.489274E-06
   2.022500E+03  3.897724E-05  1.494409E-06
   2.027500E+03  3.985600E-05  1.511158E-06
   2.032500E+03  4.007246E-05  1.515497E-06
   2.037500E+03  3.942932E-05  1.503292E-06
   2.042500E+03  3.855701E-05  1.486332E-06
   2.047500E+03  3.918737E-05  1.498431E-06
   2.052500E+03  3.948028E-05  1.504020E-06
   2.057500E+03  3.990054E-05  1.512244E-06
   2.062500E+03  4.039085E-05  1.521502E-06
   2.067500E+03  3.998968E-05  1.513690E-06
   2.072500E+03  4.037170E-05  1.520903E-06
   2.077500E+03  4.067102E-05  1.526529E-06
   2.082500E+03  4.058821E-05  1.524975E-06
   2.087500E+03  4.207187E-05  1.552591E-06
   2.092500E+03  4.162612E-05  1.544583E-06
   2.097500E+03  4.137143E-05  1.539615E-06
   2.102500E+03  4.101483E-05  1.532967E-06
   2.107500E+03  4.149880E-05  1.542219E-06
   2.112500E+03  4.201456E-05  1.552004E-06
   2.117500E+03  4.211643E-05  1.553413E-06
   2.122500E+03  4.200821E-05  1.551651E-06
   2.127500E+03  4.251119E-05  1.560676E-06
   2.132500E+03  4.259403E-05  1.562428E-06
   2.137500E+03  4.235842E-05  1.557868E-06
   2.142500E+03  4.302062E-05  1.570229E-06
   2.147500E+03  4.186809E-05  1.548828E-06
   2.152500E+03  4.260674E-05  1.562428E-06
   2.157500E+03  4.299512E-05  1.569532E-06
   2.162500E+03  4.257491E-05  1.561844E-06
   2.167500E+03  4.294418E-05  1.568835E-06
   2.172500E+03  4.298878E-05  1.569416E-06
   2.177500E+03  4.291869E-05  1.568370E-06
   2.182500E+03  4.337715E-05  1.576489E-06
   2.187500E+03  4.314159E-05  1.572202E-06
   2.192500E+03  4.387383E-05  1.585717E-06
   2.197500E+03  4.402030E-05  1.588130E-06
   2.202500E+03  4.395025E-05  1.587096E-06
   2.207500E+03  4.376560E-05  1.583530E-06
   2.212500E+03  4.402665E-05  1.588245E-06
   2.217500E+03  4.470161E-05  1.600827E-06
   2.222500E+03  4.458706E-05  1.598318E-06
   2.227500E+03  4.458064E-05  1.598204E-06
   2.232500E+03  4.407759E-05  1.589164E-06
   2.237500E+03  4.478437E-05  1.601852E-06
   2.242500E+03  4.433229E-05  1.593748E-06
   2.247500E+03  4.488626E-05  1.603672E-06
   2.252500E+03  4.411581E-05  1.589852E-06
   2.257500E+03  4.607700E-05  1.624800E-06
   2.262500E+03  4.585415E-05  1.620867E-06
   2.267500E+03  4.606430E-05  1.624575E-06
   2.272500E+03  4.565040E-05  1.617262E-06
   2.277500E+03  4.541477E-05  1.613084E-06
   2.282500E+03  4.558032E-05  1.616021E-06
   2.287500E+03  4.669460E-05  1.635652E-06
   2.292500E+03  4.567585E-05  1.617713E-06
   2.297500E+03  4.667561E-05  1.635317E-06
   2.302500E+03  4.645269E-05  1.631409E-06
   2.307500E+03  4.692391E-05  1.639883E-06
   2.312500E+03  4.764349E-05  1.652182E-06
   2.317500E+03  4.706394E-05  1.642106E-06
   2.322500E+03  4.670104E-05  1.635986E-06
   2.327500E+03  4.695568E-05  1.640217E-06
   2.332500E+03  4.782171E-05  1.655269E-06
   2.337500E+03  4.740141E-05  1.648203E-06
   2.342500E+03  4.738871E-05  1.647760E-06
   2.347500E+03  4.889785E-05  1.673786E-06
   2.352500E+03  4.784719E-05  1.655710E-06
   2.357500E+03  4.792354E-05  1.657031E-06
   2.362500E+03  4.861765E-05  1.668985E-06
   2.367500E+03  4.853479E-05  1.667782E-06
   2.372500E+03  4.780259E-05  1.654939E-06
   2.377500E+03  4.929896E-05  1.680636E-06
   2.382500E+03  4.871314E-05  1.670623E-06
   2.387500E+03  4.831835E-05  1.663841E-06
   2.392500E+03  4.942634E-05  1.682805E-06
   2.397500E+03  5.025412E-05  1.696835E-06
   2.402500E+03  4.953461E-05  1.684646E-06
   2.407500E+03  4.876406E-05  1.671496E-06
   2.412500E+03  4.901878E-05  1.675855E-06
   2.417500E+03  4.919070E-05  1.678790E-06
   2.422500E+03  5.008216E-05  1.693931E-06
   2.427500E+03  4.999304E-05  1.692423E-06
   2.432500E+03  5.072527E-05  1.704984E-06
   2.437500E+03  5.059160E-05  1.702522E-06
   2.442500E+03  5.233629E-05  1.731623E-06
   2.447500E+03  5.063617E-05  1.703271E-06
   2.452500E+03  5.161040E-05  1.719787E-06
   2.457500E+03  5.089718E-05  1.707656E-06
   2.462500E+03  5.082715E-05  1.706480E-06
   2.467500E+03  5.110101E-05  1.711070E-06
   2.472500E+03  5.163584E-05  1.719999E-06
   2.477500E+03  5.184599E-05  1.723706E-06
   2.482500E+03  5.113919E-05  1.711922E-06
   2.487500E+03  5.189053E-05  1.724235E-06
   2.492500E+03  5.232359E-05  1.731412E-06
   2.497500E+03  5.140658E-05  1.716178E-06
   2.502500E+03  5.341876E-05  1.749435E-06
   2.507500E+03  5.182047E-05  1.723071E-06
   2.512500E+03  5.320226E-05  1.745887E-06
   2.517500E+03  5.353342E-05  1.751310E-06
   2.522500E+03  5.254636E-05  1.735095E-06
   2.527500E+03  5.359708E-05  1.752351E-06
   2.532500E+03  5.419564E-05  1.762106E-06
   2.537500E+03  5.383904E-05  1.756301E-06
   2.542500E+03  5.469868E-05  1.770263E-06
   2.547500E+03  5.363522E-05  1.752975E-06
   2.552500E+03  5.377533E-05  1.755263E-06
   2.557500E+03  5.418289E-05  1.761899E-06
   2.562500E+03  5.445663E-05  1.766344E-06
   2.567500E+03  5.511891E-05  1.777049E-06
   2.572500E+03  5.397272E-05  1.758480E-06
   2.577500E+03  5.513165E-05  1.777254E-06
   2.582500E+03  5.473047E-05  1.770778E-06
   2.587500E+03  5.512523E-05  1.777152E-06
   2.592500E+03  5.522713E-05  1.778793E-06
   2.597500E+03  5.495969E-05  1.774482E-06
   2.602500E+03  5.648792E-05  1.798977E-06
   2.607500E+03  5.629691E-05  1.795933E-06
   2.612500E+03  5.535451E-05  1.780842E-06
   2.617500E+03  5.569834E-05  1.786363E-06
   2.622500E+03  5.626503E-05  1.795426E-06
   2.627500E+03  5.650066E-05  1.799180E-06
   2.632500E+03  5.583203E-05  1.788506E-06
   2.637500E+03  5.628415E-05  1.795730E-06
   2.642500E+03  5.688273E-05  1.805251E-06
   2.647500E+03  5.767869E-05  1.817834E-06
   2.652500E+03  5.664072E-05  1.801408E-06
   2.657500E+03  5.816261E-05  1.825442E-06
   2.662500E+03  5.799706E-05  1.822843E-06
   2.667500E+03  5.715650E-05  1.809589E-06
   2.672500E+03  5.672351E-05  1.802724E-06
   2.677500E+03  5.718833E-05  1.810093E-06
   2.682500E+03  5.828355E-05  1.827339E-06
   2.687500E+03  5.861469E-05  1.832521E-06
   2.692500E+03  5.791427E-05  1.821542E-06
   2.697500E+03  5.885029E-05  1.836199E-06
   2.702500E+03  5.869748E-05  1.833814E-06
   2.707500E+03  5.877386E-05  1.835007E-06
   2.712500E+03  5.977359E-05  1.850543E-06
   2.717500E+03  5.921959E-05  1.841950E-06
   2.722500E+03  5.948709E-05  1.846103E-06
   2.727500E+03  5.914956E-05  1.840861E-06
   2.732500E+03  5.958890E-05  1.847683E-06
   2.737500E+03  5.951885E-05  1.846597E-06
   2.742500E+03  6.016202E-05  1.856544E-06
   2.747500E+03  5.932781E-05  1.843632E-06
   2.752500E+03  6.056953E-05  1.862820E-06
   2.757500E+03  6.106616E-05  1.870439E-06
   2.762500E+03  6.047400E-05  1.861351E-06
   2.767500E+03  6.070323E-05  1.864874E-06
   2.772500E+03  6.125084E-05  1.873264E-06
   2.777500E+03  6.104074E-05  1.870049E-06
   2.782500E+03  6.049310E-05  1.861645E-06
   2.787500E+03  6.125086E-05  1.873265E-06
   2.792500E+03  6.134634E-05  1.874724E-06
   2.797500E+03  6.189398E-05  1.883070E-06
   2.802500E+03  6.255619E-05  1.893115E-06
   2.807500E+03  6.271539E-05  1.895521E-06
   2.812500E+03  6.308472E-05  1.901092E-06
   2.817500E+03  6.188757E-05  1.882974E-06
   2.822500E+03  6.356229E-05  1.908273E-06
   2.827500E+03  6.465756E-05  1.924638E-06
   2.832500E+03  6.340945E-05  1.905978E-06
   2.837500E+03  6.344768E-05  1.906552E-06
   2.842500E+03  6.372147E-05  1.910660E-06
   2.847500E+03  6.295101E-05  1.899077E-06
   2.852500E+03  6.409078E-05  1.916187E-06
   2.857500E+03  6.510962E-05  1.931353E-06
   2.862500E+03  6.555531E-05  1.937950E-06
   2.867500E+03  6.356229E-05  1.908273E-06
   2.872500E+03  6.421816E-05  1.918089E-06
   2.877500E+03  6.509688E-05  1.931164E-06
   2.882500E+03  6.420537E-05  1.917899E-06
   2.887500E+03  6.537702E-05  1.935314E-06
   2.892500E+03  6.502046E-05  1.930031E-06
   2.897500E+03  6.544709E-05  1.936350E-06
   2.902500E+03  6.525602E-05  1.933523E-06
   2.907500E+03  6.508414E-05  1.930975E-06
   2.912500E+03  6.633217E-05  1.949395E-06
   2.917500E+03  6.686072E-05  1.957144E-06
   2.922500E+03  6.616660E-05  1.946962E-06
   2.927500E+03  6.531969E-05  1.934466E-06
   2.932500E+03  6.719815E-05  1.962075E-06
   2.937500E+03  6.813423E-05  1.975689E-06
   2.942500E+03  6.699444E-05  1.959099E-06
   2.947500E+03  6.692433E-05  1.958075E-06
   2.952500E+03  6.770123E-05  1.969403E-06
   2.957500E+03  6.733191E-05  1.964026E-06
   2.962500E+03  6.821062E-05  1.976796E-06
   2.967500E+03  6.884739E-05  1.985998E-06
   2.972500E+03  6.819149E-05  1.976519E-06
   2.977500E+03  6.767574E-05  1.969033E-06
   2.982500E+03  6.898108E-05  1.987926E-06
   2.987500E+03  7.031830E-05  2.007095E-06
   2.992500E+03  6.915939E-05  1.990492E-06
   2.997500E+03  6.931222E-05  1.992689E-06
   3.002500E+03  7.007635E-05  2.003639E-06
   3.007500E+03  6.882188E-05  1.985631E-06
   3.012500E+03  6.896835E-05  1.987742E-06
   3.017500E+03  7.038835E-05  2.008094E-06
   3.022500E+03  7.047750E-05  2.009364E-06
   3.027500E+03  6.917849E-05  1.990767E-06
   3.032500E+03  7.003174E-05  2.003002E-06
   3.037500E+03  7.073220E-05  2.012991E-06
   3.042500E+03  7.092323E-05  2.015706E-06
   3.047500E+03  7.091684E-05  2.015616E-06
   3.052500E+03  7.120977E-05  2.019773E-06
   3.057500E+03  7.238777E-05  2.036405E-06
   3.062500E+03  7.189746E-05  2.029499E-06
   3.067500E+03  7.163000E-05  2.025722E-06
   3.072500E+03  7.258518E-05  2.039178E-06
   3.077500E+03  7.124154E-05  2.020224E-06
   3.082500E+03  7.240688E-05  2.036673E-06
   3.087500E+03  7.261697E-05  2.039625E-06
   3.092500E+03  7.211394E-05  2.032551E-06
   3.097500E+03  7.187195E-05  2.029139E-06
   3.102500E+03  7.261061E-05  2.039536E-06
   3.107500E+03  7.239411E-05  2.036494E-06
   3.112500E+03  7.339382E-05  2.050502E-06
   3.117500E+03  7.440628E-05  2.064592E-06
   3.122500E+03  7.536781E-05  2.077884E-06
   3.127500E+03  7.496665E-05  2.072349E-06
   3.132500E+03  7.438720E-05  2.064327E-06
   3.137500E+03  7.461640E-05  2.067504E-06
   3.142500E+03  7.426620E-05  2.062648E-06
   3.147500E+03  7.383319E-05  2.056628E-06
   3.152500E+03  7.463553E-05  2.067769E-06
   3.157500E+03  7.555246E-05  2.080427E-06
   3.162500E+03  7.625290E-05  2.090045E-06
   3.167500E+03  7.694060E-05  2.099445E-06
   3.172500E+03  7.669862E-05  2.096142E-06
   3.177500E+03  7.595361E-05  2.085941E-06
   3.182500E+03  7.666676E-05  2.095707E-06
   3.187500E+03  7.645662E-05  2.092834E-06
   3.192500E+03  7.737357E-05  2.105342E-06
   3.197500E+03  7.782572E-05  2.111481E-06
   3.202500E+03  7.671134E-05  2.096316E-06
   3.207500E+03  7.578169E-05  2.083580E-06
   3.212500E+03  7.713160E-05  2.102049E-06
   3.217500E+03  7.937940E-05  2.132446E-06
   3.222500E+03  7.826504E-05  2.117431E-06
   3.227500E+03  7.786389E-05  2.112000E-06
   3.232500E+03  7.904192E-05  2.127910E-06
   3.237500E+03  7.890819E-05  2.126110E-06
   3.242500E+03  7.843696E-05  2.119755E-06
   3.247500E+03  7.949402E-05  2.133984E-06
   3.252500E+03  7.867892E-05  2.123020E-06
   3.257500E+03  7.967230E-05  2.136375E-06
   3.262500E+03  8.028996E-05  2.144637E-06
   3.267500E+03  7.897184E-05  2.126967E-06
   3.272500E+03  7.948125E-05  2.133813E-06
   3.277500E+03  8.146159E-05  2.160222E-06
   3.282500E+03  8.098404E-05  2.153883E-06
   3.287500E+03  8.066561E-05  2.149647E-06
   3.292500E+03  8.133425E-05  2.158533E-06
   3.297500E+03  8.221932E-05  2.170242E-06
   3.302500E+03  8.170993E-05  2.163511E-06
   3.307500E+03  8.103494E-05  2.154560E-06
   3.312500E+03  8.179268E-05  2.164606E-06
   3.317500E+03  8.255044E-05  2.174606E-06
   3.322500E+03  8.178634E-05  2.164522E-06
   3.327500E+03  8.183088E-05  2.165111E-06
   3.332500E+03  8.271600E-05  2.176784E-06
   3.337500E+03  8.314900E-05  2.182472E-06
   3.342500E+03  8.324452E-05  2.183725E-06
   3.347500E+03  8.401501E-05  2.193803E-06
   3.352500E+03  8.346738E-05  2.186645E-06
   3.357500E+03  8.283058E-05  2.178291E-06
   3.362500E+03  8.479822E-05  2.204001E-06
   3.367500E+03  8.398953E-05  2.193471E-06
   3.372500E+03  8.502746E-05  2.206977E-06
   3.377500E+03  8.449892E-05  2.200110E-06
   3.382500E+03  8.387492E-05  2.191974E-06
   3.387500E+03  8.326358E-05  2.183975E-06
   3.392500E+03  8.571512E-05  2.215880E-06
   3.397500E+03  8.435882E-05  2.198286E-06
   3.402500E+03  8.610355E-05  2.220893E-06
   3.407500E+03  8.685496E-05  2.230558E-06
   3.412500E+03  8.567055E-05  2.215304E-06
   3.417500E+03  8.554321E-05  2.213657E-06
   3.422500E+03  8.595075E-05  2.218922E-06
   3.427500E+03  8.719244E-05  2.234885E-06
   3.432500E+03  8.734527E-05  2.236842E-06
   3.437500E+03  8.695048E-05  2.231784E-06
   3.442500E+03  8.681672E-05  2.230068E-06
   3.447500E+03  8.788014E-05  2.243678E-06
   3.452500E+03  8.909634E-05  2.259143E-06
   3.457500E+03  8.781009E-05  2.242784E-06
   3.462500E+03  8.784830E-05  2.243272E-06
   3.467500E+03  8.896902E-05  2.257529E-06
   3.472500E+03  9.023617E-05  2.273542E-06
   3.477500E+03  8.963124E-05  2.265911E-06
   3.482500E+03  8.910910E-05  2.259305E-06
   3.487500E+03  8.917274E-05  2.260111E-06
   3.492500E+03  8.930650E-05  2.261805E-06
   3.497500E+03  8.970129E-05  2.266796E-06
   3.502500E+03  9.040807E-05  2.275705E-06
   3.507500E+03  9.138233E-05  2.287929E-06
   3.512500E+03  8.975858E-05  2.267520E-06
   3.517500E+03  9.139506E-05  2.288088E-06
   3.522500E+03  9.103209E-05  2.283542E-06
   3.527500E+03  9.156063E-05  2.290159E-06
   3.532500E+03  9.163067E-05  2.291034E-06
   3.537500E+03  9.247121E-05  2.301513E-06
   3.542500E+03  9.133137E-05  2.287291E-06
   3.547500E+03  9.316526E-05  2.310130E-06
   3.552500E+03  9.207002E-05  2.296518E-06
   3.557500E+03  9.315888E-05  2.310051E-06
   3.562500E+03  9.302516E-05  2.308394E-06
   3.567500E+03  9.373834E-05  2.317221E-06
   3.572500E+03  9.494820E-05  2.332120E-06
   3.577500E+03  9.380839E-05  2.318086E-06
   3.582500E+03  9.419044E-05  2.322800E-06
   3.587500E+03  9.388482E-05  2.319030E-06
   3.592500E+03  9.402488E-05  2.320759E-06
   3.597500E+03  9.428594E-05  2.323977E-06
   3.602500E+03  9.625991E-05  2.348167E-06
   3.607500E+03  9.556583E-05  2.339690E-06
   3.612500E+03  9.569956E-05  2.341325E-06
   3.617500E+03  9.587149E-05  2.343427E-06
   3.622500E+03  9.756528E-05  2.364027E-06
   3.627500E+03  9.655918E-05  2.351812E-06
   3.632500E+03  9.603705E-05  2.345448E-06
   3.637500E+03  9.593515E-05  2.344204E-06
   3.642500E+03  9.755255E-05  2.363873E-06
   3.647500E+03  9.704314E-05  2.357696E-06
   3.652500E+03  9.696037E-05  2.356690E-06
   3.657500E+03  9.764167E-05  2.364952E-06
   3.662500E+03  9.794734E-05  2.368649E-06
   3.667500E+03  9.769262E-05  2.365569E-06
   3.672500E+03  9.844403E-05  2.374644E-06
   3.677500E+03  1.000614E-04  2.394062E-06
   3.682500E+03  9.845675E-05  2.374797E-06
   3.687500E+03  9.815747E-05  2.371187E-06
   3.692500E+03  9.938004E-05  2.385901E-06
   3.697500E+03  9.885789E-05  2.379628E-06
   3.702500E+03  1.007173E-04  2.401891E-06
   3.707500E+03  1.010739E-04  2.406137E-06
   3.712500E+03  1.002715E-04  2.396573E-06
   3.717500E+03  1.024683E-04  2.422671E-06
   3.722500E+03  1.011375E-04  2.406895E-06
   3.727500E+03  1.019844E-04  2.416946E-06
   3.732500E+03  1.019208E-04  2.416192E-06
   3.737500E+03  1.028377E-04  2.427030E-06
   3.742500E+03  1.031433E-04  2.430633E-06
   3.747500E+03  1.020099E-04  2.417248E-06
   3.752500E+03  1.033471E-04  2.433031E-06
   3.757500E+03  1.018443E-04  2.415286E-06
   3.762500E+03  1.032197E-04  2.431532E-06
   3.767500E+03  1.040603E-04  2.441407E-06
   3.772500E+03  1.035954E-04  2.435951E-06
   3.777500E+03  1.032134E-04  2.431457E-06
   3.782500E+03  1.059833E-04  2.463851E-06
   3.787500E+03  1.053593E-04  2.456590E-06
   3.792500E+03  1.056394E-04  2.459853E-06
   3.797500E+03  1.061616E-04  2.465921E-06
   3.802500E+03  1.065182E-04  2.470057E-06
   3.807500E+03  1.053529E-04  2.456516E-06
   3.812500E+03  1.065755E-04  2.470721E-06
   3.817500E+03  1.085876E-04  2.493923E-06
   3.822500E+03  1.073651E-04  2.479852E-06
   3.827500E+03  1.092690E-04  2.501731E-06
   3.832500E+03  1.084730E-04  2.492608E-06
   3.837500E+03  1.066009E-04  2.471016E-06
   3.842500E+03  1.082502E-04  2.490047E-06
   3.847500E+03  1.086068E-04  2.494143E-06
   3.852500E+03  1.094664E-04  2.503989E-06
   3.857500E+03  1.087086E-04  2.495312E-06
   3.862500E+03  1.100650E-04  2.510821E-06
   3.867500E+03  1.084539E-04  2.492388E-06
   3.872500E+03  1.099822E-04  2.509877E-06
   3.877500E+03  1.100331E-04  2.510458E-06
   3.882500E+03  1.103260E-04  2.513796E-06
   3.887500E+03  1.118797E-04  2.531425E-06
   3.892500E+03  1.094600E-04  2.503916E-06
   3.897500E+03  1.107017E-04  2.518070E-06
   3.902500E+03  1.121344E-04  2.534303E-06
   3.907500E+03  1.124783E-04  2.538184E-06
   3.912500E+03  1.132997E-04  2.547430E-06
   3.917500E+03  1.117715E-04  2.530201E-06
   3.922500E+03  1.143695E-04  2.559421E-06
   3.927500E+03  1.138537E-04  2.553646E-06
   3.932500E+03  1.143440E-04  2.559136E-06
   3.937500E+03  1.141721E-04  2.557212E-06
   3.942500E+03  1.142485E-04  2.558067E-06
   3.947500E+03  1.152100E-04  2.568803E-06
   3.952500E+03  1.140893E-04  2.556286E-06
   3.957500E+03  1.176424E-04  2.595763E-06
   3.962500E+03  1.174323E-04  2.593445E-06
   3.967500E+03  1.165727E-04  2.583941E-06
   3.972500E+03  1.159677E-04  2.577232E-06
   3.977500E+03  1.166300E-04  2.584576E-06
   3.982500E+03  1.160060E-04  2.577656E-06
   3.987500E+03  1.174641E-04  2.593797E-06
   3.992500E+03  1.185084E-04  2.605294E-06
   3.997500E+03  1.174832E-04  2.594008E-06
   4.002500E+03  1.178207E-04  2.597729E-06
   4.007500E+03  1.192025E-04  2.612908E-06
   4.012500E+03  1.205015E-04  2.627098E-06
   4.017500E+03  1.204506E-04  2.626543E-06
   4.022500E+03  1.198966E-04  2.620499E-06
   4.027500E+03  1.205652E-04  2.627791E-06
   4.032500E+03  1.197246E-04  2.618621E-06
   4.037500E+03  1.202723E-04  2.624599E-06
   4.042500E+03  1.218897E-04  2.642177E-06
   4.047500E+03  1.218132E-04  2.641349E-06
   4.052500E+03  1.226410E-04  2.650303E-06
   4.057500E+03  1.227684E-04  2.651678E-06
   4.062500E+03  1.244749E-04  2.670033E-06
   4.067500E+03  1.250098E-04  2.675760E-06
   4.072500E+03  1.233224E-04  2.657651E-06
   4.077500E+03  1.259713E-04  2.686024E-06
   4.082500E+03  1.252645E-04  2.678483E-06
   4.087500E+03  1.251945E-04  2.677734E-06
   4.092500E+03  1.256975E-04  2.683105E-06
   4.097500E+03  1.289577E-04  2.717656E-06
   4.102500E+03  1.264489E-04  2.691108E-06
   4.107500E+03  1.268437E-04  2.695303E-06
   4.112500E+03  1.264680E-04  2.691311E-06
   4.117500E+03  1.267482E-04  2.694288E-06
   4.122500E+03  1.285502E-04  2.713362E-06
   4.127500E+03  1.289768E-04  2.717858E-06
   4.132500E+03  1.286648E-04  2.714570E-06
   4.137500E+03  1.296900E-04  2.725357E-06
   4.142500E+03  1.288622E-04  2.716650E-06
   4.147500E+03  1.301676E-04  2.730367E-06
   4.152500E+03  1.304223E-04  2.733035E-06
   4.157500E+03  1.310845E-04  2.739960E-06
   4.162500E+03  1.336571E-04  2.766698E-06
   4.167500E+03  1.311801E-04  2.740958E-06
   4.172500E+03  1.323835E-04  2.753494E-06
   4.177500E+03  1.326000E-04  2.755743E-06
   4.182500E+03  1.336634E-04  2.766764E-06
   4.187500E+03  1.332814E-04  2.762809E-06
   4.192500E+03  1.347523E-04  2.778003E-06
   4.197500E+03  1.353827E-04  2.784489E-06
   4.202500E+03  1.363251E-04  2.794157E-06
   4.207500E+03  1.357902E-04  2.788674E-06
   4.212500E+03  1.359813E-04  2.790633E-06
   4.217500E+03  1.376050E-04  2.807234E-06
   4.222500E+03  1.363569E-04  2.794483E-06
   4.227500E+03  1.368727E-04  2.799759E-06
   4.232500E+03  1.363442E-04  2.794352E-06
   4.237500E+03  1.393052E-04  2.824511E-06
   4.242500E+03  1.381908E-04  2.813199E-06
   4.247500E+03  1.392542E-04  2.823995E-06
   4.252500E+03  1.410435E-04  2.842067E-06
   4.257500E+03  1.401011E-04  2.832563E-06
   4.262500E+03  1.400820E-04  2.832370E-06
   4.267500E+03  1.414956E-04  2.846615E-06
   4.272500E+03  1.418650E-04  2.850325E-06
   4.277500E+03  1.414511E-04  2.846167E-06
   4.282500E+03  1.438198E-04  2.869882E-06
   4.287500E+03  1.434887E-04  2.866579E-06
   4.292500E+03  1.445585E-04  2.877237E-06
   4.297500E+03  1.424190E-04  2.855881E-06
   4.302500E+03  1.452016E-04  2.883626E-06
   4.307500E+03  1.459212E-04  2.890757E-06
   4.312500E+03  1.465452E-04  2.896927E-06
   4.317500E+03  1.466598E-04  2.898059E-06
   4.322500E+03  1.474749E-04  2.906095E-06
   4.327500E+03  1.498054E-04  2.928950E-06
   4.332500E+03  1.491878E-04  2.922910E-06
   4.337500E+03  1.501938E-04  2.932742E-06
   4.342500E+03  1.496908E-04  2.927830E-06
   4.347500E+03  1.493852E-04  2.924842E-06
   4.352500E+03  1.520978E-04  2.951258E-06
   4.357500E+03  1.501111E-04  2.931934E-06
   4.362500E+03  1.527345E-04  2.957425E-06
   4.367500E+03  1.522251E-04  2.952492E-06
   4.372500E+03  1.531994E-04  2.961918E-06
   4.377500E+03  1.529956E-04  2.959949E-06
   4.382500E+03  1.562750E-04  2.991479E-06
   4.387500E+03  1.542946E-04  2.972479E-06
   4.392500E+03  1.547849E-04  2.977194E-06
   4.397500E+03  1.568671E-04  2.997137E-06
   4.402500E+03  1.567844E-04  2.996346E-06
   4.407500E+03  1.582362E-04  3.010177E-06
   4.412500E+03  1.569117E-04  2.997562E-06
   4.417500E+03  1.566188E-04  2.994765E-06
   4.422500E+03  1.588284E-04  3.015800E-06
   4.427500E+03  1.595607E-04  3.022738E-06
   4.432500E+03  1.595416E-04  3.022557E-06
   4.437500E+03  1.606432E-04  3.032966E-06
   4.442500E+03  1.619676E-04  3.045434E-06
   4.447500E+03  1.618912E-04  3.044716E-06
   4.452500E+03  1.615601E-04  3.041603E-06
   4.457500E+03  1.637824E-04  3.062434E-06
   4.462500E+03  1.641072E-04  3.065466E-06
   4.467500E+03  1.643937E-04  3.068139E-06
   4.472500E+03  1.635532E-04  3.060291E-06
   4.477500E+03  1.646484E-04  3.070513E-06
   4.482500E+03  1.654635E-04  3.078097E-06
   4.487500E+03  1.676539E-04  3.098387E-06
   4.492500E+03  1.675712E-04  3.097623E-06
   4.497500E+03  1.676349E-04  3.098211E-06
   4.502500E+03  1.694942E-04  3.115331E-06
   4.507500E+03  1.680296E-04  3.101854E-06
   4.512500E+03  1.698317E-04  3.118429E-06
   4.517500E+03  1.710288E-04  3.129391E-06
   4.522500E+03  1.717929E-04  3.136368E-06
   4.527500E+03  1.711816E-04  3.130787E-06
   4.532500E+03  1.734294E-04  3.151258E-06
   4.537500E+03  1.739133E-04  3.155648E-06
   4.542500E+03  1.722196E-04  3.140256E-06
   4.547500E+03  1.762121E-04  3.176416E-06
   4.552500E+03  1.765368E-04  3.179339E-06
   4.557500E+03  1.756836E-04  3.171653E-06
   4.562500E+03  1.762439E-04  3.176703E-06
   4.567500E+03  1.765113E-04  3.179110E-06
   4.572500E+03  1.775875E-04  3.188778E-06
   4.577500E+03  1.775493E-04  3.188435E-06
   4.582500E+03  1.798289E-04  3.208820E-06
   4.587500E+03  1.808732E-04  3.218115E-06
   4.592500E+03  1.792813E-04  3.203935E-06
   4.597500E+03  1.801473E-04  3.211657E-06
   4.602500E+03  1.821849E-04  3.229753E-06
   4.607500E+03  1.830446E-04  3.237357E-06
   4.612500E+03  1.839997E-04  3.245784E-06
   4.617500E+03  1.846938E-04  3.251895E-06
   4.622500E+03  1.845091E-04  3.250270E-06
   4.627500E+03  1.849294E-04  3.253966E-06
   4.632500E+03  1.854388E-04  3.258441E-06
   4.637500E+03  1.855916E-04  3.259782E-06
   4.642500E+03  1.865277E-04  3.267984E-06
   4.647500E+03  1.872154E-04  3.273997E-06
   4.652500E+03  1.885462E-04  3.285603E-06
   4.657500E+03  1.894504E-04  3.293464E-06
   4.662500E+03  1.892339E-04  3.291584E-06
   4.667500E+03  1.894441E-04  3.293409E-06
   4.672500E+03  1.899471E-04  3.297774E-06
   4.677500E+03  1.915390E-04  3.311551E-06
   4.682500E+03  1.942262E-04  3.334677E-06
   4.687500E+03  1.933092E-04  3.326804E-06
   4.692500E+03  1.947419E-04  3.339098E-06
   4.697500E+03  1.942071E-04  3.334514E-06
   4.702500E+03  1.948502E-04  3.340025E-06
   4.707500E+03  1.959072E-04  3.349063E-06
   4.712500E+03  1.984734E-04  3.370905E-06
   4.717500E+03  1.998615E-04  3.382661E-06
   4.722500E+03  1.975883E-04  3.363387E-06
   4.727500E+03  1.998679E-04  3.382715E-06
   4.732500E+03  2.001799E-04  3.385351E-06
   4.737500E+03  2.025805E-04  3.405569E-06
   4.742500E+03  2.015872E-04  3.397218E-06
   4.747500E+03  2.010586E-04  3.392766E-06
   4.752500E+03  2.045545E-04  3.422104E-06
   4.757500E+03  2.070188E-04  3.442635E-06
   4.762500E+03  2.050766E-04  3.426465E-06
   4.767500E+03  2.069169E-04  3.441788E-06
   4.772500E+03  2.070060E-04  3.442529E-06
   4.777500E+03  2.091901E-04  3.460623E-06
   4.782500E+03  2.104891E-04  3.471340E-06
   4.787500E+03  2.129662E-04  3.491684E-06
   4.792500E+03  2.145326E-04  3.504488E-06
   4.797500E+03  2.128452E-04  3.490693E-06
   4.802500E+03  2.143479E-04  3.502981E-06
   4.807500E+03  2.162964E-04  3.518849E-06
   4.812500E+03  2.169141E-04  3.523865E-06
   4.817500E+03  2.178247E-04  3.531245E-06
   4.822500E+03  2.200916E-04  3.549552E-06
   4.827500E+03  2.193593E-04  3.543649E-06
   4.832500E+03  2.226259E-04  3.569907E-06
   4.837500E+03  2.235938E-04  3.577650E-06
   4.842500E+03  2.223011E-04  3.567305E-06
   4.847500E+03  2.226896E-04  3.570417E-06
   4.852500E+03  2.270196E-04  3.604923E-06
   4.857500E+03  2.289426E-04  3.620141E-06
   4.862500E+03  2.316489E-04  3.641450E-06
   4.867500E+03  2.302352E-04  3.630335E-06
   4.872500E+03  2.322156E-04  3.645897E-06
   4.877500E+03  2.347053E-04  3.665367E-06
   4.882500E+03  2.353612E-04  3.670479E-06
   4.887500E+03  2.360616E-04  3.675930E-06
   4.892500E+03  2.383285E-04  3.693517E-06
   4.897500E+03  2.429069E-04  3.728782E-06
   4.902500E+03  2.467593E-04  3.758198E-06
   4.907500E+03  2.513822E-04  3.793195E-06
   4.912500E+03  2.607681E-04  3.863269E-06
   4.917500E+03  2.663462E-04  3.904315E-06
   4.922500E+03  2.611502E-04  3.866094E-06
   4.927500E+03  2.657158E-04  3.899698E-06
   4.932500E+03  2.699503E-04  3.930606E-06
   4.937500E+03  2.794254E-04  3.998897E-06
   4.942500E+03  2.989932E-04  4.136345E-06
   4.947500E+03  3.220250E-04  4.292455E-06
   4.952500E+03  3.387846E-04  4.402554E-06
   4.957500E+03  3.817917E-04  4.673145E-06
   4.962500E+03  4.078737E-04  4.829815E-06
   4.967500E+03  3.838103E-04  4.685459E-06
   4.972500E+03  3.541370E-04  4.501029E-06
   4.977500E+03  3.305385E-04  4.348734E-06
   4.982500E+03  3.026800E-04  4.161730E-06
   4.987500E+03  2.797628E-04  4.001308E-06
   4.992500E+03  2.579154E-04  3.842107E-06
   4.997500E+03  2.671530E-03  1.229054E-05
