 #  Results from PENEPMA.
 #  Energy distribution of upbound photons.
 #  1st column: E (eV).
 #  2nd and 3rd columns: probability density and STU (1/(eV*particle)).

   2.500000E+00  1.000000E-35  1.000000E-35
   7.500001E+00  1.000000E-35  1.000000E-35
   1.250000E+01  1.000000E-35  1.000000E-35
   1.750000E+01  1.000000E-35  1.000000E-35
   2.250000E+01  1.000000E-35  1.000000E-35
   2.750000E+01  1.000000E-35  1.000000E-35
   3.250000E+01  1.000000E-35  1.000000E-35
   3.750000E+01  1.000000E-35  1.000000E-35
   4.250000E+01  1.000000E-35  1.000000E-35
   4.750000E+01  2.229548E-12  4.729585E-12
   5.250001E+01  2.011268E-06  1.596536E-08
   5.750001E+01  1.974824E-06  1.621766E-08
   6.250001E+01  2.321663E-06  4.220314E-08
   6.750001E+01  2.369706E-06  4.632352E-08
   7.250001E+01  1.831110E-06  1.503439E-08
   7.750001E+01  1.651261E-06  1.519705E-08
   8.250001E+01  1.514737E-07  7.101753E-09
   8.750001E+01  1.455429E-07  4.474041E-09
   9.250001E+01  2.969902E-07  5.920570E-09
   9.750001E+01  8.965163E-07  4.414519E-08
   1.025000E+02  5.310108E-07  9.198921E-09
   1.075000E+02  6.419281E-07  7.666884E-09
   1.125000E+02  7.521484E-07  8.162389E-09
   1.175000E+02  8.523591E-07  1.031736E-08
   1.225000E+02  9.127932E-07  9.316062E-09
   1.275000E+02  9.656675E-07  1.012444E-08
   1.325000E+02  9.989451E-07  1.139489E-08
   1.375000E+02  1.260107E-06  3.315148E-08
   1.425000E+02  1.010988E-06  1.147460E-08
   1.475000E+02  9.890192E-07  9.357587E-09
   1.525000E+02  1.294670E-06  3.691101E-08
   1.575000E+02  9.521842E-07  1.068633E-08
   1.625000E+02  9.012672E-07  1.000882E-08
   1.675000E+02  7.976322E-07  9.435110E-09
   1.725000E+02  7.742424E-07  9.240525E-09
   1.775000E+02  7.337648E-07  9.837743E-09
   1.825000E+02  7.070971E-07  8.733694E-09
   1.875000E+02  6.932850E-07  9.903433E-09
   1.925000E+02  6.690022E-07  9.182604E-09
   1.975000E+02  6.426971E-07  7.775048E-09
   2.025000E+02  6.238284E-07  7.762297E-09
   2.075000E+02  6.621801E-07  1.678090E-08
   2.125000E+02  7.155492E-07  2.353003E-08
   2.175000E+02  7.013232E-07  2.360044E-08
   2.225000E+02  5.545801E-07  6.786555E-09
   2.275000E+02  5.442836E-07  7.819461E-09
   2.325000E+02  5.221040E-07  7.126851E-09
   2.375000E+02  4.991664E-07  7.110614E-09
   2.425000E+02  5.368954E-07  1.570457E-08
   2.475000E+02  4.739899E-07  6.600068E-09
   2.525000E+02  4.667267E-07  6.967645E-09
   2.575000E+02  1.020043E-06  4.732876E-08
   2.625000E+02  4.449928E-07  6.316198E-09
   2.675000E+02  4.397835E-07  7.069001E-09
   2.725000E+02  4.267428E-07  5.439949E-09
   2.775000E+02  4.241756E-07  7.057349E-09
   2.825000E+02  4.149041E-07  6.156751E-09
   2.875000E+02  4.085596E-07  6.420620E-09
   2.925000E+02  4.016595E-07  6.145901E-09
   2.975000E+02  3.937804E-07  6.000609E-09
   3.025000E+02  3.870134E-07  5.403527E-09
   3.075000E+02  3.801547E-07  4.905371E-09
   3.125000E+02  8.344254E-07  4.258049E-08
   3.175000E+02  3.742427E-07  6.124175E-09
   3.225000E+02  3.672618E-07  5.386077E-09
   3.275000E+02  3.605601E-07  5.054885E-09
   3.325000E+02  3.562135E-07  5.214759E-09
   3.375000E+02  3.512293E-07  5.210102E-09
   3.425000E+02  3.458485E-07  5.040140E-09
   3.475000E+02  3.431786E-07  5.037541E-09
   3.525000E+02  3.403142E-07  5.514217E-09
   3.575000E+02  3.382602E-07  5.953900E-09
   3.625000E+02  3.322960E-07  5.191616E-09
   3.675000E+02  3.272914E-07  4.489716E-09
   3.725000E+02  3.250579E-07  5.019471E-09
   3.775000E+02  3.195017E-07  4.087375E-09
   3.825000E+02  3.189939E-07  4.664783E-09
   3.875000E+02  3.144122E-07  4.659882E-09
   3.925000E+02  3.113767E-07  4.656523E-09
   3.975000E+02  3.087315E-07  4.468628E-09
   4.025000E+02  3.060992E-07  4.828840E-09
   4.075000E+02  3.012820E-07  3.851872E-09
   4.125000E+02  2.991494E-07  3.849013E-09
   4.175000E+02  2.969786E-07  4.262180E-09
   4.225000E+02  2.944975E-07  3.842778E-09
   4.275000E+02  2.933366E-07  4.257691E-09
   4.325000E+02  2.911252E-07  5.152491E-09
   4.375000E+02  2.848898E-07  3.100086E-09
   4.425000E+02  2.859645E-07  4.442997E-09
   4.475000E+02  2.819730E-07  3.826421E-09
   4.525000E+02  2.795372E-07  3.823102E-09
   4.575000E+02  2.777069E-07  3.593358E-09
   4.625000E+02  2.756323E-07  3.590304E-09
   4.675000E+02  2.719162E-07  2.791779E-09
   4.725000E+02  2.721305E-07  4.028344E-09
   4.775000E+02  2.691232E-07  3.581161E-09
   4.825000E+02  2.661127E-07  2.780985E-09
   4.875000E+02  2.646921E-07  3.330726E-09
   4.925000E+02  2.628908E-07  3.064173E-09
   4.975000E+02  2.599538E-07  2.446560E-09
   5.025001E+02  2.608311E-07  4.014318E-09
   5.075001E+02  2.590255E-07  3.566742E-09
   5.125001E+02  2.544960E-07  2.060077E-09
   5.175001E+02  2.527148E-07  1.593982E-09
   5.225001E+02  1.105654E-05  2.052667E-07
   5.275001E+02  2.502834E-07  1.585872E-09
   5.325001E+02  2.499136E-07  3.308218E-09
   5.375001E+02  2.406933E-07  3.294173E-09
   5.425001E+02  2.294866E-07  3.008690E-09
   5.475001E+02  2.269275E-07  2.377788E-09
   5.525001E+02  2.268082E-07  2.377229E-09
   5.575001E+02  2.239289E-07  1.984119E-09
   5.625001E+02  2.239701E-07  1.984205E-09
   5.675001E+02  4.140269E-05  4.008615E-07
   5.725001E+02  2.215455E-07  1.978280E-09
   5.775001E+02  2.669554E-06  9.778468E-08
   5.825001E+02  2.179394E-07  1.479537E-09
   5.875001E+02  2.164846E-07  1.474688E-09
   5.925001E+02  2.160777E-07  1.473980E-09
   5.975001E+02  2.149327E-07  1.961223E-09
   6.025001E+02  2.135739E-07  1.465211E-09
   6.075001E+02  2.123243E-07  1.460466E-09
   6.125001E+02  2.113756E-07  1.457373E-09
   6.175001E+02  2.095552E-07  1.450884E-09
   6.225001E+02  2.084148E-07  1.447138E-09
   6.275001E+02  2.078797E-07  1.444847E-09
   6.325001E+02  2.069778E-07  1.441757E-09
   6.375001E+02  2.065442E-07  1.440405E-09
   6.425001E+02  2.051897E-07  1.435549E-09
   6.475001E+02  2.044807E-07  1.433325E-09
   6.525001E+02  2.043258E-07  1.432718E-09
   6.575001E+02  2.023069E-07  1.425542E-09
   6.625001E+02  2.025934E-07  1.426530E-09
   6.675001E+02  2.013638E-07  1.422140E-09
   6.725001E+02  2.004741E-07  1.923657E-09
   6.775001E+02  1.987196E-07  1.412810E-09
   6.825001E+02  1.979983E-07  1.410831E-09
   6.875001E+02  1.966260E-07  1.405711E-09
   6.925001E+02  1.964443E-07  1.404990E-09
   6.975001E+02  1.956172E-07  1.402506E-09
   7.025001E+02  1.944634E-07  1.397787E-09
   7.075001E+02  1.932639E-07  1.393748E-09
   7.125001E+02  1.923264E-07  1.390254E-09
   7.175001E+02  3.654383E-06  1.161896E-07
   7.225001E+02  1.906319E-07  1.384000E-09
   7.275001E+02  1.806162E-06  7.972457E-08
   7.325001E+02  7.066822E-08  1.009511E-08
   7.375001E+02  9.684375E-08  9.859609E-10
   7.425001E+02  9.061421E-08  1.611320E-09
   7.475001E+02  5.054719E-08  7.122034E-10
   7.525001E+02  8.319111E-08  9.140018E-10
   7.575001E+02  6.358796E-07  4.625986E-08
   7.625001E+02  9.042376E-08  9.527063E-10
   7.675001E+02  9.246157E-08  9.636810E-10
   7.725001E+02  9.531316E-08  9.780940E-10
   7.775001E+02  9.591848E-08  9.812908E-10
   7.825001E+02  9.694519E-08  9.864060E-10
   7.875001E+02  9.785150E-08  9.914641E-10
   7.925001E+02  9.783589E-08  9.909681E-10
   7.975001E+02  9.880017E-08  9.958439E-10
   8.025001E+02  9.911566E-08  9.974453E-10
   8.075001E+02  9.960616E-08  9.998392E-10
   8.125001E+02  9.974104E-08  1.000937E-09
   8.175001E+02  9.970091E-08  1.000446E-09
   8.225001E+02  1.002538E-07  1.003533E-09
   8.275001E+02  3.547350E-07  3.149507E-08
   8.325001E+02  9.997180E-08  1.002209E-09
   8.375001E+02  1.010732E-07  1.007497E-09
   8.425001E+02  1.015369E-07  1.009381E-09
   8.475001E+02  1.011724E-07  1.007778E-09
   8.525001E+02  1.012181E-07  1.008070E-09
   8.575001E+02  1.012426E-07  1.008170E-09
   8.625001E+02  1.012014E-07  1.007899E-09
   8.675001E+02  1.009550E-07  1.006890E-09
   8.725001E+02  1.014667E-07  1.009355E-09
   8.775001E+02  1.015180E-07  1.009686E-09
   8.825001E+02  1.009517E-07  1.006973E-09
   8.875001E+02  1.011022E-07  1.007508E-09
   8.925001E+02  1.006719E-07  1.005242E-09
   8.975001E+02  1.009751E-07  1.006890E-09
   9.025001E+02  1.014957E-07  1.009410E-09
   9.075001E+02  2.808831E-06  1.027276E-07
   9.125001E+02  1.013229E-07  1.008855E-09
   9.175001E+02  1.015236E-07  1.009592E-09
   9.225001E+02  1.014400E-07  1.009234E-09
   9.275001E+02  1.014366E-07  1.008962E-09
   9.325001E+02  1.011624E-07  1.007628E-09
   9.375001E+02  1.013441E-07  1.008671E-09
   9.425001E+02  1.010843E-07  1.007297E-09
   9.475001E+02  1.007644E-07  1.005945E-09
   9.525001E+02  1.006964E-07  1.005508E-09
   9.575001E+02  2.256139E-07  2.201502E-08
   9.625001E+02  1.013497E-07  1.008444E-09
   9.675001E+02  1.014634E-07  1.009205E-09
   9.725001E+02  1.305584E-06  6.855714E-08
   9.775001E+02  1.007154E-07  1.005424E-09
   9.825001E+02  1.016127E-07  1.010098E-09
   9.875001E+02  1.008224E-07  1.006299E-09
   9.925001E+02  1.008993E-07  1.006481E-09
   9.975001E+02  1.010654E-07  1.007403E-09
   1.002500E+03  9.331660E-08  9.679249E-10
   1.007500E+03  9.420842E-08  9.724768E-10
   1.012500E+03  2.223349E-07  2.235619E-08
   1.017500E+03  9.408468E-08  9.718302E-10
   1.022500E+03  9.490850E-08  9.760506E-10
   1.027500E+03  3.239482E-07  2.995297E-08
   1.032500E+03  9.389963E-08  9.709948E-10
   1.037500E+03  9.436895E-08  9.731966E-10
   1.042500E+03  9.448711E-08  9.738942E-10
   1.047500E+03  9.417944E-08  9.722015E-10
   1.052500E+03  9.382382E-08  9.706052E-10
   1.057500E+03  9.346710E-08  9.686196E-10
   1.062500E+03  9.394310E-08  9.709879E-10
   1.067500E+03  9.237908E-08  9.631725E-10
   1.072500E+03  9.182726E-08  9.602395E-10
   1.077500E+03  9.139362E-08  9.578431E-10
   1.082500E+03  9.164110E-08  9.592015E-10
   1.087500E+03  9.144601E-08  9.581627E-10
   1.092500E+03  9.114279E-08  9.568978E-10
   1.097500E+03  9.118515E-08  9.568382E-10
   1.102500E+03  9.077715E-08  9.545673E-10
   1.107500E+03  9.070469E-08  9.541884E-10
   1.112500E+03  9.048954E-08  9.527221E-10
   1.117500E+03  9.084515E-08  9.552038E-10
   1.122500E+03  9.036914E-08  9.525140E-10
   1.127500E+03  9.040035E-08  9.526541E-10
   1.132500E+03  8.987529E-08  9.499937E-10
   1.137500E+03  8.990093E-08  9.498105E-10
   1.142500E+03  9.021976E-08  9.517663E-10
   1.147500E+03  9.004808E-08  9.503833E-10
   1.152500E+03  8.966572E-08  9.487152E-10
   1.157500E+03  8.968690E-08  9.489681E-10
   1.162500E+03  8.956316E-08  9.480812E-10
   1.167500E+03  8.977719E-08  9.494546E-10
   1.172500E+03  8.971031E-08  9.490087E-10
   1.177500E+03  1.391057E-07  1.391680E-08
   1.182500E+03  8.882629E-08  9.442534E-10
   1.187500E+03  8.902361E-08  9.454259E-10
   1.192500E+03  8.934020E-08  9.472610E-10
   1.197500E+03  8.869921E-08  9.436762E-10
   1.202500E+03  8.873934E-08  9.440306E-10
   1.207500E+03  8.862229E-08  9.434353E-10
   1.212500E+03  8.848963E-08  9.425671E-10
   1.217500E+03  8.896230E-08  9.450311E-10
   1.222500E+03  8.706606E-08  9.349146E-10
   1.227500E+03  8.618985E-08  9.302726E-10
   1.232500E+03  8.674835E-08  9.332527E-10
   1.237500E+03  8.560460E-08  9.272354E-10
   1.242500E+03  8.677622E-08  9.334137E-10
   1.247500E+03  8.577070E-08  9.278520E-10
   1.252500E+03  8.609287E-08  9.296799E-10
   1.257500E+03  8.584762E-08  9.286392E-10
   1.262500E+03  8.566034E-08  9.273787E-10
   1.267500E+03  8.548643E-08  9.263817E-10
   1.272500E+03  8.570493E-08  9.277754E-10
   1.277500E+03  8.580191E-08  9.282730E-10
   1.282500E+03  8.555332E-08  9.268265E-10
   1.287500E+03  8.483206E-08  9.228002E-10
   1.292500E+03  8.474734E-08  9.224994E-10
   1.297500E+03  8.556669E-08  9.270072E-10
   1.302500E+03  8.446641E-08  9.207593E-10
   1.307500E+03  8.452772E-08  9.212009E-10
   1.312500E+03  8.467153E-08  9.220648E-10
   1.317500E+03  8.418326E-08  9.193079E-10
   1.322500E+03  8.429808E-08  9.200407E-10
   1.327500E+03  8.423342E-08  9.195195E-10
   1.332500E+03  8.380535E-08  9.171680E-10
   1.337500E+03  8.368607E-08  9.165307E-10
   1.342500E+03  8.413867E-08  9.192969E-10
   1.347500E+03  8.360023E-08  9.158920E-10
   1.352500E+03  8.346312E-08  9.152298E-10
   1.357500E+03  8.340069E-08  9.150115E-10
   1.362500E+03  8.328698E-08  9.145131E-10
   1.367500E+03  8.260585E-08  9.106273E-10
   1.372500E+03  8.220119E-08  9.083074E-10
   1.377500E+03  8.259582E-08  9.103758E-10
   1.382500E+03  8.202952E-08  9.074248E-10
   1.387500E+03  8.228480E-08  9.090130E-10
   1.392500E+03  8.208526E-08  9.079286E-10
   1.397500E+03  8.219227E-08  9.084431E-10
   1.402500E+03  8.256126E-08  9.105057E-10
   1.407500E+03  8.188794E-08  9.067442E-10
   1.412500E+03  8.176532E-08  9.059082E-10
   1.417500E+03  8.124026E-08  9.030344E-10
   1.422500E+03  8.089691E-08  9.010594E-10
   1.427500E+03  8.114327E-08  9.027086E-10
   1.432500E+03  8.117671E-08  9.029059E-10
   1.437500E+03  8.080438E-08  9.005092E-10
   1.442500E+03  8.053126E-08  8.991179E-10
   1.447500E+03  8.046995E-08  8.988893E-10
   1.452500E+03  8.032949E-08  8.980215E-10
   1.457500E+03  7.981335E-08  8.949844E-10
   1.462500E+03  8.061041E-08  8.994330E-10
   1.467500E+03  8.006751E-08  8.966883E-10
   1.472500E+03  8.041867E-08  8.985048E-10
   1.477500E+03  7.999951E-08  8.964094E-10
   1.482500E+03  7.932731E-08  8.925566E-10
   1.487500E+03  7.972193E-08  8.945117E-10
   1.492500E+03  7.905753E-08  8.908074E-10
   1.497500E+03  7.900179E-08  8.906456E-10
   1.502500E+03  7.934626E-08  8.924621E-10
   1.507500E+03  7.861831E-08  8.882788E-10
   1.512500E+03  7.828499E-08  8.866047E-10
   1.517500E+03  7.856034E-08  8.881165E-10
   1.522500E+03  7.839312E-08  8.871001E-10
   1.527500E+03  7.782013E-08  8.838811E-10
   1.532500E+03  7.788367E-08  8.842021E-10
   1.537500E+03  7.737311E-08  8.812882E-10
   1.542500E+03  7.775101E-08  8.835791E-10
   1.547500E+03  7.741324E-08  8.812745E-10
   1.552500E+03  7.676555E-08  8.776854E-10
   1.557500E+03  7.752249E-08  8.824259E-10
   1.562500E+03  7.671762E-08  8.774891E-10
   1.567500E+03  7.686588E-08  8.785236E-10
   1.572500E+03  7.672319E-08  8.775973E-10
   1.577500E+03  7.663513E-08  8.772617E-10
   1.582500E+03  7.679342E-08  8.779714E-10
   1.587500E+03  7.618699E-08  8.745531E-10
   1.592500E+03  7.609335E-08  8.738518E-10
   1.597500E+03  7.601085E-08  8.735338E-10
   1.602500E+03  7.645119E-08  8.761756E-10
   1.607500E+03  7.555603E-08  8.707752E-10
   1.612500E+03  7.552704E-08  8.707759E-10
   1.617500E+03  7.536317E-08  8.696039E-10
   1.622500E+03  7.544343E-08  8.702962E-10
   1.627500E+03  7.523943E-08  8.691503E-10
   1.632500E+03  7.466198E-08  8.657090E-10
   1.637500E+03  7.456053E-08  8.652398E-10
   1.642500E+03  7.492060E-08  8.673805E-10
   1.647500E+03  7.439889E-08  8.642026E-10
   1.652500E+03  7.377573E-08  8.606321E-10
   1.657500E+03  7.410570E-08  8.623766E-10
   1.662500E+03  7.367429E-08  8.600951E-10
   1.667500E+03  7.362078E-08  8.598103E-10
   1.672500E+03  7.400872E-08  8.618536E-10
   1.677500E+03  7.316038E-08  8.568963E-10
   1.682500E+03  7.308903E-08  8.565194E-10
   1.687500E+03  7.293296E-08  8.556479E-10
   1.692500E+03  7.308011E-08  8.564282E-10
   1.697500E+03  7.246476E-08  8.528444E-10
   1.702500E+03  7.244692E-08  8.527924E-10
   1.707500E+03  7.273453E-08  8.543184E-10
   1.712500E+03  7.225741E-08  8.516946E-10
   1.717500E+03  7.214482E-08  8.509419E-10
   1.722500E+03  7.172901E-08  8.485367E-10
   1.727500E+03  7.196311E-08  8.499665E-10
   1.732500E+03  7.189734E-08  8.495930E-10
   1.737500E+03  7.160415E-08  8.477221E-10
   1.742500E+03  7.118946E-08  8.453143E-10
   1.747500E+03  7.132880E-08  8.463093E-10
   1.752500E+03  7.108690E-08  8.446682E-10
   1.757500E+03  7.080040E-08  8.430382E-10
   1.762500E+03  7.074020E-08  8.425619E-10
   1.767500E+03  7.079260E-08  8.430318E-10
   1.772500E+03  7.029541E-08  8.401599E-10
   1.777500E+03  7.032216E-08  8.401193E-10
   1.782500E+03  6.993868E-08  8.378622E-10
   1.787500E+03  6.976032E-08  8.367979E-10
   1.792500E+03  6.959310E-08  8.357186E-10
   1.797500E+03  6.941251E-08  8.348927E-10
   1.802500E+03  6.985730E-08  8.374302E-10
   1.807500E+03  6.931218E-08  8.340909E-10
   1.812500E+03  6.959867E-08  8.358322E-10
   1.817500E+03  6.874030E-08  8.306849E-10
   1.822500E+03  6.834790E-08  8.284426E-10
   1.827500E+03  6.901899E-08  8.324133E-10
   1.832500E+03  6.847052E-08  8.290875E-10
   1.837500E+03  6.824422E-08  8.276684E-10
   1.842500E+03  6.764670E-08  8.241480E-10
   1.847500E+03  6.808816E-08  8.267121E-10
   1.852500E+03  6.763110E-08  8.239991E-10
   1.857500E+03  6.756087E-08  8.234101E-10
   1.862500E+03  6.756867E-08  8.235933E-10
   1.867500E+03  6.750067E-08  8.231670E-10
   1.872500E+03  6.690315E-08  8.194224E-10
   1.877500E+03  6.747614E-08  8.228550E-10
   1.882500E+03  6.681843E-08  8.190285E-10
   1.887500E+03  6.643383E-08  8.167195E-10
   1.892500E+03  6.663115E-08  8.180217E-10
   1.897500E+03  6.692322E-08  8.197085E-10
   1.902500E+03  6.595225E-08  8.135474E-10
   1.907500E+03  6.609828E-08  8.147186E-10
   1.912500E+03  6.628557E-08  8.157844E-10
   1.917500E+03  6.601914E-08  8.141231E-10
   1.922500E+03  6.538594E-08  8.103234E-10
   1.927500E+03  6.572038E-08  8.121906E-10
   1.932500E+03  6.559218E-08  8.115806E-10
   1.937500E+03  6.509053E-08  8.084993E-10
   1.942500E+03  6.562228E-08  8.116832E-10
   1.947500E+03  6.522988E-08  8.092082E-10
   1.952500E+03  6.519755E-08  8.090362E-10
   1.957500E+03  6.427340E-08  8.031955E-10
   1.962500E+03  6.427563E-08  8.031119E-10
   1.967500E+03  6.379070E-08  8.000743E-10
   1.972500E+03  6.419202E-08  8.026471E-10
   1.977500E+03  6.410730E-08  8.019939E-10
   1.982500E+03  6.395903E-08  8.013346E-10
   1.987500E+03  6.369929E-08  7.996429E-10
   1.992500E+03  6.351312E-08  7.985484E-10
   1.997500E+03  6.333810E-08  7.972558E-10
   2.002500E+03  6.290780E-08  7.945816E-10
   2.007500E+03  6.307948E-08  7.958295E-10
   2.012500E+03  6.277514E-08  7.938734E-10
   2.017500E+03  6.291449E-08  7.946940E-10
   2.022500E+03  6.254773E-08  7.923556E-10
   2.027500E+03  6.250537E-08  7.921165E-10
   2.032500E+03  6.217874E-08  7.902933E-10
   2.037500E+03  6.230805E-08  7.906724E-10
   2.042500E+03  6.165591E-08  7.868230E-10
   2.047500E+03  6.213192E-08  7.897705E-10
   2.052500E+03  6.130922E-08  7.843322E-10
   2.057500E+03  6.137276E-08  7.846943E-10
   2.062500E+03  6.156673E-08  7.861566E-10
   2.067500E+03  6.126574E-08  7.841834E-10
   2.072500E+03  6.113754E-08  7.835228E-10
   2.077500E+03  6.100377E-08  7.825545E-10
   2.082500E+03  6.091793E-08  7.819344E-10
   2.087500E+03  6.042186E-08  7.785410E-10
   2.092500E+03  6.000827E-08  7.758231E-10
   2.097500E+03  6.035163E-08  7.786072E-10
   2.102500E+03  6.005064E-08  7.763986E-10
   2.107500E+03  6.010080E-08  7.767215E-10
   2.112500E+03  5.972401E-08  7.743214E-10
   2.117500E+03  5.998709E-08  7.761622E-10
   2.122500E+03  5.925915E-08  7.711836E-10
   2.127500E+03  5.910531E-08  7.701566E-10
   2.132500E+03  5.926695E-08  7.711037E-10
   2.137500E+03  5.933830E-08  7.716966E-10
   2.142500E+03  5.860812E-08  7.671410E-10
   2.147500E+03  5.889239E-08  7.689332E-10
   2.152500E+03  5.851782E-08  7.663188E-10
   2.157500E+03  5.842864E-08  7.659119E-10
   2.162500E+03  5.861704E-08  7.670679E-10
   2.167500E+03  5.851336E-08  7.662167E-10
   2.172500E+03  5.803401E-08  7.630970E-10
   2.177500E+03  5.824247E-08  7.643885E-10
   2.182500E+03  5.782109E-08  7.618768E-10
   2.187500E+03  5.778765E-08  7.615839E-10
   2.192500E+03  5.726705E-08  7.584091E-10
   2.197500E+03  5.763269E-08  7.605953E-10
   2.202500E+03  5.732724E-08  7.586290E-10
   2.207500E+03  5.675536E-08  7.547021E-10
   2.212500E+03  5.706527E-08  7.566934E-10
   2.217500E+03  5.700619E-08  7.563029E-10
   2.222500E+03  5.635070E-08  7.521649E-10
   2.227500E+03  5.659930E-08  7.538158E-10
   2.232500E+03  5.631057E-08  7.516303E-10
   2.237500E+03  5.606420E-08  7.500790E-10
   2.242500E+03  5.583568E-08  7.487631E-10
   2.247500E+03  5.618683E-08  7.511194E-10
   2.252500E+03  5.577659E-08  7.479349E-10
   2.257500E+03  5.580000E-08  7.482259E-10
   2.262500E+03  5.555141E-08  7.466825E-10
   2.267500E+03  5.488923E-08  7.422044E-10
   2.272500E+03  5.538196E-08  7.455618E-10
   2.277500E+03  5.476772E-08  7.414908E-10
   2.282500E+03  5.466182E-08  7.408216E-10
   2.287500E+03  5.476438E-08  7.413174E-10
   2.292500E+03  5.458824E-08  7.401132E-10
   2.297500E+03  5.443441E-08  7.390730E-10
   2.302500E+03  5.466405E-08  7.406101E-10
   2.307500E+03  5.421368E-08  7.376538E-10
   2.312500E+03  5.338875E-08  7.318562E-10
   2.317500E+03  5.363400E-08  7.338351E-10
   2.322500E+03  5.368639E-08  7.340550E-10
   2.327500E+03  5.375997E-08  7.345256E-10
   2.332500E+03  5.327281E-08  7.311553E-10
   2.337500E+03  5.336757E-08  7.318643E-10
   2.342500E+03  5.342108E-08  7.323215E-10
   2.347500E+03  5.344114E-08  7.325044E-10
   2.352500E+03  5.277116E-08  7.280232E-10
   2.357500E+03  5.338317E-08  7.318946E-10
   2.362500E+03  5.234309E-08  7.246444E-10
   2.367500E+03  5.268310E-08  7.270950E-10
   2.372500E+03  5.206997E-08  7.229116E-10
   2.377500E+03  5.215692E-08  7.234820E-10
   2.382500E+03  5.156163E-08  7.194481E-10
   2.387500E+03  5.199528E-08  7.223172E-10
   2.392500E+03  5.152819E-08  7.191845E-10
   2.397500E+03  5.141337E-08  7.182453E-10
   2.402500E+03  5.168314E-08  7.202924E-10
   2.407500E+03  5.164524E-08  7.198116E-10
   2.412500E+03  5.152819E-08  7.190134E-10
   2.417500E+03  5.107225E-08  7.158502E-10
   2.422500E+03  5.081028E-08  7.140017E-10
   2.427500E+03  5.091061E-08  7.147199E-10
   2.432500E+03  5.050037E-08  7.118116E-10
   2.437500E+03  5.049368E-08  7.117646E-10
   2.442500E+03  5.052266E-08  7.121097E-10
   2.447500E+03  5.027630E-08  7.103455E-10
   2.452500E+03  5.020941E-08  7.099532E-10
   2.457500E+03  5.023282E-08  7.099921E-10
   2.462500E+03  4.981478E-08  7.071356E-10
   2.467500E+03  5.016036E-08  7.094183E-10
   2.472500E+03  4.989616E-08  7.077426E-10
   2.477500E+03  4.978580E-08  7.068514E-10
   2.482500E+03  4.927412E-08  7.033164E-10
   2.487500E+03  4.919943E-08  7.028009E-10
   2.492500E+03  4.938114E-08  7.041089E-10
   2.497500E+03  4.946586E-08  7.044249E-10
   2.502500E+03  4.944133E-08  7.044889E-10
   2.507500E+03  4.839233E-08  6.968077E-10
   2.512500E+03  4.887503E-08  7.004402E-10
   2.517500E+03  4.852053E-08  6.979999E-10
   2.522500E+03  4.828085E-08  6.961676E-10
   2.527500E+03  4.826971E-08  6.959589E-10
   2.532500E+03  4.816715E-08  6.953017E-10
   2.537500E+03  4.786170E-08  6.932457E-10
   2.542500E+03  4.839568E-08  6.969440E-10
   2.547500E+03  4.782714E-08  6.930931E-10
   2.552500E+03  4.781042E-08  6.926657E-10
   2.557500E+03  4.745927E-08  6.901410E-10
   2.562500E+03  4.749271E-08  6.903348E-10
   2.567500E+03  4.732549E-08  6.894140E-10
   2.572500E+03  4.722962E-08  6.884418E-10
   2.577500E+03  4.709028E-08  6.873633E-10
   2.582500E+03  4.718503E-08  6.881177E-10
   2.587500E+03  4.677368E-08  6.852999E-10
   2.592500E+03  4.662542E-08  6.841840E-10
   2.597500E+03  4.648607E-08  6.831479E-10
   2.602500E+03  4.643479E-08  6.825920E-10
   2.607500E+03  4.683611E-08  6.854619E-10
   2.612500E+03  4.648049E-08  6.829105E-10
   2.617500E+03  4.585511E-08  6.783792E-10
   2.622500E+03  4.568455E-08  6.770209E-10
   2.627500E+03  4.567228E-08  6.771120E-10
   2.632500E+03  4.530887E-08  6.742720E-10
   2.637500E+03  4.577261E-08  6.778365E-10
   2.642500E+03  4.516952E-08  6.733534E-10
   2.647500E+03  4.531110E-08  6.743715E-10
   2.652500E+03  4.513050E-08  6.730302E-10
   2.657500E+03  4.528657E-08  6.741231E-10
   2.662500E+03  4.498001E-08  6.719937E-10
   2.667500E+03  4.472250E-08  6.699733E-10
   2.672500E+03  4.452630E-08  6.685064E-10
   2.677500E+03  4.463108E-08  6.692903E-10
   2.682500E+03  4.449508E-08  6.680551E-10
   2.687500E+03  4.408596E-08  6.652864E-10
   2.692500E+03  4.419744E-08  6.659900E-10
   2.697500E+03  4.344942E-08  6.601765E-10
   2.702500E+03  4.369913E-08  6.623874E-10
   2.707500E+03  4.417403E-08  6.660996E-10
   2.712500E+03  4.355867E-08  6.610886E-10
   2.717500E+03  4.332568E-08  6.595432E-10
   2.722500E+03  4.321086E-08  6.584506E-10
   2.727500E+03  4.323093E-08  6.587050E-10
   2.732500E+03  4.277610E-08  6.551894E-10
   2.737500E+03  4.341710E-08  6.600839E-10
   2.742500E+03  4.284633E-08  6.559643E-10
   2.747500E+03  4.298010E-08  6.567116E-10
   2.752500E+03  4.246285E-08  6.528095E-10
   2.757500E+03  4.259439E-08  6.538342E-10
   2.762500E+03  4.265571E-08  6.544914E-10
   2.767500E+03  4.229117E-08  6.513892E-10
   2.772500E+03  4.224770E-08  6.511925E-10
   2.777500E+03  4.205819E-08  6.497517E-10
   2.782500E+03  4.152310E-08  6.455652E-10
   2.787500E+03  4.193891E-08  6.491425E-10
   2.792500E+03  4.135253E-08  6.442242E-10
   2.797500E+03  4.195117E-08  6.489441E-10
   2.802500E+03  4.148296E-08  6.452366E-10
   2.807500E+03  4.129234E-08  6.436348E-10
   2.812500E+03  4.145063E-08  6.449338E-10
   2.817500E+03  4.116079E-08  6.426111E-10
   2.822500E+03  4.132132E-08  6.439643E-10
   2.827500E+03  4.099804E-08  6.415167E-10
   2.832500E+03  4.078846E-08  6.399320E-10
   2.837500E+03  4.051311E-08  6.375995E-10
   2.842500E+03  4.049862E-08  6.375208E-10
   2.847500E+03  4.078177E-08  6.397224E-10
   2.852500E+03  4.053875E-08  6.381514E-10
   2.857500E+03  4.011625E-08  6.344943E-10
   2.862500E+03  3.986543E-08  6.324773E-10
   2.867500E+03  3.979408E-08  6.318593E-10
   2.872500E+03  3.930581E-08  6.279619E-10
   2.877500E+03  4.011402E-08  6.343709E-10
   2.882500E+03  3.952431E-08  6.298608E-10
   2.887500E+03  3.915866E-08  6.268593E-10
   2.892500E+03  3.936266E-08  6.285216E-10
   2.897500E+03  3.923781E-08  6.275266E-10
   2.902500E+03  3.902935E-08  6.258259E-10
   2.907500E+03  3.897138E-08  6.252727E-10
   2.912500E+03  3.889669E-08  6.247461E-10
   2.917500E+03  3.851878E-08  6.216750E-10
   2.922500E+03  3.884541E-08  6.243351E-10
   2.927500E+03  3.845524E-08  6.211632E-10
   2.932500E+03  3.855111E-08  6.220791E-10
   2.937500E+03  3.801936E-08  6.176770E-10
   2.942500E+03  3.877183E-08  6.238167E-10
   2.947500E+03  3.807733E-08  6.181465E-10
   2.952500E+03  3.762473E-08  6.144888E-10
   2.957500E+03  3.786887E-08  6.164380E-10
   2.962500E+03  3.767155E-08  6.147973E-10
   2.967500E+03  3.746643E-08  6.134167E-10
   2.972500E+03  3.757122E-08  6.140163E-10
   2.977500E+03  3.743633E-08  6.130069E-10
   2.982500E+03  3.752552E-08  6.135524E-10
   2.987500E+03  3.677416E-08  6.074834E-10
   2.992500E+03  3.693692E-08  6.090068E-10
   2.997500E+03  3.713646E-08  6.104982E-10
   3.002500E+03  3.675521E-08  6.074745E-10
   3.007500E+03  3.634720E-08  6.039918E-10
   3.012500E+03  3.632268E-08  6.038626E-10
   3.017500E+03  3.629927E-08  6.034276E-10
   3.022500E+03  3.641186E-08  6.044534E-10
   3.027500E+03  3.633828E-08  6.039549E-10
   3.032500E+03  3.619782E-08  6.027153E-10
   3.037500E+03  3.597041E-08  6.007676E-10
   3.042500E+03  3.626471E-08  6.034004E-10
   3.047500E+03  3.562148E-08  5.977032E-10
   3.052500E+03  3.563040E-08  5.979463E-10
   3.057500E+03  3.565493E-08  5.981703E-10
   3.062500E+03  3.552227E-08  5.971152E-10
   3.067500E+03  3.535505E-08  5.957116E-10
   3.072500E+03  3.538404E-08  5.959363E-10
   3.077500E+03  3.538849E-08  5.960113E-10
   3.082500E+03  3.516108E-08  5.940039E-10
   3.087500E+03  3.472632E-08  5.902335E-10
   3.092500E+03  3.482665E-08  5.911028E-10
   3.097500E+03  3.489131E-08  5.917447E-10
   3.102500E+03  3.470514E-08  5.901106E-10
   3.107500E+03  3.450225E-08  5.883868E-10
   3.112500E+03  3.442756E-08  5.879221E-10
   3.117500E+03  3.422690E-08  5.858864E-10
   3.122500E+03  3.457805E-08  5.890504E-10
   3.127500E+03  3.433726E-08  5.870003E-10
   3.132500E+03  3.403070E-08  5.843031E-10
   3.137500E+03  3.417339E-08  5.855818E-10
   3.142500E+03  3.388578E-08  5.830408E-10
   3.147500E+03  3.392926E-08  5.833949E-10
   3.152500E+03  3.358591E-08  5.806719E-10
   3.157500E+03  3.342203E-08  5.791413E-10
   3.162500E+03  3.308314E-08  5.761846E-10
   3.167500E+03  3.311882E-08  5.765333E-10
   3.172500E+03  3.336964E-08  5.790939E-10
   3.177500E+03  3.261717E-08  5.721795E-10
   3.182500E+03  3.299953E-08  5.755742E-10
   3.187500E+03  3.265173E-08  5.723646E-10
   3.192500E+03  3.272307E-08  5.730275E-10
   3.197500E+03  3.230615E-08  5.694120E-10
   3.202500E+03  3.288583E-08  5.743895E-10
   3.207500E+03  3.250792E-08  5.711640E-10
   3.212500E+03  3.246556E-08  5.707925E-10
   3.217500E+03  3.223257E-08  5.688826E-10
   3.222500E+03  3.241093E-08  5.702346E-10
   3.227500E+03  3.214227E-08  5.679691E-10
   3.232500E+03  3.193938E-08  5.661381E-10
   3.237500E+03  3.182568E-08  5.651908E-10
   3.242500E+03  3.167964E-08  5.639550E-10
   3.247500E+03  3.159603E-08  5.629937E-10
   3.252500E+03  3.186692E-08  5.654375E-10
   3.257500E+03  3.153918E-08  5.626071E-10
   3.262500E+03  3.137531E-08  5.610470E-10
   3.267500E+03  3.099629E-08  5.577942E-10
   3.272500E+03  3.115012E-08  5.591535E-10
   3.277500E+03  3.097956E-08  5.576039E-10
   3.282500E+03  3.119249E-08  5.593329E-10
   3.287500E+03  3.063176E-08  5.544514E-10
   3.292500E+03  3.034191E-08  5.519490E-10
   3.297500E+03  3.049798E-08  5.532014E-10
   3.302500E+03  3.054257E-08  5.534433E-10
   3.307500E+03  3.041549E-08  5.525351E-10
   3.312500E+03  3.017581E-08  5.504805E-10
   3.317500E+03  3.057825E-08  5.539073E-10
   3.322500E+03  3.008440E-08  5.495872E-10
   3.327500E+03  3.027503E-08  5.510780E-10
   3.332500E+03  2.981351E-08  5.468884E-10
   3.337500E+03  2.983135E-08  5.470517E-10
   3.342500E+03  2.983023E-08  5.472050E-10
   3.347500E+03  2.995843E-08  5.482342E-10
   3.352500E+03  2.951698E-08  5.441868E-10
   3.357500E+03  2.935088E-08  5.427590E-10
   3.362500E+03  2.948019E-08  5.439304E-10
   3.367500E+03  2.909337E-08  5.404191E-10
   3.372500E+03  2.896517E-08  5.391053E-10
   3.377500E+03  2.900084E-08  5.394988E-10
   3.382500E+03  2.875336E-08  5.372173E-10
   3.387500E+03  2.868759E-08  5.364996E-10
   3.392500E+03  2.882471E-08  5.378196E-10
   3.397500E+03  2.863185E-08  5.360416E-10
   3.402500E+03  2.845349E-08  5.344562E-10
   3.407500E+03  2.834758E-08  5.332952E-10
   3.412500E+03  2.851146E-08  5.348528E-10
   3.417500E+03  2.850365E-08  5.348634E-10
   3.422500E+03  2.839106E-08  5.337871E-10
   3.427500E+03  2.809564E-08  5.310291E-10
   3.432500E+03  2.800869E-08  5.302928E-10
   3.437500E+03  2.805663E-08  5.306189E-10
   3.442500E+03  2.805217E-08  5.304924E-10
   3.447500E+03  2.753268E-08  5.255650E-10
   3.452500E+03  2.764416E-08  5.266687E-10
   3.457500E+03  2.773000E-08  5.274844E-10
   3.462500E+03  2.724061E-08  5.229025E-10
   3.467500E+03  2.735209E-08  5.240119E-10
   3.472500E+03  2.745465E-08  5.250126E-10
   3.477500E+03  2.683706E-08  5.188933E-10
   3.482500E+03  2.693182E-08  5.199793E-10
   3.487500E+03  2.686382E-08  5.191515E-10
   3.492500E+03  2.692290E-08  5.196997E-10
   3.497500E+03  2.662303E-08  5.167798E-10
   3.502500E+03  2.653608E-08  5.160664E-10
   3.507500E+03  2.657844E-08  5.164990E-10
   3.512500E+03  2.656283E-08  5.162827E-10
   3.517500E+03  2.631424E-08  5.138217E-10
   3.522500E+03  2.648926E-08  5.156985E-10
   3.527500E+03  2.635102E-08  5.142454E-10
   3.532500E+03  2.586833E-08  5.095440E-10
   3.537500E+03  2.565095E-08  5.073364E-10
   3.542500E+03  2.592741E-08  5.100806E-10
   3.547500E+03  2.590177E-08  5.097849E-10
   3.552500E+03  2.605784E-08  5.113598E-10
   3.557500E+03  2.559298E-08  5.068078E-10
   3.562500E+03  2.534438E-08  5.044778E-10
   3.567500E+03  2.534773E-08  5.044223E-10
   3.572500E+03  2.542130E-08  5.049975E-10
   3.577500E+03  2.533212E-08  5.042895E-10
   3.582500E+03  2.524740E-08  5.034695E-10
   3.587500E+03  2.522176E-08  5.030587E-10
   3.592500E+03  2.491185E-08  5.000303E-10
   3.597500E+03  2.472791E-08  4.982515E-10
   3.602500E+03  2.491631E-08  5.000079E-10
   3.607500E+03  2.478588E-08  4.988116E-10
   3.612500E+03  2.447709E-08  4.955879E-10
   3.617500E+03  2.440463E-08  4.948550E-10
   3.622500E+03  2.441020E-08  4.949792E-10
   3.627500E+03  2.437676E-08  4.946406E-10
   3.632500E+03  2.418502E-08  4.926495E-10
   3.637500E+03  2.445702E-08  4.953173E-10
   3.642500E+03  2.397990E-08  4.904909E-10
   3.647500E+03  2.363543E-08  4.870059E-10
   3.652500E+03  2.381045E-08  4.888716E-10
   3.657500E+03  2.411144E-08  4.919462E-10
   3.662500E+03  2.395537E-08  4.902175E-10
   3.667500E+03  2.348494E-08  4.855014E-10
   3.672500E+03  2.344369E-08  4.849833E-10
   3.677500E+03  2.340356E-08  4.846148E-10
   3.682500E+03  2.293647E-08  4.797385E-10
   3.687500E+03  2.339910E-08  4.844302E-10
   3.692500E+03  2.311261E-08  4.816440E-10
   3.697500E+03  2.329654E-08  4.834378E-10
   3.702500E+03  2.347602E-08  4.854093E-10
   3.707500E+03  2.292309E-08  4.796221E-10
   3.712500E+03  2.289968E-08  4.793775E-10
   3.717500E+03  2.301896E-08  4.807388E-10
   3.722500E+03  2.263548E-08  4.766787E-10
   3.727500E+03  2.228098E-08  4.728435E-10
   3.732500E+03  2.257417E-08  4.758929E-10
   3.737500E+03  2.245935E-08  4.748239E-10
   3.742500E+03  2.256748E-08  4.758930E-10
   3.747500E+03  2.202793E-08  4.700832E-10
   3.752500E+03  2.248276E-08  4.748589E-10
   3.757500E+03  2.249725E-08  4.752001E-10
   3.762500E+03  2.201121E-08  4.700716E-10
   3.767500E+03  2.211934E-08  4.711989E-10
   3.772500E+03  2.182839E-08  4.681189E-10
   3.777500E+03  2.164333E-08  4.659181E-10
   3.782500E+03  2.185960E-08  4.683096E-10
   3.787500E+03  2.160432E-08  4.655944E-10
   3.792500E+03  2.145828E-08  4.640685E-10
   3.797500E+03  2.136576E-08  4.630201E-10
   3.802500E+03  2.114392E-08  4.605405E-10
   3.807500E+03  2.111382E-08  4.602858E-10
   3.812500E+03  2.096890E-08  4.587299E-10
   3.817500E+03  2.108372E-08  4.600067E-10
   3.822500E+03  2.119519E-08  4.610980E-10
   3.827500E+03  2.087748E-08  4.576571E-10
   3.832500E+03  2.045721E-08  4.530819E-10
   3.837500E+03  2.050849E-08  4.536486E-10
   3.842500E+03  2.046836E-08  4.532545E-10
   3.847500E+03  2.084293E-08  4.574987E-10
   3.852500E+03  2.062666E-08  4.550502E-10
   3.857500E+03  2.038364E-08  4.522427E-10
   3.862500E+03  1.991320E-08  4.469000E-10
   3.867500E+03  1.996337E-08  4.475870E-10
   3.872500E+03  1.981845E-08  4.459115E-10
   3.877500E+03  2.026436E-08  4.508944E-10
   3.882500E+03  1.993327E-08  4.471749E-10
   3.887500E+03  1.955313E-08  4.429958E-10
   3.892500E+03  1.977832E-08  4.455356E-10
   3.897500E+03  1.970140E-08  4.446949E-10
   3.902500E+03  1.952415E-08  4.425415E-10
   3.907500E+03  1.929451E-08  4.398827E-10
   3.912500E+03  1.977497E-08  4.454729E-10
   3.917500E+03  1.938703E-08  4.410623E-10
   3.922500E+03  1.932683E-08  4.403524E-10
   3.927500E+03  1.902473E-08  4.369779E-10
   3.932500E+03  1.907824E-08  4.375144E-10
   3.937500E+03  1.906821E-08  4.373739E-10
   3.942500E+03  1.869476E-08  4.330741E-10
   3.947500E+03  1.889542E-08  4.356209E-10
   3.952500E+03  1.845508E-08  4.303178E-10
   3.957500E+03  1.833134E-08  4.289265E-10
   3.962500E+03  1.854538E-08  4.313421E-10
   3.967500E+03  1.819199E-08  4.272431E-10
   3.972500E+03  1.814406E-08  4.266280E-10
   3.977500E+03  1.840157E-08  4.296682E-10
   3.982500E+03  1.818531E-08  4.271646E-10
   3.987500E+03  1.807160E-08  4.258023E-10
   3.992500E+03  1.831796E-08  4.285876E-10
   3.997500E+03  1.783638E-08  4.231571E-10
   4.002500E+03  1.785645E-08  4.234211E-10
   4.007500E+03  1.795678E-08  4.243961E-10
   4.012500E+03  1.779290E-08  4.224566E-10
   4.017500E+03  1.772490E-08  4.217288E-10
   4.022500E+03  1.745847E-08  4.186042E-10
   4.027500E+03  1.739493E-08  4.177089E-10
   4.032500E+03  1.753093E-08  4.193375E-10
   4.037500E+03  1.705158E-08  4.136772E-10
   4.042500E+03  1.733362E-08  4.170800E-10
   4.047500E+03  1.713519E-08  4.146618E-10
   4.052500E+03  1.706607E-08  4.137986E-10
   4.057500E+03  1.690666E-08  4.118091E-10
   4.062500E+03  1.675505E-08  4.101236E-10
   4.067500E+03  1.693341E-08  4.121074E-10
   4.072500E+03  1.654547E-08  4.073898E-10
   4.077500E+03  1.675951E-08  4.100690E-10
   4.082500E+03  1.646855E-08  4.064974E-10
   4.087500E+03  1.655997E-08  4.077052E-10
   4.092500E+03  1.651314E-08  4.071018E-10
   4.097500E+03  1.628462E-08  4.042509E-10
   4.102500E+03  1.621773E-08  4.034209E-10
   4.107500E+03  1.627235E-08  4.040435E-10
   4.112500E+03  1.621996E-08  4.033654E-10
   4.117500E+03  1.609956E-08  4.020614E-10
   4.122500E+03  1.562690E-08  3.960409E-10
   4.127500E+03  1.574284E-08  3.974209E-10
   4.132500E+03  1.585877E-08  3.988243E-10
   4.137500E+03  1.580303E-08  3.981794E-10
   4.142500E+03  1.566146E-08  3.963933E-10
   4.147500E+03  1.550650E-08  3.944859E-10
   4.152500E+03  1.542178E-08  3.933796E-10
   4.157500E+03  1.551319E-08  3.945709E-10
   4.162500E+03  1.518099E-08  3.902996E-10
   4.167500E+03  1.531588E-08  3.919994E-10
   4.172500E+03  1.493017E-08  3.870651E-10
   4.177500E+03  1.507732E-08  3.889947E-10
   4.182500E+03  1.499259E-08  3.877862E-10
   4.187500E+03  1.513194E-08  3.897266E-10
   4.192500E+03  1.469829E-08  3.841090E-10
   4.197500E+03  1.474065E-08  3.845742E-10
   4.202500E+03  1.471167E-08  3.842836E-10
   4.207500E+03  1.469272E-08  3.839489E-10
   4.212500E+03  1.444301E-08  3.807045E-10
   4.217500E+03  1.443409E-08  3.806458E-10
   4.222500E+03  1.417546E-08  3.771062E-10
   4.227500E+03  1.420556E-08  3.775357E-10
   4.232500E+03  1.418550E-08  3.773581E-10
   4.237500E+03  1.406176E-08  3.755620E-10
   4.242500E+03  1.396031E-08  3.743252E-10
   4.247500E+03  1.406176E-08  3.756811E-10
   4.252500E+03  1.387559E-08  3.730390E-10
   4.257500E+03  1.394694E-08  3.741161E-10
   4.262500E+03  1.365932E-08  3.702425E-10
   4.267500E+03  1.347539E-08  3.677134E-10
   4.272500E+03  1.333269E-08  3.657019E-10
   4.277500E+03  1.348765E-08  3.678197E-10
   4.282500E+03  1.321787E-08  3.641554E-10
   4.287500E+03  1.310751E-08  3.626330E-10
   4.292500E+03  1.296816E-08  3.606706E-10
   4.297500E+03  1.281433E-08  3.585885E-10
   4.302500E+03  1.297039E-08  3.607636E-10
   4.307500E+03  1.287118E-08  3.594135E-10
   4.312500E+03  1.289347E-08  3.596933E-10
   4.317500E+03  1.266383E-08  3.564785E-10
   4.322500E+03  1.237845E-08  3.524108E-10
   4.327500E+03  1.277642E-08  3.579958E-10
   4.332500E+03  1.226809E-08  3.508693E-10
   4.337500E+03  1.226920E-08  3.508852E-10
   4.342500E+03  1.246094E-08  3.535506E-10
   4.347500E+03  1.219674E-08  3.497845E-10
   4.352500E+03  1.199497E-08  3.468484E-10
   4.357500E+03  1.182998E-08  3.444881E-10
   4.362500E+03  1.200611E-08  3.470418E-10
   4.367500E+03  1.175863E-08  3.435785E-10
   4.372500E+03  1.178427E-08  3.438874E-10
   4.377500E+03  1.188014E-08  3.452821E-10
   4.382500E+03  1.185785E-08  3.449907E-10
   4.387500E+03  1.129823E-08  3.366941E-10
   4.392500E+03  1.137404E-08  3.378540E-10
   4.397500E+03  1.130269E-08  3.367605E-10
   4.402500E+03  1.116223E-08  3.347298E-10
   4.407500E+03  1.119010E-08  3.351136E-10
   4.412500E+03  1.110538E-08  3.338102E-10
   4.417500E+03  1.101842E-08  3.324681E-10
   4.422500E+03  1.113102E-08  3.341950E-10
   4.427500E+03  1.080104E-08  3.291739E-10
   4.432500E+03  1.084898E-08  3.299031E-10
   4.437500E+03  1.093593E-08  3.312556E-10
   4.442500E+03  1.061934E-08  3.263604E-10
   4.447500E+03  1.052235E-08  3.249015E-10
   4.452500E+03  1.047999E-08  3.243162E-10
   4.457500E+03  1.061265E-08  3.263947E-10
   4.462500E+03  1.037409E-08  3.227096E-10
   4.467500E+03  1.029159E-08  3.213558E-10
   4.472500E+03  1.016785E-08  3.193845E-10
   4.477500E+03  1.018680E-08  3.197868E-10
   4.482500E+03  9.951586E-09  3.160421E-10
   4.487500E+03  1.002962E-08  3.172071E-10
   4.492500E+03  9.867978E-09  3.146064E-10
   4.497500E+03  9.828961E-09  3.140196E-10
   4.502500E+03  9.581481E-09  3.101152E-10
   4.507500E+03  9.651712E-09  3.112486E-10
   4.512500E+03  9.527972E-09  3.091766E-10
   4.517500E+03  9.481151E-09  3.084526E-10
   4.522500E+03  9.269344E-09  3.049170E-10
   4.527500E+03  9.305017E-09  3.055762E-10
   4.532500E+03  9.453282E-09  3.079630E-10
   4.537500E+03  9.045275E-09  3.012100E-10
   4.542500E+03  8.890321E-09  2.986570E-10
   4.547500E+03  9.075374E-09  3.017477E-10
   4.552500E+03  8.737597E-09  2.960819E-10
   4.557500E+03  8.750974E-09  2.963084E-10
   4.562500E+03  8.833468E-09  2.977386E-10
   4.567500E+03  8.689662E-09  2.952690E-10
   4.572500E+03  8.665137E-09  2.948523E-10
   4.577500E+03  8.482314E-09  2.917268E-10
   4.582500E+03  8.433264E-09  2.910363E-10
   4.587500E+03  8.366378E-09  2.897659E-10
   4.592500E+03  8.171292E-09  2.862921E-10
   4.597500E+03  8.258244E-09  2.878498E-10
   4.602500E+03  8.038634E-09  2.839986E-10
   4.607500E+03  8.000732E-09  2.832891E-10
   4.612500E+03  7.807876E-09  2.798547E-10
   4.617500E+03  7.781121E-09  2.794550E-10
   4.622500E+03  7.891484E-09  2.814283E-10
   4.627500E+03  7.704202E-09  2.779910E-10
   4.632500E+03  7.600528E-09  2.761551E-10
   4.637500E+03  7.510231E-09  2.745514E-10
   4.642500E+03  7.344130E-09  2.714596E-10
   4.647500E+03  7.250489E-09  2.697243E-10
   4.652500E+03  7.097765E-09  2.668280E-10
   4.657500E+03  7.219275E-09  2.691849E-10
   4.662500E+03  7.130093E-09  2.674349E-10
   4.667500E+03  7.013042E-09  2.652310E-10
   4.672500E+03  6.878154E-09  2.627110E-10
   4.677500E+03  6.827990E-09  2.617090E-10
   4.682500E+03  6.553755E-09  2.564006E-10
   4.687500E+03  6.443393E-09  2.542770E-10
   4.692500E+03  6.555985E-09  2.564878E-10
   4.697500E+03  6.558214E-09  2.565314E-10
   4.702500E+03  6.405490E-09  2.534843E-10
   4.707500E+03  6.435589E-09  2.540791E-10
   4.712500E+03  6.200372E-09  2.494383E-10
   4.717500E+03  6.054337E-09  2.464395E-10
   4.722500E+03  6.004172E-09  2.454166E-10
   4.727500E+03  5.938400E-09  2.440689E-10
   4.732500E+03  5.887121E-09  2.430130E-10
   4.737500E+03  5.904957E-09  2.434268E-10
   4.742500E+03  5.722134E-09  2.396309E-10
   4.747500E+03  5.625149E-09  2.375925E-10
   4.752500E+03  5.389931E-09  2.325748E-10
   4.757500E+03  5.489146E-09  2.346567E-10
   4.762500E+03  5.348685E-09  2.316354E-10
   4.767500E+03  5.180354E-09  2.280109E-10
   4.772500E+03  5.269536E-09  2.299154E-10
   4.777500E+03  5.170321E-09  2.277411E-10
   4.782500E+03  5.026515E-09  2.246018E-10
   4.787500E+03  4.960743E-09  2.230783E-10
   4.792500E+03  4.899431E-09  2.217460E-10
   4.797500E+03  4.810249E-09  2.196689E-10
   4.802500E+03  4.648607E-09  2.160506E-10
   4.807500E+03  4.577261E-09  2.143359E-10
   4.812500E+03  4.410045E-09  2.103337E-10
   4.817500E+03  4.385520E-09  2.097481E-10
   4.822500E+03  4.286305E-09  2.074161E-10
   4.827500E+03  4.237255E-09  2.061725E-10
   4.832500E+03  4.134696E-09  2.036624E-10
   4.837500E+03  4.102368E-09  2.028647E-10
   4.842500E+03  3.886102E-09  1.974457E-10
   4.847500E+03  3.950758E-09  1.990813E-10
   4.852500E+03  3.829248E-09  1.959962E-10
   4.857500E+03  3.722230E-09  1.932383E-10
   4.862500E+03  3.712197E-09  1.929777E-10
   4.867500E+03  3.556128E-09  1.888780E-10
   4.872500E+03  3.430159E-09  1.855028E-10
   4.877500E+03  3.340977E-09  1.830757E-10
   4.882500E+03  3.288583E-09  1.816346E-10
   4.887500E+03  3.081235E-09  1.758794E-10
   4.892500E+03  3.058939E-09  1.751786E-10
   4.897500E+03  2.932970E-09  1.715992E-10
   4.902500E+03  2.815919E-09  1.681431E-10
   4.907500E+03  2.746803E-09  1.660012E-10
   4.912500E+03  2.687720E-09  1.642064E-10
   4.917500E+03  2.534996E-09  1.594731E-10
   4.922500E+03  2.422404E-09  1.558917E-10
   4.927500E+03  2.400108E-09  1.551726E-10
   4.932500E+03  2.304237E-09  1.520421E-10
   4.937500E+03  2.209482E-09  1.488834E-10
   4.942500E+03  2.192760E-09  1.483189E-10
   4.947500E+03  1.973150E-09  1.406962E-10
   4.952500E+03  1.898460E-09  1.380078E-10
   4.957500E+03  1.753539E-09  1.326360E-10
   4.962500E+03  1.593012E-09  1.264196E-10
   4.967500E+03  1.522781E-09  1.236016E-10
   4.972500E+03  1.275301E-09  1.131132E-10
   4.977500E+03  1.162709E-09  1.080048E-10
   4.982500E+03  1.102511E-09  1.051718E-10
   4.987500E+03  9.553612E-10  9.790221E-11
   4.992500E+03  8.706384E-10  9.346051E-11
   4.997500E+03  7.658496E-10  8.765600E-11
