 #  Results from PENEPMA.
 #  Probability of emission of bremmstrahlung photons.
 #  1st column: E (eV).
 #  2nd and 3rd columns: probability density and STU (1/(eV*sr*electron)).

   5.250001E+01  7.521149E-07  2.758404E-09
   5.750001E+01  6.815324E-07  2.555679E-09
   6.250001E+01  6.227447E-07  2.424671E-09
   6.750001E+01  5.724899E-07  2.297623E-09
   7.250001E+01  5.297429E-07  2.244302E-09
   7.750001E+01  4.925942E-07  2.210734E-09
   8.250001E+01  4.581517E-07  2.094808E-09
   8.750001E+01  4.259712E-07  1.969423E-09
   9.250001E+01  3.979584E-07  1.860136E-09
   9.750001E+01  3.754704E-07  1.908564E-09
   1.025000E+02  3.528655E-07  1.796911E-09
   1.075000E+02  3.340758E-07  1.753369E-09
   1.125000E+02  3.154724E-07  1.641548E-09
   1.175000E+02  3.012077E-07  1.692389E-09
   1.225000E+02  2.858210E-07  1.563726E-09
   1.275000E+02  2.729102E-07  1.515093E-09
   1.325000E+02  2.617327E-07  1.577727E-09
   1.375000E+02  2.494239E-07  1.428931E-09
   1.425000E+02  2.409098E-07  1.544851E-09
   1.475000E+02  2.305986E-07  1.400393E-09
   1.525000E+02  2.226014E-07  1.447001E-09
   1.575000E+02  2.142261E-07  1.380319E-09
   1.625000E+02  2.065716E-07  1.326635E-09
   1.675000E+02  1.994188E-07  1.295837E-09
   1.725000E+02  1.931109E-07  1.277169E-09
   1.775000E+02  1.868300E-07  1.254067E-09
   1.825000E+02  1.806467E-07  1.163538E-09
   1.875000E+02  1.759603E-07  1.215755E-09
   1.925000E+02  1.716616E-07  1.282758E-09
   1.975000E+02  1.660235E-07  1.167605E-09
   2.025000E+02  1.616092E-07  1.184087E-09
   2.075000E+02  1.575239E-07  1.169139E-09
   2.125000E+02  1.532315E-07  1.135048E-09
   2.175000E+02  1.487094E-07  1.003544E-09
   2.225000E+02  1.456135E-07  1.074135E-09
   2.275000E+02  1.423928E-07  1.126379E-09
   2.325000E+02  1.384737E-07  9.938719E-10
   2.375000E+02  1.356860E-07  1.055466E-09
   2.425000E+02  1.324186E-07  1.012800E-09
   2.475000E+02  1.294096E-07  9.793765E-10
   2.525000E+02  1.268431E-07  9.782335E-10
   2.575000E+02  1.237803E-07  9.206756E-10
   2.625000E+02  1.207782E-07  8.899011E-10
   2.675000E+02  1.191686E-07  9.806220E-10
   2.725000E+02  1.163007E-07  8.937850E-10
   2.775000E+02  1.146297E-07  9.452537E-10
   2.825000E+02  1.120509E-07  8.858276E-10
   2.875000E+02  1.099951E-07  8.848815E-10
   2.925000E+02  1.081503E-07  8.839960E-10
   2.975000E+02  1.057268E-07  8.330685E-10
   3.025000E+02  1.042151E-07  8.882423E-10
   3.075000E+02  1.021850E-07  8.377930E-10
   3.125000E+02  9.994672E-08  7.051531E-10
   3.175000E+02  9.884690E-08  8.233460E-10
   3.225000E+02  9.732866E-08  8.419519E-10
   3.275000E+02  9.518374E-08  7.465148E-10
   3.325000E+02  9.421095E-08  8.275495E-10
   3.375000E+02  9.237600E-08  7.662510E-10
   3.425000E+02  9.096108E-08  7.585113E-10
   3.475000E+02  8.929416E-08  6.834256E-10
   3.525000E+02  8.818596E-08  7.427515E-10
   3.575000E+02  8.684516E-08  7.126753E-10
   3.625000E+02  8.557593E-08  7.340685E-10
   3.675000E+02  8.423920E-08  6.565278E-10
   3.725000E+02  8.335364E-08  7.254665E-10
   3.775000E+02  8.183352E-08  6.631141E-10
   3.825000E+02  8.096900E-08  6.784476E-10
   3.875000E+02  7.934054E-08  5.658712E-10
   3.925000E+02  7.844814E-08  6.017825E-10
   3.975000E+02  7.765589E-08  6.442147E-10
   4.025000E+02  7.678393E-08  6.518190E-10
   4.075000E+02  7.545645E-08  6.086671E-10
   4.125000E+02  7.481582E-08  6.340328E-10
   4.175000E+02  7.395208E-08  6.663439E-10
   4.225000E+02  7.250240E-08  5.316708E-10
   4.275000E+02  7.174745E-08  5.410248E-10
   4.325000E+02  7.093992E-08  5.967660E-10
   4.375000E+02  6.985296E-08  5.296238E-10
   4.425000E+02  6.887990E-08  4.527057E-10
   4.475000E+02  6.829734E-08  5.181914E-10
   4.525000E+02  6.770060E-08  5.669876E-10
   4.575000E+02  6.694955E-08  5.171446E-10
   4.625000E+02  6.585342E-08  4.617366E-10
   4.675000E+02  6.518998E-08  4.373146E-10
   4.725000E+02  6.466989E-08  4.941471E-10
   4.775000E+02  6.401037E-08  5.251473E-10
   4.825000E+02  6.301215E-08  4.228245E-10
   4.875000E+02  6.237696E-08  4.347810E-10
   4.925000E+02  6.165896E-08  4.087023E-10
   4.975000E+02  6.081017E-08  3.197851E-10
   5.025001E+02  6.039003E-08  4.203413E-10
   5.075001E+02  6.006408E-08  4.446992E-10
   5.125001E+02  5.918896E-08  4.316942E-10
   5.175001E+02  5.860088E-08  3.640806E-10
   5.225001E+02  5.816711E-08  4.182019E-10
   5.275001E+02  5.764855E-08  3.773822E-10
   5.325001E+02  5.688388E-08  3.621571E-10
   5.375001E+02  5.651261E-08  4.533924E-10
   5.425001E+02  5.584941E-08  3.754605E-10
   5.475001E+02  5.502164E-08  2.760962E-10
   5.525001E+02  5.475229E-08  3.120584E-10
   5.575001E+02  5.421962E-08  3.590886E-10
   5.625001E+02  5.380723E-08  3.275356E-10
   5.675001E+02  5.308309E-08  3.266639E-10
   5.725001E+02  5.271703E-08  2.523745E-10
   5.775001E+02  5.195180E-08  2.715499E-10
   5.825001E+02  5.166013E-08  2.506653E-10
   5.875001E+02  5.118581E-08  2.275125E-10
   5.925001E+02  5.086750E-08  2.493800E-10
   5.975001E+02  5.038820E-08  2.486099E-10
   6.025001E+02  4.986563E-08  2.001215E-10
   6.075001E+02  4.948292E-08  2.244809E-10
   6.125001E+02  4.893443E-08  1.981331E-10
   6.175001E+02  4.857585E-08  2.228541E-10
   6.225001E+02  4.817303E-08  1.966220E-10
   6.275001E+02  4.768769E-08  1.956121E-10
   6.325001E+02  4.730738E-08  1.948134E-10
   6.375001E+02  4.698137E-08  1.941665E-10
   6.425001E+02  4.651874E-08  1.931450E-10
   6.475001E+02  4.628267E-08  2.186352E-10
   6.525001E+02  4.592197E-08  2.179929E-10
   6.575001E+02  4.550194E-08  1.910398E-10
   6.625001E+02  4.523953E-08  1.905164E-10
   6.675001E+02  4.486897E-08  2.160119E-10
   6.725001E+02  4.446827E-08  2.152850E-10
   6.775001E+02  4.412550E-08  1.881486E-10
   6.825001E+02  4.387229E-08  2.377866E-10
   6.875001E+02  4.340881E-08  1.866065E-10
   6.925001E+02  4.326357E-08  2.130424E-10
   6.975001E+02  4.286643E-08  1.854761E-10
   7.025001E+02  4.255088E-08  1.847833E-10
   7.075001E+02  4.211700E-08  1.837874E-10
   7.125001E+02  4.194143E-08  2.104992E-10
   7.175001E+02  4.163458E-08  2.099043E-10
   7.225001E+02  4.131213E-08  1.820136E-10
   7.275001E+02  4.113231E-08  1.816152E-10
   7.325001E+02  4.070392E-08  1.806809E-10
   7.375001E+02  4.053599E-08  1.802607E-10
   7.425001E+02  4.023569E-08  2.072277E-10
   7.475001E+02  3.978461E-08  1.785775E-10
   7.525001E+02  3.972509E-08  1.784906E-10
   7.575001E+02  3.929546E-08  1.774931E-10
   7.625001E+02  3.913924E-08  1.771245E-10
   7.675001E+02  3.872780E-08  1.762232E-10
   7.725001E+02  3.862719E-08  2.040881E-10
   7.775001E+02  3.834518E-08  2.034988E-10
   7.825001E+02  3.801190E-08  1.745279E-10
   7.875001E+02  3.785293E-08  1.742173E-10
   7.925001E+02  3.746615E-08  1.733112E-10
   7.975001E+02  3.730514E-08  1.729466E-10
   8.025001E+02  3.692324E-08  1.720478E-10
   8.075001E+02  3.671238E-08  1.715262E-10
   8.125001E+02  3.656645E-08  1.712171E-10
   8.175001E+02  3.623423E-08  1.704145E-10
   8.225001E+02  3.597067E-08  1.697992E-10
   8.275001E+02  3.583148E-08  1.694876E-10
   8.325001E+02  3.553758E-08  1.687710E-10
   8.375001E+02  3.536442E-08  1.683567E-10
   8.425001E+02  3.527970E-08  1.681747E-10
   8.475001E+02  3.490880E-08  1.672486E-10
   8.525001E+02  3.465375E-08  1.666302E-10
   8.575001E+02  3.450552E-08  1.662758E-10
   8.625001E+02  3.424471E-08  1.656811E-10
   8.675001E+02  3.407261E-08  1.652315E-10
   8.725001E+02  3.380266E-08  1.645850E-10
   8.775001E+02  3.374322E-08  1.644313E-10
   8.825001E+02  3.343691E-08  1.636568E-10
   8.875001E+02  3.322560E-08  1.631898E-10
   8.925001E+02  3.305234E-08  1.627068E-10
   8.975001E+02  3.282879E-08  1.621612E-10
   9.025001E+02  3.274753E-08  1.619811E-10
   9.075001E+02  3.249196E-08  1.613512E-10
   9.125001E+02  3.231542E-08  1.609179E-10
   9.175001E+02  3.216781E-08  1.605774E-10
   9.225001E+02  3.188464E-08  1.598159E-10
   9.275001E+02  3.179673E-08  1.595945E-10
   9.325001E+02  3.154976E-08  1.589353E-10
   9.375001E+02  3.143834E-08  1.586982E-10
   9.425001E+02  3.125205E-08  1.582300E-10
   9.475001E+02  3.105253E-08  1.577107E-10
   9.525001E+02  3.085480E-08  1.572512E-10
   9.575001E+02  3.077460E-08  1.570163E-10
   9.625001E+02  3.054236E-08  1.564061E-10
   9.675001E+02  3.038472E-08  1.560434E-10
   9.725001E+02  3.020313E-08  1.555026E-10
   9.775001E+02  3.001630E-08  1.550286E-10
   9.825001E+02  2.988749E-08  1.547453E-10
   9.875001E+02  2.974227E-08  1.543145E-10
   9.925001E+02  2.953824E-08  1.538426E-10
   9.975001E+02  2.941786E-08  1.535024E-10
   1.002500E+03  2.923449E-08  1.529960E-10
   1.007500E+03  2.901210E-08  1.523975E-10
   1.012500E+03  2.895328E-08  1.522378E-10
   1.017500E+03  2.869478E-08  1.516066E-10
   1.022500E+03  2.864173E-08  1.514337E-10
   1.027500E+03  2.849048E-08  1.510684E-10
   1.032500E+03  2.828467E-08  1.504759E-10
   1.037500E+03  2.817635E-08  1.502281E-10
   1.042500E+03  2.804169E-08  1.498600E-10
   1.047500E+03  2.782346E-08  1.492556E-10
   1.052500E+03  2.766733E-08  1.488467E-10
   1.057500E+03  2.753994E-08  1.485110E-10
   1.062500E+03  2.742736E-08  1.482107E-10
   1.067500E+03  2.725118E-08  1.477102E-10
   1.072500E+03  2.720798E-08  1.476135E-10
   1.077500E+03  2.698683E-08  1.469733E-10
   1.082500E+03  2.686236E-08  1.466245E-10
   1.087500E+03  2.677756E-08  1.464153E-10
   1.092500E+03  2.657539E-08  1.458906E-10
   1.097500E+03  2.651036E-08  1.456766E-10
   1.102500E+03  2.635565E-08  1.452835E-10
   1.107500E+03  2.618382E-08  1.447755E-10
   1.112500E+03  2.601429E-08  1.443048E-10
   1.117500E+03  2.598014E-08  1.442440E-10
   1.122500E+03  2.581141E-08  1.437130E-10
   1.127500E+03  2.572474E-08  1.435279E-10
   1.132500E+03  2.552913E-08  1.429834E-10
   1.137500E+03  2.541602E-08  1.426914E-10
   1.142500E+03  2.531250E-08  1.423481E-10
   1.147500E+03  2.528757E-08  1.422615E-10
   1.152500E+03  2.503022E-08  1.415736E-10
   1.157500E+03  2.492669E-08  1.412817E-10
   1.162500E+03  2.487515E-08  1.411355E-10
   1.167500E+03  2.472009E-08  1.406694E-10
   1.172500E+03  2.462135E-08  1.403555E-10
   1.177500E+03  2.450824E-08  1.400502E-10
   1.182500E+03  2.437997E-08  1.396840E-10
   1.187500E+03  2.424841E-08  1.393125E-10
   1.192500E+03  2.426970E-08  1.393872E-10
   1.197500E+03  2.404455E-08  1.387588E-10
   1.202500E+03  2.390661E-08  1.383697E-10
   1.207500E+03  2.381852E-08  1.380556E-10
   1.212500E+03  2.370160E-08  1.377727E-10
   1.217500E+03  2.360064E-08  1.374437E-10
   1.222500E+03  2.346465E-08  1.370419E-10
   1.227500E+03  2.329592E-08  1.365526E-10
   1.232500E+03  2.321679E-08  1.363052E-10
   1.237500E+03  2.318131E-08  1.362539E-10
   1.242500E+03  2.312072E-08  1.360615E-10
   1.247500E+03  2.296379E-08  1.355761E-10
   1.252500E+03  2.286638E-08  1.352964E-10
   1.257500E+03  2.277102E-08  1.350046E-10
   1.262500E+03  2.258153E-08  1.344513E-10
   1.267500E+03  2.256246E-08  1.343860E-10
   1.272500E+03  2.241759E-08  1.339498E-10
   1.277500E+03  2.233971E-08  1.337483E-10
   1.282500E+03  2.230280E-08  1.335937E-10
   1.287500E+03  2.213115E-08  1.330672E-10
   1.292500E+03  2.199569E-08  1.326571E-10
   1.297500E+03  2.205255E-08  1.328936E-10
   1.302500E+03  2.180531E-08  1.320952E-10
   1.307500E+03  2.172565E-08  1.318833E-10
   1.312500E+03  2.168227E-08  1.317394E-10
   1.317500E+03  2.155133E-08  1.313121E-10
   1.322500E+03  2.144657E-08  1.310165E-10
   1.327500E+03  2.138163E-08  1.307880E-10
   1.332500E+03  2.124005E-08  1.303514E-10
   1.337500E+03  2.119817E-08  1.302240E-10
   1.342500E+03  2.108995E-08  1.299290E-10
   1.347500E+03  2.099476E-08  1.296041E-10
   1.352500E+03  2.094783E-08  1.294561E-10
   1.357500E+03  2.090490E-08  1.293416E-10
   1.362500E+03  2.080456E-08  1.290378E-10
   1.367500E+03  2.063176E-08  1.284875E-10
   1.372500E+03  2.050729E-08  1.280888E-10
   1.377500E+03  2.047048E-08  1.279751E-10
   1.382500E+03  2.035622E-08  1.276068E-10
   1.387500E+03  2.036199E-08  1.276601E-10
   1.392500E+03  2.016239E-08  1.270195E-10
   1.397500E+03  2.010543E-08  1.268453E-10
   1.402500E+03  2.015706E-08  1.270159E-10
   1.407500E+03  1.997317E-08  1.264203E-10
   1.412500E+03  1.986982E-08  1.260982E-10
   1.417500E+03  1.977357E-08  1.257705E-10
   1.422500E+03  1.971351E-08  1.255683E-10
   1.427500E+03  1.962471E-08  1.253371E-10
   1.432500E+03  1.959357E-08  1.252478E-10
   1.437500E+03  1.946716E-08  1.247892E-10
   1.442500E+03  1.930810E-08  1.242956E-10
   1.447500E+03  1.931564E-08  1.243154E-10
   1.452500E+03  1.927359E-08  1.241702E-10
   1.457500E+03  1.915277E-08  1.238026E-10
   1.462500E+03  1.907453E-08  1.235374E-10
   1.467500E+03  1.899690E-08  1.232674E-10
   1.472500E+03  1.897393E-08  1.231756E-10
   1.477500E+03  1.891937E-08  1.230362E-10
   1.482500E+03  1.874044E-08  1.224720E-10
   1.487500E+03  1.875357E-08  1.224702E-10
   1.492500E+03  1.861917E-08  1.220727E-10
   1.497500E+03  1.851928E-08  1.217098E-10
   1.502500E+03  1.856648E-08  1.218903E-10
   1.507500E+03  1.840875E-08  1.213428E-10
   1.512500E+03  1.827675E-08  1.209422E-10
   1.517500E+03  1.824668E-08  1.207996E-10
   1.522500E+03  1.821855E-08  1.207425E-10
   1.527500E+03  1.812026E-08  1.203931E-10
   1.532500E+03  1.805337E-08  1.201834E-10
   1.537500E+03  1.794541E-08  1.197869E-10
   1.542500E+03  1.794390E-08  1.198163E-10
   1.547500E+03  1.785369E-08  1.194961E-10
   1.552500E+03  1.761656E-08  1.187126E-10
   1.557500E+03  1.765994E-08  1.188631E-10
   1.562500E+03  1.765826E-08  1.188658E-10
   1.567500E+03  1.758675E-08  1.186142E-10
   1.572500E+03  1.748527E-08  1.182669E-10
   1.577500E+03  1.740783E-08  1.180211E-10
   1.582500E+03  1.735185E-08  1.178213E-10
   1.587500E+03  1.730146E-08  1.176472E-10
   1.592500E+03  1.718711E-08  1.172869E-10
   1.597500E+03  1.719731E-08  1.173224E-10
   1.602500E+03  1.710976E-08  1.169830E-10
   1.607500E+03  1.700588E-08  1.166487E-10
   1.612500E+03  1.697403E-08  1.165598E-10
   1.617500E+03  1.695646E-08  1.164432E-10
   1.622500E+03  1.688346E-08  1.162116E-10
   1.627500E+03  1.678720E-08  1.158930E-10
   1.632500E+03  1.671065E-08  1.156242E-10
   1.637500E+03  1.665440E-08  1.154255E-10
   1.642500E+03  1.660579E-08  1.152666E-10
   1.647500E+03  1.648709E-08  1.148245E-10
   1.652500E+03  1.643192E-08  1.146620E-10
   1.657500E+03  1.641870E-08  1.145881E-10
   1.662500E+03  1.629708E-08  1.141878E-10
   1.667500E+03  1.624695E-08  1.140046E-10
   1.672500E+03  1.623640E-08  1.139637E-10
   1.677500E+03  1.612693E-08  1.135659E-10
   1.682500E+03  1.607876E-08  1.133847E-10
   1.687500E+03  1.604620E-08  1.132695E-10
   1.692500E+03  1.596618E-08  1.130211E-10
   1.697500E+03  1.584802E-08  1.125914E-10
   1.702500E+03  1.587286E-08  1.126803E-10
   1.707500E+03  1.580819E-08  1.124529E-10
   1.712500E+03  1.571788E-08  1.121450E-10
   1.717500E+03  1.567885E-08  1.119708E-10
   1.722500E+03  1.565445E-08  1.118867E-10
   1.727500E+03  1.554268E-08  1.114987E-10
   1.732500E+03  1.552015E-08  1.114004E-10
   1.737500E+03  1.547703E-08  1.112635E-10
   1.742500E+03  1.540198E-08  1.109764E-10
   1.747500E+03  1.541715E-08  1.110476E-10
   1.752500E+03  1.527859E-08  1.105250E-10
   1.757500E+03  1.522651E-08  1.103588E-10
   1.762500E+03  1.518500E-08  1.101780E-10
   1.767500E+03  1.511589E-08  1.099397E-10
   1.772500E+03  1.505983E-08  1.097549E-10
   1.777500E+03  1.500509E-08  1.095274E-10
   1.782500E+03  1.495213E-08  1.093512E-10
   1.787500E+03  1.488542E-08  1.091113E-10
   1.792500E+03  1.482421E-08  1.088856E-10
   1.797500E+03  1.474180E-08  1.085902E-10
   1.802500E+03  1.474126E-08  1.085791E-10
   1.807500E+03  1.466861E-08  1.083021E-10
   1.812500E+03  1.464377E-08  1.082311E-10
   1.817500E+03  1.457928E-08  1.079817E-10
   1.822500E+03  1.448906E-08  1.076445E-10
   1.827500E+03  1.449598E-08  1.076620E-10
   1.832500E+03  1.439192E-08  1.072676E-10
   1.837500E+03  1.437090E-08  1.072278E-10
   1.842500E+03  1.421388E-08  1.066238E-10
   1.847500E+03  1.425593E-08  1.067855E-10
   1.852500E+03  1.421051E-08  1.066120E-10
   1.857500E+03  1.416438E-08  1.063963E-10
   1.862500E+03  1.410343E-08  1.061770E-10
   1.867500E+03  1.407788E-08  1.060986E-10
   1.872500E+03  1.393843E-08  1.055685E-10
   1.877500E+03  1.396292E-08  1.056534E-10
   1.882500E+03  1.392974E-08  1.055359E-10
   1.887500E+03  1.382719E-08  1.051559E-10
   1.892500E+03  1.380066E-08  1.050501E-10
   1.897500E+03  1.387048E-08  1.053192E-10
   1.902500E+03  1.366635E-08  1.045246E-10
   1.907500E+03  1.369111E-08  1.046364E-10
   1.912500E+03  1.362510E-08  1.043834E-10
   1.917500E+03  1.354385E-08  1.040602E-10
   1.922500E+03  1.343988E-08  1.036481E-10
   1.927500E+03  1.348290E-08  1.038400E-10
   1.932500E+03  1.346126E-08  1.037610E-10
   1.937500E+03  1.338354E-08  1.034617E-10
   1.942500E+03  1.338142E-08  1.034413E-10
   1.947500E+03  1.334496E-08  1.032950E-10
   1.952500E+03  1.329377E-08  1.030899E-10
   1.957500E+03  1.318146E-08  1.026196E-10
   1.962500E+03  1.309745E-08  1.023272E-10
   1.967500E+03  1.307128E-08  1.022046E-10
   1.972500E+03  1.305558E-08  1.021576E-10
   1.977500E+03  1.300262E-08  1.019406E-10
   1.982500E+03  1.294443E-08  1.017501E-10
   1.987500E+03  1.288419E-08  1.015080E-10
   1.992500E+03  1.293227E-08  1.016973E-10
   1.997500E+03  1.281375E-08  1.011912E-10
   2.002500E+03  1.277499E-08  1.010606E-10
   2.007500E+03  1.278528E-08  1.011100E-10
   2.012500E+03  1.265390E-08  1.005898E-10
   2.017500E+03  1.264565E-08  1.005552E-10
   2.022500E+03  1.258967E-08  1.003242E-10
   2.027500E+03  1.258745E-08  1.003147E-10
   2.032500E+03  1.251302E-08  1.000137E-10
   2.037500E+03  1.250655E-08  9.998239E-11
   2.042500E+03  1.246778E-08  9.985441E-11
   2.047500E+03  1.245173E-08  9.978652E-11
   2.052500E+03  1.232416E-08  9.924732E-11
   2.057500E+03  1.231751E-08  9.922222E-11
   2.062500E+03  1.230340E-08  9.920024E-11
   2.067500E+03  1.224911E-08  9.895554E-11
   2.072500E+03  1.222463E-08  9.886332E-11
   2.077500E+03  1.216013E-08  9.859622E-11
   2.082500E+03  1.215215E-08  9.856058E-11
   2.087500E+03  1.206521E-08  9.819071E-11
   2.092500E+03  1.197659E-08  9.785314E-11
   2.097500E+03  1.197251E-08  9.784025E-11
   2.102500E+03  1.195264E-08  9.776056E-11
   2.107500E+03  1.192221E-08  9.762642E-11
   2.112500E+03  1.183235E-08  9.724539E-11
   2.117500E+03  1.183927E-08  9.728665E-11
   2.122500E+03  1.180006E-08  9.713064E-11
   2.127500E+03  1.174674E-08  9.689485E-11
   2.132500E+03  1.173884E-08  9.686552E-11
   2.137500E+03  1.165120E-08  9.649861E-11
   2.142500E+03  1.159673E-08  9.626754E-11
   2.147500E+03  1.163461E-08  9.642759E-11
   2.152500E+03  1.155521E-08  9.614161E-11
   2.157500E+03  1.147058E-08  9.573849E-11
   2.162500E+03  1.150057E-08  9.586167E-11
   2.167500E+03  1.147209E-08  9.575139E-11
   2.172500E+03  1.139908E-08  9.544531E-11
   2.177500E+03  1.136555E-08  9.532617E-11
   2.182500E+03  1.135091E-08  9.529211E-11
   2.187500E+03  1.135961E-08  9.528810E-11
   2.192500E+03  1.121829E-08  9.474765E-11
   2.197500E+03  1.123275E-08  9.476323E-11
   2.202500E+03  1.118653E-08  9.457889E-11
   2.207500E+03  1.112381E-08  9.429564E-11
   2.212500E+03  1.108824E-08  9.414763E-11
   2.217500E+03  1.108531E-08  9.413757E-11
   2.222500E+03  1.105116E-08  9.399529E-11
   2.227500E+03  1.102002E-08  9.386551E-11
   2.232500E+03  1.092670E-08  9.347091E-11
   2.237500E+03  1.097247E-08  9.366391E-11
   2.242500E+03  1.085644E-08  9.315827E-11
   2.247500E+03  1.087099E-08  9.325201E-11
   2.252500E+03  1.080064E-08  9.292606E-11
   2.257500E+03  1.083621E-08  9.307147E-11
   2.262500E+03  1.076418E-08  9.275447E-11
   2.267500E+03  1.064282E-08  9.221630E-11
   2.272500E+03  1.067360E-08  9.237222E-11
   2.277500E+03  1.057052E-08  9.192445E-11
   2.282500E+03  1.060361E-08  9.207463E-11
   2.287500E+03  1.053007E-08  9.173604E-11
   2.292500E+03  1.051446E-08  9.166627E-11
   2.297500E+03  1.052111E-08  9.169193E-11
   2.302500E+03  1.048926E-08  9.154881E-11
   2.307500E+03  1.044358E-08  9.137646E-11
   2.312500E+03  1.036471E-08  9.100195E-11
   2.317500E+03  1.035726E-08  9.098195E-11
   2.322500E+03  1.031672E-08  9.080756E-11
   2.327500E+03  1.028869E-08  9.068672E-11
   2.332500E+03  1.027627E-08  9.061524E-11
   2.337500E+03  1.023218E-08  9.043946E-11
   2.342500E+03  1.021630E-08  9.038632E-11
   2.347500E+03  1.015953E-08  9.012055E-11
   2.352500E+03  1.009672E-08  8.985576E-11
   2.357500E+03  1.013868E-08  9.002726E-11
   2.362500E+03  1.001865E-08  8.948150E-11
   2.367500E+03  1.005006E-08  8.960389E-11
   2.372500E+03  9.944312E-09  8.916433E-11
   2.377500E+03  9.947240E-09  8.914954E-11
   2.382500E+03  9.879820E-09  8.885646E-11
   2.387500E+03  9.904481E-09  8.895685E-11
   2.392500E+03  9.854803E-09  8.875916E-11
   2.397500E+03  9.806278E-09  8.854939E-11
   2.402500E+03  9.844601E-09  8.871599E-11
   2.407500E+03  9.815504E-09  8.856190E-11
   2.412500E+03  9.754471E-09  8.828429E-11
   2.417500E+03  9.692551E-09  8.800098E-11
   2.422500E+03  9.703640E-09  8.805575E-11
   2.427500E+03  9.658575E-09  8.783248E-11
   2.432500E+03  9.603042E-09  8.761542E-11
   2.437500E+03  9.512024E-09  8.717173E-11
   2.442500E+03  9.558065E-09  8.742220E-11
   2.447500E+03  9.526484E-09  8.724721E-11
   2.452500E+03  9.464564E-09  8.696863E-11
   2.457500E+03  9.491266E-09  8.710003E-11
   2.462500E+03  9.398563E-09  8.663941E-11
   2.467500E+03  9.445580E-09  8.686899E-11
   2.472500E+03  9.418967E-09  8.676213E-11
   2.477500E+03  9.368756E-09  8.653727E-11
   2.482500E+03  9.265319E-09  8.604307E-11
   2.487500E+03  9.253787E-09  8.599073E-11
   2.492500E+03  9.267448E-09  8.606934E-11
   2.497500E+03  9.240303E-09  8.592853E-11
   2.502500E+03  9.213157E-09  8.581306E-11
   2.507500E+03  9.108390E-09  8.533167E-11
   2.512500E+03  9.143874E-09  8.549643E-11
   2.517500E+03  9.107325E-09  8.532340E-11
   2.522500E+03  9.068559E-09  8.514801E-11
   2.527500E+03  9.059244E-09  8.507298E-11
   2.532500E+03  9.033252E-09  8.498673E-11
   2.537500E+03  8.961218E-09  8.461558E-11
   2.542500E+03  9.005396E-09  8.483243E-11
   2.547500E+03  8.924137E-09  8.447681E-11
   2.552500E+03  8.894774E-09  8.430354E-11
   2.557500E+03  8.908258E-09  8.437452E-11
   2.562500E+03  8.848112E-09  8.408792E-11
   2.567500E+03  8.798611E-09  8.386084E-11
   2.572500E+03  8.774482E-09  8.373309E-11
   2.577500E+03  8.753280E-09  8.362666E-11
   2.582500E+03  8.750175E-09  8.362802E-11
   2.587500E+03  8.674505E-09  8.327425E-11
   2.592500E+03  8.692779E-09  8.336636E-11
   2.597500E+03  8.663948E-09  8.320522E-11
   2.602500E+03  8.638666E-09  8.308970E-11
   2.607500E+03  8.651972E-09  8.312254E-11
   2.612500E+03  8.615246E-09  8.297780E-11
   2.617500E+03  8.515180E-09  8.248595E-11
   2.622500E+03  8.478454E-09  8.230910E-11
   2.627500E+03  8.482978E-09  8.235585E-11
   2.632500E+03  8.455833E-09  8.220429E-11
   2.637500E+03  8.464171E-09  8.224367E-11
   2.642500E+03  8.388235E-09  8.187563E-11
   2.647500E+03  8.390719E-09  8.189718E-11
   2.652500E+03  8.327379E-09  8.155932E-11
   2.657500E+03  8.315669E-09  8.151015E-11
   2.662500E+03  8.270782E-09  8.129307E-11
   2.667500E+03  8.287637E-09  8.138140E-11
   2.672500E+03  8.240797E-09  8.114744E-11
   2.677500E+03  8.221991E-09  8.105716E-11
   2.682500E+03  8.189345E-09  8.090506E-11
   2.687500E+03  8.158385E-09  8.076269E-11
   2.692500E+03  8.139578E-09  8.065003E-11
   2.697500E+03  8.043416E-09  8.015156E-11
   2.702500E+03  8.058319E-09  8.026416E-11
   2.707500E+03  8.096199E-09  8.045829E-11
   2.712500E+03  8.022214E-09  8.007481E-11
   2.717500E+03  7.989568E-09  7.991284E-11
   2.722500E+03  7.984157E-09  7.984782E-11
   2.727500E+03  7.954261E-09  7.972484E-11
   2.732500E+03  7.920285E-09  7.956975E-11
   2.737500E+03  7.928624E-09  7.960511E-11
   2.742500E+03  7.861913E-09  7.926730E-11
   2.747500E+03  7.855792E-09  7.922592E-11
   2.752500E+03  7.821727E-09  7.905684E-11
   2.757500E+03  7.806912E-09  7.898691E-11
   2.762500E+03  7.784025E-09  7.887988E-11
   2.767500E+03  7.740202E-09  7.863200E-11
   2.772500E+03  7.707379E-09  7.847514E-11
   2.777500E+03  7.680588E-09  7.835125E-11
   2.782500E+03  7.654330E-09  7.820360E-11
   2.787500E+03  7.677572E-09  7.832511E-11
   2.792500E+03  7.537764E-09  7.761868E-11
   2.797500E+03  7.579901E-09  7.781937E-11
   2.802500E+03  7.559587E-09  7.770927E-11
   2.807500E+03  7.524812E-09  7.754418E-11
   2.812500E+03  7.556304E-09  7.771711E-11
   2.817500E+03  7.509820E-09  7.744452E-11
   2.822500E+03  7.469190E-09  7.724694E-11
   2.827500E+03  7.457658E-09  7.720874E-11
   2.832500E+03  7.431577E-09  7.708001E-11
   2.837500E+03  7.388641E-09  7.683639E-11
   2.842500E+03  7.410197E-09  7.696151E-11
   2.847500E+03  7.358568E-09  7.667712E-11
   2.852500E+03  7.338519E-09  7.659912E-11
   2.857500E+03  7.318825E-09  7.647566E-11
   2.862500E+03  7.275268E-09  7.624915E-11
   2.867500E+03  7.265953E-09  7.619039E-11
   2.872500E+03  7.215477E-09  7.593617E-11
   2.877500E+03  7.235437E-09  7.602558E-11
   2.882500E+03  7.180791E-09  7.574800E-11
   2.887500E+03  7.138476E-09  7.552769E-11
   2.892500E+03  7.164646E-09  7.565582E-11
   2.897500E+03  7.095806E-09  7.529640E-11
   2.902500E+03  7.102193E-09  7.534418E-11
   2.907500E+03  7.049854E-09  7.504324E-11
   2.912500E+03  7.042047E-09  7.503023E-11
   2.917500E+03  6.997958E-09  7.476901E-11
   2.922500E+03  7.025636E-09  7.493385E-11
   2.927500E+03  6.952272E-09  7.453446E-11
   2.932500E+03  6.958570E-09  7.456707E-11
   2.937500E+03  6.932312E-09  7.442706E-11
   2.942500E+03  6.924328E-09  7.438730E-11
   2.947500E+03  6.899578E-09  7.424834E-11
   2.952500E+03  6.824439E-09  7.383662E-11
   2.957500E+03  6.819383E-09  7.380653E-11
   2.962500E+03  6.835617E-09  7.389865E-11
   2.967500E+03  6.786737E-09  7.364312E-11
   2.972500E+03  6.772544E-09  7.356170E-11
   2.977500E+03  6.752317E-09  7.345721E-11
   2.982500E+03  6.735462E-09  7.336696E-11
   2.987500E+03  6.683212E-09  7.306991E-11
   2.992500E+03  6.682857E-09  7.307962E-11
   2.997500E+03  6.667510E-09  7.298449E-11
   3.002500E+03  6.650477E-09  7.290338E-11
   3.007500E+03  6.595211E-09  7.258303E-11
   3.012500E+03  6.607896E-09  7.264073E-11
   3.017500E+03  6.594590E-09  7.258548E-11
   3.022500E+03  6.563718E-09  7.242119E-11
   3.027500E+03  6.524863E-09  7.221261E-11
   3.032500E+03  6.527258E-09  7.223069E-11
   3.037500E+03  6.481483E-09  7.197549E-11
   3.042500E+03  6.511734E-09  7.214426E-11
   3.047500E+03  6.425861E-09  7.163713E-11
   3.052500E+03  6.393482E-09  7.145531E-11
   3.057500E+03  6.415837E-09  7.159041E-11
   3.062500E+03  6.395700E-09  7.149044E-11
   3.067500E+03  6.355957E-09  7.125826E-11
   3.072500E+03  6.367490E-09  7.133048E-11
   3.077500E+03  6.324820E-09  7.107344E-11
   3.082500E+03  6.327392E-09  7.109679E-11
   3.087500E+03  6.226883E-09  7.052572E-11
   3.092500E+03  6.239391E-09  7.058914E-11
   3.097500E+03  6.248440E-09  7.065110E-11
   3.102500E+03  6.224310E-09  7.050118E-11
   3.107500E+03  6.169931E-09  7.020102E-11
   3.112500E+03  6.192552E-09  7.034106E-11
   3.117500E+03  6.135245E-09  7.000337E-11
   3.122500E+03  6.169576E-09  7.019801E-11
   3.127500E+03  6.145712E-09  7.005974E-11
   3.132500E+03  6.070929E-09  6.963420E-11
   3.137500E+03  6.070397E-09  6.963625E-11
   3.142500E+03  6.044227E-09  6.947449E-11
   3.147500E+03  6.048574E-09  6.950037E-11
   3.152500E+03  6.014598E-09  6.933950E-11
   3.157500E+03  5.971750E-09  6.906884E-11
   3.162500E+03  5.940702E-09  6.888478E-11
   3.167500E+03  5.941234E-09  6.889608E-11
   3.172500E+03  5.949129E-09  6.895702E-11
   3.177500E+03  5.858555E-09  6.841842E-11
   3.182500E+03  5.882951E-09  6.856312E-11
   3.187500E+03  5.847466E-09  6.834567E-11
   3.192500E+03  5.844539E-09  6.832554E-11
   3.197500E+03  5.801159E-09  6.808724E-11
   3.202500E+03  5.826353E-09  6.821030E-11
   3.207500E+03  5.798409E-09  6.806806E-11
   3.212500E+03  5.761506E-09  6.785428E-11
   3.217500E+03  5.762748E-09  6.785738E-11
   3.222500E+03  5.763990E-09  6.783647E-11
   3.227500E+03  5.702690E-09  6.750985E-11
   3.232500E+03  5.684859E-09  6.738689E-11
   3.237500E+03  5.691158E-09  6.742404E-11
   3.242500E+03  5.669335E-09  6.731208E-11
   3.247500E+03  5.623294E-09  6.703324E-11
   3.252500E+03  5.642190E-09  6.713467E-11
   3.257500E+03  5.608834E-09  6.694214E-11
   3.262500E+03  5.581068E-09  6.676216E-11
   3.267500E+03  5.539462E-09  6.651924E-11
   3.272500E+03  5.533075E-09  6.647999E-11
   3.277500E+03  5.491204E-09  6.623229E-11
   3.282500E+03  5.523051E-09  6.642427E-11
   3.287500E+03  5.454477E-09  6.601250E-11
   3.292500E+03  5.431058E-09  6.588203E-11
   3.297500E+03  5.425291E-09  6.583861E-11
   3.302500E+03  5.439130E-09  6.590495E-11
   3.307500E+03  5.353347E-09  6.539505E-11
   3.312500E+03  5.398323E-09  6.568308E-11
   3.317500E+03  5.401517E-09  6.567653E-11
   3.322500E+03  5.342613E-09  6.532975E-11
   3.327500E+03  5.340129E-09  6.529836E-11
   3.332500E+03  5.330814E-09  6.525463E-11
   3.337500E+03  5.276080E-09  6.492130E-11
   3.342500E+03  5.251684E-09  6.477606E-11
   3.347500E+03  5.265701E-09  6.485551E-11
   3.352500E+03  5.245741E-09  6.473956E-11
   3.357500E+03  5.188522E-09  6.439150E-11
   3.362500E+03  5.216732E-09  6.455124E-11
   3.367500E+03  5.173619E-09  6.429387E-11
   3.372500E+03  5.161820E-09  6.421202E-11
   3.377500E+03  5.142836E-09  6.410538E-11
   3.382500E+03  5.094400E-09  6.377862E-11
   3.387500E+03  5.072045E-09  6.365797E-11
   3.392500E+03  5.094222E-09  6.379195E-11
   3.397500E+03  5.094577E-09  6.378528E-11
   3.402500E+03  5.033633E-09  6.341751E-11
   3.407500E+03  5.014471E-09  6.327931E-11
   3.412500E+03  5.020592E-09  6.333231E-11
   3.417500E+03  5.055278E-09  6.354644E-11
   3.422500E+03  4.984487E-09  6.310963E-11
   3.427500E+03  4.968342E-09  6.299879E-11
   3.432500E+03  4.927889E-09  6.274963E-11
   3.437500E+03  4.980140E-09  6.307549E-11
   3.442500E+03  4.908728E-09  6.261560E-11
   3.447500E+03  4.875639E-09  6.239368E-11
   3.452500E+03  4.869606E-09  6.236543E-11
   3.457500E+03  4.881494E-09  6.244461E-11
   3.462500E+03  4.806710E-09  6.196979E-11
   3.467500E+03  4.843348E-09  6.220909E-11
   3.472500E+03  4.786573E-09  6.184725E-11
   3.477500E+03  4.771670E-09  6.173410E-11
   3.482500E+03  4.771226E-09  6.175304E-11
   3.487500E+03  4.753129E-09  6.160761E-11
   3.492500E+03  4.721814E-09  6.141889E-11
   3.497500E+03  4.710459E-09  6.133490E-11
   3.502500E+03  4.658829E-09  6.100024E-11
   3.507500E+03  4.676217E-09  6.112861E-11
   3.512500E+03  4.657410E-09  6.098402E-11
   3.517500E+03  4.615716E-09  6.071839E-11
   3.522500E+03  4.639490E-09  6.088794E-11
   3.527500E+03  4.615095E-09  6.072831E-11
   3.532500E+03  4.547941E-09  6.026322E-11
   3.537500E+03  4.553618E-09  6.029952E-11
   3.542500E+03  4.567014E-09  6.040309E-11
   3.547500E+03  4.561159E-09  6.035160E-11
   3.552500E+03  4.557078E-09  6.034230E-11
   3.557500E+03  4.496311E-09  5.992490E-11
   3.562500E+03  4.471738E-09  5.978402E-11
   3.567500E+03  4.477504E-09  5.980463E-11
   3.572500E+03  4.472980E-09  5.977570E-11
   3.577500E+03  4.463754E-09  5.971900E-11
   3.582500E+03  4.438738E-09  5.955802E-11
   3.587500E+03  4.402011E-09  5.929899E-11
   3.592500E+03  4.418778E-09  5.941855E-11
   3.597500E+03  4.369721E-09  5.908429E-11
   3.602500E+03  4.378858E-09  5.913263E-11
   3.607500E+03  4.343906E-09  5.892099E-11
   3.612500E+03  4.315252E-09  5.870543E-11
   3.617500E+03  4.306115E-09  5.865190E-11
   3.622500E+03  4.264332E-09  5.838105E-11
   3.627500E+03  4.277461E-09  5.845231E-11
   3.632500E+03  4.258832E-09  5.831198E-11
   3.637500E+03  4.251292E-09  5.826171E-11
   3.642500E+03  4.215275E-09  5.802370E-11
   3.647500E+03  4.159476E-09  5.763723E-11
   3.652500E+03  4.177041E-09  5.775472E-11
   3.657500E+03  4.215275E-09  5.803713E-11
   3.662500E+03  4.181121E-09  5.777425E-11
   3.667500E+03  4.110153E-09  5.729809E-11
   3.672500E+03  4.135346E-09  5.746667E-11
   3.677500E+03  4.116540E-09  5.735479E-11
   3.682500E+03  4.055684E-09  5.691473E-11
   3.687500E+03  4.111040E-09  5.729683E-11
   3.692500E+03  4.057724E-09  5.693770E-11
   3.697500E+03  4.051249E-09  5.686751E-11
   3.702500E+03  4.082652E-09  5.710798E-11
   3.707500E+03  4.004941E-09  5.656249E-11
   3.712500E+03  4.006982E-09  5.657935E-11
   3.717500E+03  3.988974E-09  5.644875E-11
   3.722500E+03  3.951538E-09  5.619045E-11
   3.727500E+03  3.923860E-09  5.599402E-11
   3.732500E+03  3.937699E-09  5.607717E-11
   3.737500E+03  3.936812E-09  5.607971E-11
   3.742500E+03  3.922618E-09  5.598646E-11
   3.747500E+03  3.869835E-09  5.558951E-11
   3.752500E+03  3.906206E-09  5.584809E-11
   3.757500E+03  3.878706E-09  5.566572E-11
   3.762500E+03  3.868327E-09  5.558890E-11
   3.767500E+03  3.847302E-09  5.543046E-11
   3.772500E+03  3.814124E-09  5.520963E-11
   3.777500E+03  3.782987E-09  5.496789E-11
   3.782500E+03  3.780237E-09  5.495571E-11
   3.787500E+03  3.758503E-09  5.478640E-11
   3.792500E+03  3.742091E-09  5.467607E-11
   3.797500E+03  3.711486E-09  5.445276E-11
   3.802500E+03  3.714857E-09  5.446700E-11
   3.807500E+03  3.684429E-09  5.424674E-11
   3.812500E+03  3.655953E-09  5.403602E-11
   3.817500E+03  3.665711E-09  5.411442E-11
   3.822500E+03  3.673251E-09  5.416202E-11
   3.827500E+03  3.644953E-09  5.393915E-11
   3.832500E+03  3.583831E-09  5.350328E-11
   3.837500E+03  3.612218E-09  5.370621E-11
   3.842500E+03  3.559790E-09  5.332805E-11
   3.847500E+03  3.620823E-09  5.378972E-11
   3.852500E+03  3.563073E-09  5.335122E-11
   3.857500E+03  3.558903E-09  5.331213E-11
   3.862500E+03  3.509314E-09  5.294446E-11
   3.867500E+03  3.506475E-09  5.291374E-11
   3.872500E+03  3.462563E-09  5.259033E-11
   3.877500E+03  3.513040E-09  5.296312E-11
   3.882500E+03  3.460434E-09  5.256881E-11
   3.887500E+03  3.433732E-09  5.237292E-11
   3.892500E+03  3.435151E-09  5.237965E-11
   3.897500E+03  3.444998E-09  5.246256E-11
   3.902500E+03  3.403304E-09  5.212882E-11
   3.907500E+03  3.394611E-09  5.207596E-11
   3.912500E+03  3.398159E-09  5.209086E-11
   3.917500E+03  3.330916E-09  5.159070E-11
   3.922500E+03  3.354513E-09  5.175748E-11
   3.927500E+03  3.314682E-09  5.145697E-11
   3.932500E+03  3.323464E-09  5.151940E-11
   3.937500E+03  3.309537E-09  5.141025E-11
   3.942500E+03  3.291706E-09  5.127193E-11
   3.947500E+03  3.263141E-09  5.106344E-11
   3.952500E+03  3.251697E-09  5.095465E-11
   3.957500E+03  3.222068E-09  5.073371E-11
   3.962500E+03  3.204237E-09  5.059633E-11
   3.967500E+03  3.199003E-09  5.054671E-11
   3.972500E+03  3.191019E-09  5.048236E-11
   3.977500E+03  3.195987E-09  5.052434E-11
   3.982500E+03  3.186672E-09  5.044384E-11
   3.987500E+03  3.135043E-09  5.004301E-11
   3.992500E+03  3.181438E-09  5.039125E-11
   3.997500E+03  3.124575E-09  4.997239E-11
   4.002500E+03  3.106389E-09  4.981727E-11
   4.007500E+03  3.102486E-09  4.977040E-11
   4.012500E+03  3.078977E-09  4.958334E-11
   4.017500E+03  3.082703E-09  4.961326E-11
   4.022500E+03  3.056888E-09  4.942277E-11
   4.027500E+03  3.043670E-09  4.930176E-11
   4.032500E+03  3.025396E-09  4.914957E-11
   4.037500E+03  2.983791E-09  4.881846E-11
   4.042500E+03  3.007388E-09  4.900918E-11
   4.047500E+03  2.976161E-09  4.875327E-11
   4.052500E+03  2.949548E-09  4.852365E-11
   4.057500E+03  2.962943E-09  4.865243E-11
   4.062500E+03  2.942984E-09  4.849019E-11
   4.067500E+03  2.913177E-09  4.823588E-11
   4.072500E+03  2.886386E-09  4.801707E-11
   4.077500E+03  2.905548E-09  4.817578E-11
   4.082500E+03  2.881241E-09  4.797731E-11
   4.087500E+03  2.863587E-09  4.783198E-11
   4.092500E+03  2.841853E-09  4.763724E-11
   4.097500E+03  2.828724E-09  4.753924E-11
   4.102500E+03  2.815595E-09  4.742162E-11
   4.107500E+03  2.820651E-09  4.745960E-11
   4.112500E+03  2.796433E-09  4.725287E-11
   4.117500E+03  2.784368E-09  4.716456E-11
   4.122500E+03  2.754739E-09  4.689851E-11
   4.127500E+03  2.729190E-09  4.668096E-11
   4.132500E+03  2.739303E-09  4.676265E-11
   4.137500E+03  2.732029E-09  4.671276E-11
   4.142500E+03  2.706924E-09  4.649053E-11
   4.147500E+03  2.705416E-09  4.649741E-11
   4.152500E+03  2.675698E-09  4.621755E-11
   4.157500E+03  2.681286E-09  4.626876E-11
   4.162500E+03  2.644117E-09  4.594448E-11
   4.167500E+03  2.641810E-09  4.592910E-11
   4.172500E+03  2.612890E-09  4.568218E-11
   4.177500E+03  2.627173E-09  4.580504E-11
   4.182500E+03  2.600914E-09  4.558226E-11
   4.187500E+03  2.602334E-09  4.558535E-11
   4.192500E+03  2.554252E-09  4.517566E-11
   4.197500E+03  2.556648E-09  4.517640E-11
   4.202500E+03  2.551148E-09  4.514826E-11
   4.207500E+03  2.533051E-09  4.498983E-11
   4.212500E+03  2.520897E-09  4.486312E-11
   4.217500E+03  2.498187E-09  4.467998E-11
   4.222500E+03  2.475388E-09  4.445547E-11
   4.227500E+03  2.464477E-09  4.435596E-11
   4.232500E+03  2.447267E-09  4.420909E-11
   4.237500E+03  2.432364E-09  4.407294E-11
   4.242500E+03  2.432630E-09  4.407695E-11
   4.247500E+03  2.423138E-09  4.400071E-11
   4.252500E+03  2.395283E-09  4.372665E-11
   4.257500E+03  2.404597E-09  4.383085E-11
   4.262500E+03  2.371419E-09  4.351187E-11
   4.267500E+03  2.342588E-09  4.325355E-11
   4.272500E+03  2.332741E-09  4.316765E-11
   4.277500E+03  2.338241E-09  4.320201E-11
   4.282500E+03  2.308257E-09  4.294102E-11
   4.287500E+03  2.296015E-09  4.282063E-11
   4.292500E+03  2.267450E-09  4.255726E-11
   4.297500E+03  2.254144E-09  4.242913E-11
   4.302500E+03  2.248289E-09  4.236908E-11
   4.307500E+03  2.231700E-09  4.221610E-11
   4.312500E+03  2.245361E-09  4.234488E-11
   4.317500E+03  2.210586E-09  4.201798E-11
   4.322500E+03  2.193377E-09  4.184934E-11
   4.327500E+03  2.202602E-09  4.193204E-11
   4.332500E+03  2.153013E-09  4.146313E-11
   4.337500E+03  2.149731E-09  4.144182E-11
   4.342500E+03  2.149110E-09  4.143585E-11
   4.347500E+03  2.114424E-09  4.109222E-11
   4.352500E+03  2.090472E-09  4.084882E-11
   4.357500E+03  2.084173E-09  4.078731E-11
   4.362500E+03  2.085682E-09  4.081940E-11
   4.367500E+03  2.056851E-09  4.053689E-11
   4.372500E+03  2.042568E-09  4.038217E-11
   4.377500E+03  2.044165E-09  4.040144E-11
   4.382500E+03  2.048778E-09  4.045393E-11
   4.387500E+03  1.999632E-09  3.995609E-11
   4.392500E+03  2.014003E-09  4.010098E-11
   4.397500E+03  1.998213E-09  3.994725E-11
   4.402500E+03  1.944365E-09  3.940445E-11
   4.407500E+03  1.957938E-09  3.954152E-11
   4.412500E+03  1.946494E-09  3.942778E-11
   4.417500E+03  1.907550E-09  3.902840E-11
   4.422500E+03  1.931147E-09  3.926869E-11
   4.427500E+03  1.885195E-09  3.881764E-11
   4.432500E+03  1.872066E-09  3.866058E-11
   4.437500E+03  1.892114E-09  3.887406E-11
   4.442500E+03  1.838001E-09  3.831139E-11
   4.447500E+03  1.842525E-09  3.836214E-11
   4.452500E+03  1.833299E-09  3.826058E-11
   4.457500E+03  1.838444E-09  3.831231E-11
   4.462500E+03  1.798791E-09  3.790117E-11
   4.467500E+03  1.792049E-09  3.782831E-11
   4.472500E+03  1.772887E-09  3.762393E-11
   4.477500E+03  1.764903E-09  3.754866E-11
   4.482500E+03  1.749201E-09  3.737399E-11
   4.487500E+03  1.749822E-09  3.738251E-11
   4.492500E+03  1.725515E-09  3.712427E-11
   4.497500E+03  1.716733E-09  3.701452E-11
   4.502500E+03  1.685152E-09  3.668821E-11
   4.507500E+03  1.675660E-09  3.657910E-11
   4.512500E+03  1.658893E-09  3.639783E-11
   4.517500E+03  1.637425E-09  3.615993E-11
   4.522500E+03  1.629530E-09  3.606884E-11
   4.527500E+03  1.633522E-09  3.612274E-11
   4.532500E+03  1.632014E-09  3.610806E-11
   4.537500E+03  1.598304E-09  3.572593E-11
   4.542500E+03  1.564771E-09  3.534568E-11
   4.547500E+03  1.568497E-09  3.538768E-11
   4.552500E+03  1.535319E-09  3.500576E-11
   4.557500E+03  1.531416E-09  3.497950E-11
   4.562500E+03  1.535053E-09  3.501689E-11
   4.567500E+03  1.508351E-09  3.470537E-11
   4.572500E+03  1.503561E-09  3.466050E-11
   4.577500E+03  1.479431E-09  3.437559E-11
   4.582500E+03  1.466213E-09  3.422398E-11
   4.587500E+03  1.458762E-09  3.413496E-11
   4.592500E+03  1.421592E-09  3.371263E-11
   4.597500E+03  1.421326E-09  3.368847E-11
   4.602500E+03  1.400301E-09  3.343866E-11
   4.607500E+03  1.402075E-09  3.345770E-11
   4.612500E+03  1.358607E-09  3.293334E-11
   4.617500E+03  1.357276E-09  3.292798E-11
   4.622500E+03  1.368099E-09  3.305452E-11
   4.627500E+03  1.352220E-09  3.285806E-11
   4.632500E+03  1.337849E-09  3.267883E-11
   4.637500E+03  1.312123E-09  3.237647E-11
   4.642500E+03  1.302098E-09  3.224616E-11
   4.647500E+03  1.277082E-09  3.192860E-11
   4.652500E+03  1.268033E-09  3.182872E-11
   4.657500E+03  1.265904E-09  3.179535E-11
   4.662500E+03  1.237073E-09  3.143162E-11
   4.667500E+03  1.241243E-09  3.147323E-11
   4.672500E+03  1.209750E-09  3.107841E-11
   4.677500E+03  1.200968E-09  3.096778E-11
   4.682500E+03  1.161580E-09  3.045160E-11
   4.687500E+03  1.150935E-09  3.031885E-11
   4.692500E+03  1.151467E-09  3.031651E-11
   4.697500E+03  1.139846E-09  3.016792E-11
   4.702500E+03  1.109596E-09  2.976527E-11
   4.707500E+03  1.114830E-09  2.983295E-11
   4.712500E+03  1.087595E-09  2.946416E-11
   4.717500E+03  1.058676E-09  2.907244E-11
   4.722500E+03  1.044925E-09  2.889051E-11
   4.727500E+03  1.038095E-09  2.878620E-11
   4.732500E+03  1.036498E-09  2.877145E-11
   4.737500E+03  1.025853E-09  2.862348E-11
   4.742500E+03  1.018046E-09  2.851200E-11
   4.747500E+03  9.857553E-10  2.805405E-11
   4.752500E+03  9.683680E-10  2.780571E-11
   4.757500E+03  9.690777E-10  2.781080E-11
   4.762500E+03  9.300449E-10  2.725295E-11
   4.767500E+03  9.307546E-10  2.726853E-11
   4.772500E+03  9.229480E-10  2.714886E-11
   4.777500E+03  9.054720E-10  2.689347E-11
   4.782500E+03  8.826733E-10  2.655311E-11
   4.787500E+03  8.768184E-10  2.645965E-11
   4.792500E+03  8.580117E-10  2.617184E-11
   4.797500E+03  8.494954E-10  2.604714E-11
   4.802500E+03  8.214628E-10  2.561141E-11
   4.807500E+03  8.192450E-10  2.557684E-11
   4.812500E+03  7.922769E-10  2.515546E-11
   4.817500E+03  7.858897E-10  2.505113E-11
   4.822500E+03  7.620265E-10  2.467101E-11
   4.827500E+03  7.381632E-10  2.428494E-11
   4.832500E+03  7.337277E-10  2.420318E-11
   4.837500E+03  7.247679E-10  2.405797E-11
   4.842500E+03  6.967353E-10  2.358547E-11
   4.847500E+03  6.921223E-10  2.350429E-11
   4.852500E+03  6.811222E-10  2.331985E-11
   4.857500E+03  6.659526E-10  2.305883E-11
   4.862500E+03  6.511379E-10  2.279793E-11
   4.867500E+03  6.286940E-10  2.240799E-11
   4.872500E+03  6.123712E-10  2.211222E-11
   4.877500E+03  6.049195E-10  2.197411E-11
   4.882500E+03  5.824757E-10  2.156599E-11
   4.887500E+03  5.541769E-10  2.103922E-11
   4.892500E+03  5.424670E-10  2.081594E-11
   4.897500E+03  5.243700E-10  2.046608E-11
   4.902500E+03  5.119505E-10  2.021897E-11
   4.907500E+03  4.987326E-10  1.995284E-11
   4.912500E+03  4.839179E-10  1.965431E-11
   4.917500E+03  4.519819E-10  1.899481E-11
   4.922500E+03  4.420463E-10  1.878491E-11
   4.927500E+03  4.280300E-10  1.848858E-11
   4.932500E+03  4.217315E-10  1.835212E-11
   4.937500E+03  3.921021E-10  1.769207E-11
   4.942500E+03  3.795052E-10  1.740560E-11
   4.947500E+03  3.505854E-10  1.672936E-11
   4.952500E+03  3.374562E-10  1.641316E-11
   4.957500E+03  3.098671E-10  1.573250E-11
   4.962500E+03  2.840522E-10  1.506337E-11
   4.967500E+03  2.638262E-10  1.451270E-11
   4.972500E+03  2.330435E-10  1.363986E-11
   4.977500E+03  2.068738E-10  1.285128E-11
   4.982500E+03  1.938333E-10  1.243967E-11
   4.987500E+03  1.697039E-10  1.163972E-11
   4.992500E+03  1.585263E-10  1.124988E-11
   4.997500E+03  1.426471E-10  1.067825E-11
