 #  Results from PENEPMA. Output from photon detector #  1
 #
 #  Angular intervals : theta_1 = 5.000000E+01,  theta_2 = 6.000000E+01
 #                        phi_1 = 0.000000E+00,    phi_2 = 3.600000E+02
 #  Energy window = ( 0.00000E+00, 2.00000E+04) eV, no. of channels =  1000
 #  Channel width = 2.000000E+01 eV
 #
 #  Whole spectrum. Characteristic peaks and background.
 #  1st column: photon energy (eV).
 #  2nd column: probability density (1/(eV*sr*electron)).
 #  3rd column: statistical uncertainty (3 sigma).
 #
   1.000000E+01  1.000000E-35  1.000000E-35
   3.000000E+01  1.000000E-35  1.000000E-35
   5.000001E+01  1.905033E-07  2.319607E-09
   7.000001E+01  3.934647E-07  7.924497E-09
   9.000001E+01  7.105487E-08  5.337423E-09
   1.100000E+02  1.329952E-07  1.909966E-09
   1.300000E+02  1.958211E-07  4.405912E-09
   1.500000E+02  1.950315E-07  4.679507E-09
   1.700000E+02  1.482545E-07  2.115758E-09
   1.900000E+02  1.255858E-07  1.723931E-09
   2.100000E+02  1.249908E-07  4.152909E-09
   2.300000E+02  9.959032E-08  1.663763E-09
   2.500000E+02  1.184435E-07  5.874991E-09
   2.700000E+02  8.192380E-08  1.524753E-09
   2.900000E+02  7.694161E-08  1.644343E-09
   3.100000E+02  9.166948E-08  4.868377E-09
   3.300000E+02  6.813576E-08  1.512002E-09
   3.500000E+02  6.379182E-08  1.165041E-09
   3.700000E+02  6.108496E-08  1.104311E-09
   3.900000E+02  5.829272E-08  9.741888E-10
   4.100000E+02  5.633057E-08  1.156069E-09
   4.300000E+02  5.475185E-08  1.209515E-09
   4.500000E+02  5.216070E-08  9.653271E-10
   4.700000E+02  5.010912E-08  6.342244E-10
   4.900000E+02  4.829970E-08  5.158898E-10
   5.100001E+02  4.700278E-08  5.123930E-10
   5.300001E+02  5.289459E-07  2.292814E-08
   5.500001E+02  4.195365E-08  4.984055E-10
   5.700001E+02  2.025747E-06  4.644878E-08
   5.900001E+02  3.998362E-08  3.345579E-10
   6.100001E+02  3.889949E-08  3.299841E-10
   6.300001E+02  3.792968E-08  3.257840E-10
   6.500001E+02  3.718228E-08  3.225457E-10
   6.700001E+02  3.639854E-08  3.191895E-10
   6.900001E+02  3.550514E-08  3.153039E-10
   7.100001E+02  1.925087E-07  1.309388E-08
   7.300001E+02  9.964393E-08  9.098861E-09
   7.500001E+02  4.125551E-08  5.341968E-09
   7.700001E+02  1.801615E-08  2.244586E-10
   7.900001E+02  1.879368E-08  2.292470E-10
   8.100001E+02  1.918073E-08  2.315898E-10
   8.300001E+02  3.123215E-08  3.576521E-09
   8.500001E+02  1.966285E-08  2.344666E-10
   8.700001E+02  1.948547E-08  2.334519E-10
   8.900001E+02  1.944229E-08  2.331607E-10
   9.100001E+02  1.469880E-07  1.176656E-08
   9.300001E+02  1.934040E-08  2.325814E-10
   9.500001E+02  2.567482E-08  2.648255E-09
   9.700001E+02  7.883230E-08  8.049110E-09
   9.900001E+02  1.933015E-08  2.324976E-10
   1.010000E+03  2.528617E-08  2.815842E-09
   1.030000E+03  2.820468E-08  3.328729E-09
   1.050000E+03  1.789717E-08  2.237580E-10
   1.070000E+03  1.766046E-08  2.222328E-10
   1.090000E+03  1.736008E-08  2.203775E-10
   1.110000E+03  1.712492E-08  2.188107E-10
   1.130000E+03  1.712523E-08  2.188365E-10
   1.150000E+03  1.700377E-08  2.180779E-10
   1.170000E+03  1.894349E-08  1.509809E-09
   1.190000E+03  1.670028E-08  2.160663E-10
   1.210000E+03  1.674781E-08  2.164086E-10
   1.230000E+03  1.627563E-08  2.133758E-10
   1.250000E+03  1.621755E-08  2.129840E-10
   1.270000E+03  1.615946E-08  2.126445E-10
   1.290000E+03  1.607714E-08  2.120553E-10
   1.310000E+03  1.577178E-08  2.100269E-10
   1.330000E+03  1.575966E-08  2.099589E-10
   1.350000E+03  1.564970E-08  2.092071E-10
   1.370000E+03  1.534558E-08  2.071633E-10
   1.390000E+03  1.530085E-08  2.069041E-10
   1.410000E+03  1.514988E-08  2.058595E-10
   1.430000E+03  1.485570E-08  2.038371E-10
   1.450000E+03  1.492901E-08  2.043207E-10
   1.470000E+03  1.471063E-08  2.028342E-10
   1.490000E+03  1.458731E-08  2.019507E-10
   1.510000E+03  1.455283E-08  2.017599E-10
   1.530000E+03  1.420553E-08  1.993464E-10
   1.550000E+03  1.414962E-08  1.989551E-10
   1.570000E+03  1.397100E-08  1.977129E-10
   1.590000E+03  1.379052E-08  1.963877E-10
   1.610000E+03  1.373833E-08  1.959992E-10
   1.630000E+03  1.358829E-08  1.949916E-10
   1.650000E+03  1.355909E-08  1.947248E-10
   1.670000E+03  1.321522E-08  1.922336E-10
   1.690000E+03  1.313352E-08  1.916538E-10
   1.710000E+03  1.305027E-08  1.910700E-10
   1.730000E+03  1.288749E-08  1.898420E-10
   1.750000E+03  1.284183E-08  1.895567E-10
   1.770000E+03  1.258990E-08  1.876206E-10
   1.790000E+03  1.247838E-08  1.867714E-10
   1.810000E+03  1.234760E-08  1.858860E-10
   1.830000E+03  1.214227E-08  1.842403E-10
   1.850000E+03  1.210841E-08  1.840499E-10
   1.870000E+03  1.203479E-08  1.834866E-10
   1.890000E+03  1.176391E-08  1.813445E-10
   1.910000E+03  1.170396E-08  1.808924E-10
   1.930000E+03  1.168066E-08  1.807031E-10
   1.950000E+03  1.160051E-08  1.800836E-10
   1.970000E+03  1.127838E-08  1.776350E-10
   1.990000E+03  1.123551E-08  1.772883E-10
   2.010000E+03  1.110629E-08  1.762244E-10
   2.030000E+03  1.097147E-08  1.751591E-10
   2.050000E+03  1.072824E-08  1.732666E-10
   2.070000E+03  1.073849E-08  1.733191E-10
   2.090000E+03  1.061051E-08  1.722558E-10
   2.110000E+03  1.048687E-08  1.713024E-10
   2.130000E+03  1.036634E-08  1.703334E-10
   2.150000E+03  1.017188E-08  1.686562E-10
   2.170000E+03  1.025048E-08  1.693152E-10
   2.190000E+03  9.946670E-09  1.667569E-10
   2.210000E+03  9.973385E-09  1.670167E-10
   2.230000E+03  9.764635E-09  1.652376E-10
   2.250000E+03  9.780478E-09  1.654133E-10
   2.270000E+03  9.490030E-09  1.629026E-10
   2.290000E+03  9.373851E-09  1.618884E-10
   2.310000E+03  9.331915E-09  1.615266E-10
   2.330000E+03  9.218221E-09  1.605361E-10
   2.350000E+03  9.169140E-09  1.601144E-10
   2.370000E+03  9.072220E-09  1.592567E-10
   2.390000E+03  8.839862E-09  1.572188E-10
   2.410000E+03  8.870305E-09  1.574942E-10
   2.430000E+03  8.729585E-09  1.562203E-10
   2.450000E+03  8.592904E-09  1.550282E-10
   2.470000E+03  8.525495E-09  1.543978E-10
   2.490000E+03  8.402171E-09  1.533018E-10
   2.510000E+03  8.414286E-09  1.534007E-10
   2.530000E+03  8.207401E-09  1.514668E-10
   2.550000E+03  8.153349E-09  1.509795E-10
   2.570000E+03  7.975974E-09  1.493659E-10
   2.590000E+03  8.032511E-09  1.498758E-10
   2.610000E+03  7.800774E-09  1.476669E-10
   2.630000E+03  7.805433E-09  1.477226E-10
   2.650000E+03  7.650424E-09  1.462627E-10
   2.670000E+03  7.487960E-09  1.447401E-10
   2.690000E+03  7.477088E-09  1.446172E-10
   2.710000E+03  7.356870E-09  1.434341E-10
   2.730000E+03  7.290083E-09  1.427705E-10
   2.750000E+03  7.189746E-09  1.417862E-10
   2.770000E+03  7.129793E-09  1.411947E-10
   2.790000E+03  6.962669E-09  1.395078E-10
   2.810000E+03  6.995907E-09  1.398773E-10
   2.830000E+03  6.859537E-09  1.384909E-10
   2.850000E+03  6.768519E-09  1.375704E-10
   2.870000E+03  6.709809E-09  1.369860E-10
   2.890000E+03  6.649855E-09  1.363674E-10
   2.910000E+03  6.503544E-09  1.348806E-10
   2.930000E+03  6.474033E-09  1.345619E-10
   2.950000E+03  6.360650E-09  1.333673E-10
   2.970000E+03  6.302250E-09  1.327284E-10
   2.990000E+03  6.190730E-09  1.315304E-10
   3.010000E+03  6.101887E-09  1.306106E-10
   3.030000E+03  6.120836E-09  1.307931E-10
   3.050000E+03  5.981981E-09  1.293561E-10
   3.070000E+03  5.861142E-09  1.280384E-10
   3.090000E+03  5.842504E-09  1.278010E-10
   3.110000E+03  5.695571E-09  1.262200E-10
   3.130000E+03  5.639967E-09  1.255965E-10
   3.150000E+03  5.695571E-09  1.261856E-10
   3.170000E+03  5.481230E-09  1.237981E-10
   3.190000E+03  5.390213E-09  1.227885E-10
   3.210000E+03  5.432149E-09  1.232433E-10
   3.230000E+03  5.363187E-09  1.224595E-10
   3.250000E+03  5.240795E-09  1.210559E-10
   3.270000E+03  5.119025E-09  1.196357E-10
   3.290000E+03  5.143565E-09  1.199508E-10
   3.310000E+03  5.008748E-09  1.183415E-10
   3.330000E+03  4.992284E-09  1.181765E-10
   3.350000E+03  4.898471E-09  1.170553E-10
   3.370000E+03  4.865232E-09  1.166432E-10
   3.390000E+03  4.742841E-09  1.151384E-10
   3.410000E+03  4.733521E-09  1.150555E-10
   3.430000E+03  4.676053E-09  1.143482E-10
   3.450000E+03  4.505512E-09  1.122305E-10
   3.470000E+03  4.469478E-09  1.117735E-10
   3.490000E+03  4.469478E-09  1.118123E-10
   3.510000E+03  4.299558E-09  1.096535E-10
   3.530000E+03  4.257933E-09  1.091061E-10
   3.550000E+03  4.279367E-09  1.093643E-10
   3.570000E+03  4.071238E-09  1.066650E-10
   3.590000E+03  4.085839E-09  1.068560E-10
   3.610000E+03  4.006625E-09  1.058320E-10
   3.630000E+03  4.010974E-09  1.058894E-10
   3.650000E+03  3.888272E-09  1.042666E-10
   3.670000E+03  3.881127E-09  1.041959E-10
   3.690000E+03  3.823970E-09  1.034016E-10
   3.710000E+03  3.765880E-09  1.026224E-10
   3.730000E+03  3.650633E-09  1.010588E-10
   3.750000E+03  3.659020E-09  1.011489E-10
   3.770000E+03  3.595339E-09  1.002569E-10
   3.790000E+03  3.496866E-09  9.887541E-11
   3.810000E+03  3.384415E-09  9.726482E-11
   3.830000E+03  3.412062E-09  9.766107E-11
   3.850000E+03  3.370436E-09  9.710858E-11
   3.870000E+03  3.284700E-09  9.584013E-11
   3.890000E+03  3.226300E-09  9.499423E-11
   3.910000E+03  3.183431E-09  9.432489E-11
   3.930000E+03  3.075640E-09  9.272409E-11
   3.950000E+03  3.032771E-09  9.208539E-11
   3.970000E+03  2.922494E-09  9.037769E-11
   3.990000E+03  2.965673E-09  9.107130E-11
   4.010000E+03  2.891430E-09  8.991555E-11
   4.030000E+03  2.813460E-09  8.867622E-11
   4.050000E+03  2.743256E-09  8.756318E-11
   4.070000E+03  2.719026E-09  8.720561E-11
   4.090000E+03  2.692000E-09  8.674153E-11
   4.110000E+03  2.609370E-09  8.542060E-11
   4.130000E+03  2.550349E-09  8.443944E-11
   4.150000E+03  2.441625E-09  8.264190E-11
   4.170000E+03  2.437276E-09  8.256834E-11
   4.190000E+03  2.445352E-09  8.268389E-11
   4.210000E+03  2.305254E-09  8.030324E-11
   4.230000E+03  2.323582E-09  8.059995E-11
   4.250000E+03  2.313641E-09  8.041665E-11
   4.270000E+03  2.163913E-09  7.777163E-11
   4.290000E+03  2.071343E-09  7.609030E-11
   4.310000E+03  2.075070E-09  7.615873E-11
   4.330000E+03  1.952989E-09  7.388493E-11
   4.350000E+03  1.917887E-09  7.321807E-11
   4.370000E+03  1.920372E-09  7.327733E-11
   4.390000E+03  1.820657E-09  7.135051E-11
   4.410000E+03  1.739269E-09  6.972590E-11
   4.430000E+03  1.706031E-09  6.906913E-11
   4.450000E+03  1.752627E-09  6.999309E-11
   4.470000E+03  1.651980E-09  6.797956E-11
   4.490000E+03  1.593580E-09  6.675526E-11
   4.510000E+03  1.519647E-09  6.517590E-11
   4.530000E+03  1.504426E-09  6.484872E-11
   4.550000E+03  1.399741E-09  6.255213E-11
   4.570000E+03  1.393217E-09  6.242013E-11
   4.590000E+03  1.333885E-09  6.107734E-11
   4.610000E+03  1.233549E-09  5.872190E-11
   4.630000E+03  1.196272E-09  5.782795E-11
   4.650000E+03  1.153714E-09  5.680543E-11
   4.670000E+03  1.100284E-09  5.547535E-11
   4.690000E+03  1.050893E-09  5.420074E-11
   4.710000E+03  9.869010E-10  5.252478E-11
   4.730000E+03  9.496243E-10  5.152336E-11
   4.750000E+03  8.489772E-10  4.871678E-11
   4.770000E+03  8.318920E-10  4.822413E-11
   4.790000E+03  7.843642E-10  4.686349E-11
   4.810000E+03  6.989384E-10  4.420316E-11
   4.830000E+03  6.601085E-10  4.295784E-11
   4.850000E+03  6.007764E-10  4.098194E-11
   4.870000E+03  5.827593E-10  4.036278E-11
   4.890000E+03  4.964016E-10  3.725246E-11
   4.910000E+03  4.103545E-10  3.387037E-11
   4.930000E+03  3.709033E-10  3.220116E-11
   4.950000E+03  2.991456E-10  2.891906E-11
   4.970000E+03  2.134092E-10  2.442594E-11
   4.990000E+03  1.338855E-10  1.934698E-11
   5.010001E+03  1.000000E-35  1.000000E-35
   5.030001E+03  1.000000E-35  1.000000E-35
   5.050001E+03  1.000000E-35  1.000000E-35
   5.070001E+03  1.000000E-35  1.000000E-35
   5.090001E+03  1.000000E-35  1.000000E-35
   5.110001E+03  1.000000E-35  1.000000E-35
   5.130001E+03  1.000000E-35  1.000000E-35
   5.150001E+03  1.000000E-35  1.000000E-35
   5.170001E+03  1.000000E-35  1.000000E-35
   5.190001E+03  1.000000E-35  1.000000E-35
   5.210001E+03  1.000000E-35  1.000000E-35
   5.230001E+03  1.000000E-35  1.000000E-35
   5.250001E+03  1.000000E-35  1.000000E-35
   5.270001E+03  1.000000E-35  1.000000E-35
   5.290001E+03  1.000000E-35  1.000000E-35
   5.310001E+03  1.000000E-35  1.000000E-35
   5.330001E+03  1.000000E-35  1.000000E-35
   5.350001E+03  1.000000E-35  1.000000E-35
   5.370001E+03  1.000000E-35  1.000000E-35
   5.390001E+03  1.000000E-35  1.000000E-35
   5.410001E+03  1.000000E-35  1.000000E-35
   5.430001E+03  1.000000E-35  1.000000E-35
   5.450001E+03  1.000000E-35  1.000000E-35
   5.470001E+03  1.000000E-35  1.000000E-35
   5.490001E+03  1.000000E-35  1.000000E-35
   5.510001E+03  1.000000E-35  1.000000E-35
   5.530001E+03  1.000000E-35  1.000000E-35
   5.550001E+03  1.000000E-35  1.000000E-35
   5.570001E+03  1.000000E-35  1.000000E-35
   5.590001E+03  1.000000E-35  1.000000E-35
   5.610001E+03  1.000000E-35  1.000000E-35
   5.630001E+03  1.000000E-35  1.000000E-35
   5.650001E+03  1.000000E-35  1.000000E-35
   5.670001E+03  1.000000E-35  1.000000E-35
   5.690001E+03  1.000000E-35  1.000000E-35
   5.710001E+03  1.000000E-35  1.000000E-35
   5.730001E+03  1.000000E-35  1.000000E-35
   5.750001E+03  1.000000E-35  1.000000E-35
   5.770001E+03  1.000000E-35  1.000000E-35
   5.790001E+03  1.000000E-35  1.000000E-35
   5.810001E+03  1.000000E-35  1.000000E-35
   5.830001E+03  1.000000E-35  1.000000E-35
   5.850001E+03  1.000000E-35  1.000000E-35
   5.870001E+03  1.000000E-35  1.000000E-35
   5.890001E+03  1.000000E-35  1.000000E-35
   5.910001E+03  1.000000E-35  1.000000E-35
   5.930001E+03  1.000000E-35  1.000000E-35
   5.950001E+03  1.000000E-35  1.000000E-35
   5.970001E+03  1.000000E-35  1.000000E-35
   5.990001E+03  1.000000E-35  1.000000E-35
   6.010001E+03  1.000000E-35  1.000000E-35
   6.030001E+03  1.000000E-35  1.000000E-35
   6.050001E+03  1.000000E-35  1.000000E-35
   6.070001E+03  1.000000E-35  1.000000E-35
   6.090001E+03  1.000000E-35  1.000000E-35
   6.110001E+03  1.000000E-35  1.000000E-35
   6.130001E+03  1.000000E-35  1.000000E-35
   6.150001E+03  1.000000E-35  1.000000E-35
   6.170001E+03  1.000000E-35  1.000000E-35
   6.190001E+03  1.000000E-35  1.000000E-35
   6.210001E+03  1.000000E-35  1.000000E-35
   6.230001E+03  1.000000E-35  1.000000E-35
   6.250001E+03  1.000000E-35  1.000000E-35
   6.270001E+03  1.000000E-35  1.000000E-35
   6.290001E+03  1.000000E-35  1.000000E-35
   6.310001E+03  1.000000E-35  1.000000E-35
   6.330001E+03  1.000000E-35  1.000000E-35
   6.350001E+03  1.000000E-35  1.000000E-35
   6.370001E+03  1.000000E-35  1.000000E-35
   6.390001E+03  1.000000E-35  1.000000E-35
   6.410001E+03  1.000000E-35  1.000000E-35
   6.430001E+03  1.000000E-35  1.000000E-35
   6.450001E+03  1.000000E-35  1.000000E-35
   6.470001E+03  1.000000E-35  1.000000E-35
   6.490001E+03  1.000000E-35  1.000000E-35
   6.510001E+03  1.000000E-35  1.000000E-35
   6.530001E+03  1.000000E-35  1.000000E-35
   6.550001E+03  1.000000E-35  1.000000E-35
   6.570001E+03  1.000000E-35  1.000000E-35
   6.590001E+03  1.000000E-35  1.000000E-35
   6.610001E+03  1.000000E-35  1.000000E-35
   6.630001E+03  1.000000E-35  1.000000E-35
   6.650001E+03  1.000000E-35  1.000000E-35
   6.670001E+03  1.000000E-35  1.000000E-35
   6.690001E+03  1.000000E-35  1.000000E-35
   6.710001E+03  1.000000E-35  1.000000E-35
   6.730001E+03  1.000000E-35  1.000000E-35
   6.750001E+03  1.000000E-35  1.000000E-35
   6.770001E+03  1.000000E-35  1.000000E-35
   6.790001E+03  1.000000E-35  1.000000E-35
   6.810001E+03  1.000000E-35  1.000000E-35
   6.830001E+03  1.000000E-35  1.000000E-35
   6.850001E+03  1.000000E-35  1.000000E-35
   6.870001E+03  1.000000E-35  1.000000E-35
   6.890001E+03  1.000000E-35  1.000000E-35
   6.910001E+03  1.000000E-35  1.000000E-35
   6.930001E+03  1.000000E-35  1.000000E-35
   6.950001E+03  1.000000E-35  1.000000E-35
   6.970001E+03  1.000000E-35  1.000000E-35
   6.990001E+03  1.000000E-35  1.000000E-35
   7.010001E+03  1.000000E-35  1.000000E-35
   7.030001E+03  1.000000E-35  1.000000E-35
   7.050001E+03  1.000000E-35  1.000000E-35
   7.070001E+03  1.000000E-35  1.000000E-35
   7.090001E+03  1.000000E-35  1.000000E-35
   7.110001E+03  1.000000E-35  1.000000E-35
   7.130001E+03  1.000000E-35  1.000000E-35
   7.150001E+03  1.000000E-35  1.000000E-35
   7.170001E+03  1.000000E-35  1.000000E-35
   7.190001E+03  1.000000E-35  1.000000E-35
   7.210001E+03  1.000000E-35  1.000000E-35
   7.230001E+03  1.000000E-35  1.000000E-35
   7.250001E+03  1.000000E-35  1.000000E-35
   7.270001E+03  1.000000E-35  1.000000E-35
   7.290001E+03  1.000000E-35  1.000000E-35
   7.310001E+03  1.000000E-35  1.000000E-35
   7.330001E+03  1.000000E-35  1.000000E-35
   7.350001E+03  1.000000E-35  1.000000E-35
   7.370001E+03  1.000000E-35  1.000000E-35
   7.390001E+03  1.000000E-35  1.000000E-35
   7.410001E+03  1.000000E-35  1.000000E-35
   7.430001E+03  1.000000E-35  1.000000E-35
   7.450001E+03  1.000000E-35  1.000000E-35
   7.470001E+03  1.000000E-35  1.000000E-35
   7.490001E+03  1.000000E-35  1.000000E-35
   7.510001E+03  1.000000E-35  1.000000E-35
   7.530001E+03  1.000000E-35  1.000000E-35
   7.550001E+03  1.000000E-35  1.000000E-35
   7.570001E+03  1.000000E-35  1.000000E-35
   7.590001E+03  1.000000E-35  1.000000E-35
   7.610001E+03  1.000000E-35  1.000000E-35
   7.630001E+03  1.000000E-35  1.000000E-35
   7.650001E+03  1.000000E-35  1.000000E-35
   7.670001E+03  1.000000E-35  1.000000E-35
   7.690001E+03  1.000000E-35  1.000000E-35
   7.710001E+03  1.000000E-35  1.000000E-35
   7.730001E+03  1.000000E-35  1.000000E-35
   7.750001E+03  1.000000E-35  1.000000E-35
   7.770001E+03  1.000000E-35  1.000000E-35
   7.790001E+03  1.000000E-35  1.000000E-35
   7.810001E+03  1.000000E-35  1.000000E-35
   7.830001E+03  1.000000E-35  1.000000E-35
   7.850001E+03  1.000000E-35  1.000000E-35
   7.870001E+03  1.000000E-35  1.000000E-35
   7.890001E+03  1.000000E-35  1.000000E-35
   7.910001E+03  1.000000E-35  1.000000E-35
   7.930001E+03  1.000000E-35  1.000000E-35
   7.950001E+03  1.000000E-35  1.000000E-35
   7.970001E+03  1.000000E-35  1.000000E-35
   7.990001E+03  1.000000E-35  1.000000E-35
   8.010001E+03  1.000000E-35  1.000000E-35
   8.030001E+03  1.000000E-35  1.000000E-35
   8.050001E+03  1.000000E-35  1.000000E-35
   8.070001E+03  1.000000E-35  1.000000E-35
   8.090001E+03  1.000000E-35  1.000000E-35
   8.110001E+03  1.000000E-35  1.000000E-35
   8.130001E+03  1.000000E-35  1.000000E-35
   8.150001E+03  1.000000E-35  1.000000E-35
   8.170001E+03  1.000000E-35  1.000000E-35
   8.190001E+03  1.000000E-35  1.000000E-35
   8.210001E+03  1.000000E-35  1.000000E-35
   8.230001E+03  1.000000E-35  1.000000E-35
   8.250001E+03  1.000000E-35  1.000000E-35
   8.270001E+03  1.000000E-35  1.000000E-35
   8.290001E+03  1.000000E-35  1.000000E-35
   8.310001E+03  1.000000E-35  1.000000E-35
   8.330001E+03  1.000000E-35  1.000000E-35
   8.350001E+03  1.000000E-35  1.000000E-35
   8.370001E+03  1.000000E-35  1.000000E-35
   8.390001E+03  1.000000E-35  1.000000E-35
   8.410001E+03  1.000000E-35  1.000000E-35
   8.430001E+03  1.000000E-35  1.000000E-35
   8.450001E+03  1.000000E-35  1.000000E-35
   8.470001E+03  1.000000E-35  1.000000E-35
   8.490001E+03  1.000000E-35  1.000000E-35
   8.510001E+03  1.000000E-35  1.000000E-35
   8.530001E+03  1.000000E-35  1.000000E-35
   8.550001E+03  1.000000E-35  1.000000E-35
   8.570001E+03  1.000000E-35  1.000000E-35
   8.590001E+03  1.000000E-35  1.000000E-35
   8.610001E+03  1.000000E-35  1.000000E-35
   8.630001E+03  1.000000E-35  1.000000E-35
   8.650001E+03  1.000000E-35  1.000000E-35
   8.670001E+03  1.000000E-35  1.000000E-35
   8.690001E+03  1.000000E-35  1.000000E-35
   8.710001E+03  1.000000E-35  1.000000E-35
   8.730001E+03  1.000000E-35  1.000000E-35
   8.750001E+03  1.000000E-35  1.000000E-35
   8.770001E+03  1.000000E-35  1.000000E-35
   8.790001E+03  1.000000E-35  1.000000E-35
   8.810001E+03  1.000000E-35  1.000000E-35
   8.830001E+03  1.000000E-35  1.000000E-35
   8.850001E+03  1.000000E-35  1.000000E-35
   8.870001E+03  1.000000E-35  1.000000E-35
   8.890001E+03  1.000000E-35  1.000000E-35
   8.910001E+03  1.000000E-35  1.000000E-35
   8.930001E+03  1.000000E-35  1.000000E-35
   8.950001E+03  1.000000E-35  1.000000E-35
   8.970001E+03  1.000000E-35  1.000000E-35
   8.990001E+03  1.000000E-35  1.000000E-35
   9.010001E+03  1.000000E-35  1.000000E-35
   9.030001E+03  1.000000E-35  1.000000E-35
   9.050001E+03  1.000000E-35  1.000000E-35
   9.070001E+03  1.000000E-35  1.000000E-35
   9.090001E+03  1.000000E-35  1.000000E-35
   9.110001E+03  1.000000E-35  1.000000E-35
   9.130001E+03  1.000000E-35  1.000000E-35
   9.150001E+03  1.000000E-35  1.000000E-35
   9.170001E+03  1.000000E-35  1.000000E-35
   9.190001E+03  1.000000E-35  1.000000E-35
   9.210001E+03  1.000000E-35  1.000000E-35
   9.230001E+03  1.000000E-35  1.000000E-35
   9.250001E+03  1.000000E-35  1.000000E-35
   9.270001E+03  1.000000E-35  1.000000E-35
   9.290001E+03  1.000000E-35  1.000000E-35
   9.310001E+03  1.000000E-35  1.000000E-35
   9.330001E+03  1.000000E-35  1.000000E-35
   9.350001E+03  1.000000E-35  1.000000E-35
   9.370001E+03  1.000000E-35  1.000000E-35
   9.390001E+03  1.000000E-35  1.000000E-35
   9.410001E+03  1.000000E-35  1.000000E-35
   9.430001E+03  1.000000E-35  1.000000E-35
   9.450001E+03  1.000000E-35  1.000000E-35
   9.470001E+03  1.000000E-35  1.000000E-35
   9.490001E+03  1.000000E-35  1.000000E-35
   9.510001E+03  1.000000E-35  1.000000E-35
   9.530001E+03  1.000000E-35  1.000000E-35
   9.550001E+03  1.000000E-35  1.000000E-35
   9.570001E+03  1.000000E-35  1.000000E-35
   9.590001E+03  1.000000E-35  1.000000E-35
   9.610001E+03  1.000000E-35  1.000000E-35
   9.630001E+03  1.000000E-35  1.000000E-35
   9.650001E+03  1.000000E-35  1.000000E-35
   9.670001E+03  1.000000E-35  1.000000E-35
   9.690001E+03  1.000000E-35  1.000000E-35
   9.710001E+03  1.000000E-35  1.000000E-35
   9.730001E+03  1.000000E-35  1.000000E-35
   9.750001E+03  1.000000E-35  1.000000E-35
   9.770001E+03  1.000000E-35  1.000000E-35
   9.790001E+03  1.000000E-35  1.000000E-35
   9.810001E+03  1.000000E-35  1.000000E-35
   9.830001E+03  1.000000E-35  1.000000E-35
   9.850001E+03  1.000000E-35  1.000000E-35
   9.870001E+03  1.000000E-35  1.000000E-35
   9.890001E+03  1.000000E-35  1.000000E-35
   9.910001E+03  1.000000E-35  1.000000E-35
   9.930001E+03  1.000000E-35  1.000000E-35
   9.950001E+03  1.000000E-35  1.000000E-35
   9.970001E+03  1.000000E-35  1.000000E-35
   9.990001E+03  1.000000E-35  1.000000E-35
   1.001000E+04  1.000000E-35  1.000000E-35
   1.003000E+04  1.000000E-35  1.000000E-35
   1.005000E+04  1.000000E-35  1.000000E-35
   1.007000E+04  1.000000E-35  1.000000E-35
   1.009000E+04  1.000000E-35  1.000000E-35
   1.011000E+04  1.000000E-35  1.000000E-35
   1.013000E+04  1.000000E-35  1.000000E-35
   1.015000E+04  1.000000E-35  1.000000E-35
   1.017000E+04  1.000000E-35  1.000000E-35
   1.019000E+04  1.000000E-35  1.000000E-35
   1.021000E+04  1.000000E-35  1.000000E-35
   1.023000E+04  1.000000E-35  1.000000E-35
   1.025000E+04  1.000000E-35  1.000000E-35
   1.027000E+04  1.000000E-35  1.000000E-35
   1.029000E+04  1.000000E-35  1.000000E-35
   1.031000E+04  1.000000E-35  1.000000E-35
   1.033000E+04  1.000000E-35  1.000000E-35
   1.035000E+04  1.000000E-35  1.000000E-35
   1.037000E+04  1.000000E-35  1.000000E-35
   1.039000E+04  1.000000E-35  1.000000E-35
   1.041000E+04  1.000000E-35  1.000000E-35
   1.043000E+04  1.000000E-35  1.000000E-35
   1.045000E+04  1.000000E-35  1.000000E-35
   1.047000E+04  1.000000E-35  1.000000E-35
   1.049000E+04  1.000000E-35  1.000000E-35
   1.051000E+04  1.000000E-35  1.000000E-35
   1.053000E+04  1.000000E-35  1.000000E-35
   1.055000E+04  1.000000E-35  1.000000E-35
   1.057000E+04  1.000000E-35  1.000000E-35
   1.059000E+04  1.000000E-35  1.000000E-35
   1.061000E+04  1.000000E-35  1.000000E-35
   1.063000E+04  1.000000E-35  1.000000E-35
   1.065000E+04  1.000000E-35  1.000000E-35
   1.067000E+04  1.000000E-35  1.000000E-35
   1.069000E+04  1.000000E-35  1.000000E-35
   1.071000E+04  1.000000E-35  1.000000E-35
   1.073000E+04  1.000000E-35  1.000000E-35
   1.075000E+04  1.000000E-35  1.000000E-35
   1.077000E+04  1.000000E-35  1.000000E-35
   1.079000E+04  1.000000E-35  1.000000E-35
   1.081000E+04  1.000000E-35  1.000000E-35
   1.083000E+04  1.000000E-35  1.000000E-35
   1.085000E+04  1.000000E-35  1.000000E-35
   1.087000E+04  1.000000E-35  1.000000E-35
   1.089000E+04  1.000000E-35  1.000000E-35
   1.091000E+04  1.000000E-35  1.000000E-35
   1.093000E+04  1.000000E-35  1.000000E-35
   1.095000E+04  1.000000E-35  1.000000E-35
   1.097000E+04  1.000000E-35  1.000000E-35
   1.099000E+04  1.000000E-35  1.000000E-35
   1.101000E+04  1.000000E-35  1.000000E-35
   1.103000E+04  1.000000E-35  1.000000E-35
   1.105000E+04  1.000000E-35  1.000000E-35
   1.107000E+04  1.000000E-35  1.000000E-35
   1.109000E+04  1.000000E-35  1.000000E-35
   1.111000E+04  1.000000E-35  1.000000E-35
   1.113000E+04  1.000000E-35  1.000000E-35
   1.115000E+04  1.000000E-35  1.000000E-35
   1.117000E+04  1.000000E-35  1.000000E-35
   1.119000E+04  1.000000E-35  1.000000E-35
   1.121000E+04  1.000000E-35  1.000000E-35
   1.123000E+04  1.000000E-35  1.000000E-35
   1.125000E+04  1.000000E-35  1.000000E-35
   1.127000E+04  1.000000E-35  1.000000E-35
   1.129000E+04  1.000000E-35  1.000000E-35
   1.131000E+04  1.000000E-35  1.000000E-35
   1.133000E+04  1.000000E-35  1.000000E-35
   1.135000E+04  1.000000E-35  1.000000E-35
   1.137000E+04  1.000000E-35  1.000000E-35
   1.139000E+04  1.000000E-35  1.000000E-35
   1.141000E+04  1.000000E-35  1.000000E-35
   1.143000E+04  1.000000E-35  1.000000E-35
   1.145000E+04  1.000000E-35  1.000000E-35
   1.147000E+04  1.000000E-35  1.000000E-35
   1.149000E+04  1.000000E-35  1.000000E-35
   1.151000E+04  1.000000E-35  1.000000E-35
   1.153000E+04  1.000000E-35  1.000000E-35
   1.155000E+04  1.000000E-35  1.000000E-35
   1.157000E+04  1.000000E-35  1.000000E-35
   1.159000E+04  1.000000E-35  1.000000E-35
   1.161000E+04  1.000000E-35  1.000000E-35
   1.163000E+04  1.000000E-35  1.000000E-35
   1.165000E+04  1.000000E-35  1.000000E-35
   1.167000E+04  1.000000E-35  1.000000E-35
   1.169000E+04  1.000000E-35  1.000000E-35
   1.171000E+04  1.000000E-35  1.000000E-35
   1.173000E+04  1.000000E-35  1.000000E-35
   1.175000E+04  1.000000E-35  1.000000E-35
   1.177000E+04  1.000000E-35  1.000000E-35
   1.179000E+04  1.000000E-35  1.000000E-35
   1.181000E+04  1.000000E-35  1.000000E-35
   1.183000E+04  1.000000E-35  1.000000E-35
   1.185000E+04  1.000000E-35  1.000000E-35
   1.187000E+04  1.000000E-35  1.000000E-35
   1.189000E+04  1.000000E-35  1.000000E-35
   1.191000E+04  1.000000E-35  1.000000E-35
   1.193000E+04  1.000000E-35  1.000000E-35
   1.195000E+04  1.000000E-35  1.000000E-35
   1.197000E+04  1.000000E-35  1.000000E-35
   1.199000E+04  1.000000E-35  1.000000E-35
   1.201000E+04  1.000000E-35  1.000000E-35
   1.203000E+04  1.000000E-35  1.000000E-35
   1.205000E+04  1.000000E-35  1.000000E-35
   1.207000E+04  1.000000E-35  1.000000E-35
   1.209000E+04  1.000000E-35  1.000000E-35
   1.211000E+04  1.000000E-35  1.000000E-35
   1.213000E+04  1.000000E-35  1.000000E-35
   1.215000E+04  1.000000E-35  1.000000E-35
   1.217000E+04  1.000000E-35  1.000000E-35
   1.219000E+04  1.000000E-35  1.000000E-35
   1.221000E+04  1.000000E-35  1.000000E-35
   1.223000E+04  1.000000E-35  1.000000E-35
   1.225000E+04  1.000000E-35  1.000000E-35
   1.227000E+04  1.000000E-35  1.000000E-35
   1.229000E+04  1.000000E-35  1.000000E-35
   1.231000E+04  1.000000E-35  1.000000E-35
   1.233000E+04  1.000000E-35  1.000000E-35
   1.235000E+04  1.000000E-35  1.000000E-35
   1.237000E+04  1.000000E-35  1.000000E-35
   1.239000E+04  1.000000E-35  1.000000E-35
   1.241000E+04  1.000000E-35  1.000000E-35
   1.243000E+04  1.000000E-35  1.000000E-35
   1.245000E+04  1.000000E-35  1.000000E-35
   1.247000E+04  1.000000E-35  1.000000E-35
   1.249000E+04  1.000000E-35  1.000000E-35
   1.251000E+04  1.000000E-35  1.000000E-35
   1.253000E+04  1.000000E-35  1.000000E-35
   1.255000E+04  1.000000E-35  1.000000E-35
   1.257000E+04  1.000000E-35  1.000000E-35
   1.259000E+04  1.000000E-35  1.000000E-35
   1.261000E+04  1.000000E-35  1.000000E-35
   1.263000E+04  1.000000E-35  1.000000E-35
   1.265000E+04  1.000000E-35  1.000000E-35
   1.267000E+04  1.000000E-35  1.000000E-35
   1.269000E+04  1.000000E-35  1.000000E-35
   1.271000E+04  1.000000E-35  1.000000E-35
   1.273000E+04  1.000000E-35  1.000000E-35
   1.275000E+04  1.000000E-35  1.000000E-35
   1.277000E+04  1.000000E-35  1.000000E-35
   1.279000E+04  1.000000E-35  1.000000E-35
   1.281000E+04  1.000000E-35  1.000000E-35
   1.283000E+04  1.000000E-35  1.000000E-35
   1.285000E+04  1.000000E-35  1.000000E-35
   1.287000E+04  1.000000E-35  1.000000E-35
   1.289000E+04  1.000000E-35  1.000000E-35
   1.291000E+04  1.000000E-35  1.000000E-35
   1.293000E+04  1.000000E-35  1.000000E-35
   1.295000E+04  1.000000E-35  1.000000E-35
   1.297000E+04  1.000000E-35  1.000000E-35
   1.299000E+04  1.000000E-35  1.000000E-35
   1.301000E+04  1.000000E-35  1.000000E-35
   1.303000E+04  1.000000E-35  1.000000E-35
   1.305000E+04  1.000000E-35  1.000000E-35
   1.307000E+04  1.000000E-35  1.000000E-35
   1.309000E+04  1.000000E-35  1.000000E-35
   1.311000E+04  1.000000E-35  1.000000E-35
   1.313000E+04  1.000000E-35  1.000000E-35
   1.315000E+04  1.000000E-35  1.000000E-35
   1.317000E+04  1.000000E-35  1.000000E-35
   1.319000E+04  1.000000E-35  1.000000E-35
   1.321000E+04  1.000000E-35  1.000000E-35
   1.323000E+04  1.000000E-35  1.000000E-35
   1.325000E+04  1.000000E-35  1.000000E-35
   1.327000E+04  1.000000E-35  1.000000E-35
   1.329000E+04  1.000000E-35  1.000000E-35
   1.331000E+04  1.000000E-35  1.000000E-35
   1.333000E+04  1.000000E-35  1.000000E-35
   1.335000E+04  1.000000E-35  1.000000E-35
   1.337000E+04  1.000000E-35  1.000000E-35
   1.339000E+04  1.000000E-35  1.000000E-35
   1.341000E+04  1.000000E-35  1.000000E-35
   1.343000E+04  1.000000E-35  1.000000E-35
   1.345000E+04  1.000000E-35  1.000000E-35
   1.347000E+04  1.000000E-35  1.000000E-35
   1.349000E+04  1.000000E-35  1.000000E-35
   1.351000E+04  1.000000E-35  1.000000E-35
   1.353000E+04  1.000000E-35  1.000000E-35
   1.355000E+04  1.000000E-35  1.000000E-35
   1.357000E+04  1.000000E-35  1.000000E-35
   1.359000E+04  1.000000E-35  1.000000E-35
   1.361000E+04  1.000000E-35  1.000000E-35
   1.363000E+04  1.000000E-35  1.000000E-35
   1.365000E+04  1.000000E-35  1.000000E-35
   1.367000E+04  1.000000E-35  1.000000E-35
   1.369000E+04  1.000000E-35  1.000000E-35
   1.371000E+04  1.000000E-35  1.000000E-35
   1.373000E+04  1.000000E-35  1.000000E-35
   1.375000E+04  1.000000E-35  1.000000E-35
   1.377000E+04  1.000000E-35  1.000000E-35
   1.379000E+04  1.000000E-35  1.000000E-35
   1.381000E+04  1.000000E-35  1.000000E-35
   1.383000E+04  1.000000E-35  1.000000E-35
   1.385000E+04  1.000000E-35  1.000000E-35
   1.387000E+04  1.000000E-35  1.000000E-35
   1.389000E+04  1.000000E-35  1.000000E-35
   1.391000E+04  1.000000E-35  1.000000E-35
   1.393000E+04  1.000000E-35  1.000000E-35
   1.395000E+04  1.000000E-35  1.000000E-35
   1.397000E+04  1.000000E-35  1.000000E-35
   1.399000E+04  1.000000E-35  1.000000E-35
   1.401000E+04  1.000000E-35  1.000000E-35
   1.403000E+04  1.000000E-35  1.000000E-35
   1.405000E+04  1.000000E-35  1.000000E-35
   1.407000E+04  1.000000E-35  1.000000E-35
   1.409000E+04  1.000000E-35  1.000000E-35
   1.411000E+04  1.000000E-35  1.000000E-35
   1.413000E+04  1.000000E-35  1.000000E-35
   1.415000E+04  1.000000E-35  1.000000E-35
   1.417000E+04  1.000000E-35  1.000000E-35
   1.419000E+04  1.000000E-35  1.000000E-35
   1.421000E+04  1.000000E-35  1.000000E-35
   1.423000E+04  1.000000E-35  1.000000E-35
   1.425000E+04  1.000000E-35  1.000000E-35
   1.427000E+04  1.000000E-35  1.000000E-35
   1.429000E+04  1.000000E-35  1.000000E-35
   1.431000E+04  1.000000E-35  1.000000E-35
   1.433000E+04  1.000000E-35  1.000000E-35
   1.435000E+04  1.000000E-35  1.000000E-35
   1.437000E+04  1.000000E-35  1.000000E-35
   1.439000E+04  1.000000E-35  1.000000E-35
   1.441000E+04  1.000000E-35  1.000000E-35
   1.443000E+04  1.000000E-35  1.000000E-35
   1.445000E+04  1.000000E-35  1.000000E-35
   1.447000E+04  1.000000E-35  1.000000E-35
   1.449000E+04  1.000000E-35  1.000000E-35
   1.451000E+04  1.000000E-35  1.000000E-35
   1.453000E+04  1.000000E-35  1.000000E-35
   1.455000E+04  1.000000E-35  1.000000E-35
   1.457000E+04  1.000000E-35  1.000000E-35
   1.459000E+04  1.000000E-35  1.000000E-35
   1.461000E+04  1.000000E-35  1.000000E-35
   1.463000E+04  1.000000E-35  1.000000E-35
   1.465000E+04  1.000000E-35  1.000000E-35
   1.467000E+04  1.000000E-35  1.000000E-35
   1.469000E+04  1.000000E-35  1.000000E-35
   1.471000E+04  1.000000E-35  1.000000E-35
   1.473000E+04  1.000000E-35  1.000000E-35
   1.475000E+04  1.000000E-35  1.000000E-35
   1.477000E+04  1.000000E-35  1.000000E-35
   1.479000E+04  1.000000E-35  1.000000E-35
   1.481000E+04  1.000000E-35  1.000000E-35
   1.483000E+04  1.000000E-35  1.000000E-35
   1.485000E+04  1.000000E-35  1.000000E-35
   1.487000E+04  1.000000E-35  1.000000E-35
   1.489000E+04  1.000000E-35  1.000000E-35
   1.491000E+04  1.000000E-35  1.000000E-35
   1.493000E+04  1.000000E-35  1.000000E-35
   1.495000E+04  1.000000E-35  1.000000E-35
   1.497000E+04  1.000000E-35  1.000000E-35
   1.499000E+04  1.000000E-35  1.000000E-35
   1.501000E+04  1.000000E-35  1.000000E-35
   1.503000E+04  1.000000E-35  1.000000E-35
   1.505000E+04  1.000000E-35  1.000000E-35
   1.507000E+04  1.000000E-35  1.000000E-35
   1.509000E+04  1.000000E-35  1.000000E-35
   1.511000E+04  1.000000E-35  1.000000E-35
   1.513000E+04  1.000000E-35  1.000000E-35
   1.515000E+04  1.000000E-35  1.000000E-35
   1.517000E+04  1.000000E-35  1.000000E-35
   1.519000E+04  1.000000E-35  1.000000E-35
   1.521000E+04  1.000000E-35  1.000000E-35
   1.523000E+04  1.000000E-35  1.000000E-35
   1.525000E+04  1.000000E-35  1.000000E-35
   1.527000E+04  1.000000E-35  1.000000E-35
   1.529000E+04  1.000000E-35  1.000000E-35
   1.531000E+04  1.000000E-35  1.000000E-35
   1.533000E+04  1.000000E-35  1.000000E-35
   1.535000E+04  1.000000E-35  1.000000E-35
   1.537000E+04  1.000000E-35  1.000000E-35
   1.539000E+04  1.000000E-35  1.000000E-35
   1.541000E+04  1.000000E-35  1.000000E-35
   1.543000E+04  1.000000E-35  1.000000E-35
   1.545000E+04  1.000000E-35  1.000000E-35
   1.547000E+04  1.000000E-35  1.000000E-35
   1.549000E+04  1.000000E-35  1.000000E-35
   1.551000E+04  1.000000E-35  1.000000E-35
   1.553000E+04  1.000000E-35  1.000000E-35
   1.555000E+04  1.000000E-35  1.000000E-35
   1.557000E+04  1.000000E-35  1.000000E-35
   1.559000E+04  1.000000E-35  1.000000E-35
   1.561000E+04  1.000000E-35  1.000000E-35
   1.563000E+04  1.000000E-35  1.000000E-35
   1.565000E+04  1.000000E-35  1.000000E-35
   1.567000E+04  1.000000E-35  1.000000E-35
   1.569000E+04  1.000000E-35  1.000000E-35
   1.571000E+04  1.000000E-35  1.000000E-35
   1.573000E+04  1.000000E-35  1.000000E-35
   1.575000E+04  1.000000E-35  1.000000E-35
   1.577000E+04  1.000000E-35  1.000000E-35
   1.579000E+04  1.000000E-35  1.000000E-35
   1.581000E+04  1.000000E-35  1.000000E-35
   1.583000E+04  1.000000E-35  1.000000E-35
   1.585000E+04  1.000000E-35  1.000000E-35
   1.587000E+04  1.000000E-35  1.000000E-35
   1.589000E+04  1.000000E-35  1.000000E-35
   1.591000E+04  1.000000E-35  1.000000E-35
   1.593000E+04  1.000000E-35  1.000000E-35
   1.595000E+04  1.000000E-35  1.000000E-35
   1.597000E+04  1.000000E-35  1.000000E-35
   1.599000E+04  1.000000E-35  1.000000E-35
   1.601000E+04  1.000000E-35  1.000000E-35
   1.603000E+04  1.000000E-35  1.000000E-35
   1.605000E+04  1.000000E-35  1.000000E-35
   1.607000E+04  1.000000E-35  1.000000E-35
   1.609000E+04  1.000000E-35  1.000000E-35
   1.611000E+04  1.000000E-35  1.000000E-35
   1.613000E+04  1.000000E-35  1.000000E-35
   1.615000E+04  1.000000E-35  1.000000E-35
   1.617000E+04  1.000000E-35  1.000000E-35
   1.619000E+04  1.000000E-35  1.000000E-35
   1.621000E+04  1.000000E-35  1.000000E-35
   1.623000E+04  1.000000E-35  1.000000E-35
   1.625000E+04  1.000000E-35  1.000000E-35
   1.627000E+04  1.000000E-35  1.000000E-35
   1.629000E+04  1.000000E-35  1.000000E-35
   1.631000E+04  1.000000E-35  1.000000E-35
   1.633000E+04  1.000000E-35  1.000000E-35
   1.635000E+04  1.000000E-35  1.000000E-35
   1.637000E+04  1.000000E-35  1.000000E-35
   1.639000E+04  1.000000E-35  1.000000E-35
   1.641000E+04  1.000000E-35  1.000000E-35
   1.643000E+04  1.000000E-35  1.000000E-35
   1.645000E+04  1.000000E-35  1.000000E-35
   1.647000E+04  1.000000E-35  1.000000E-35
   1.649000E+04  1.000000E-35  1.000000E-35
   1.651000E+04  1.000000E-35  1.000000E-35
   1.653000E+04  1.000000E-35  1.000000E-35
   1.655000E+04  1.000000E-35  1.000000E-35
   1.657000E+04  1.000000E-35  1.000000E-35
   1.659000E+04  1.000000E-35  1.000000E-35
   1.661000E+04  1.000000E-35  1.000000E-35
   1.663000E+04  1.000000E-35  1.000000E-35
   1.665000E+04  1.000000E-35  1.000000E-35
   1.667000E+04  1.000000E-35  1.000000E-35
   1.669000E+04  1.000000E-35  1.000000E-35
   1.671000E+04  1.000000E-35  1.000000E-35
   1.673000E+04  1.000000E-35  1.000000E-35
   1.675000E+04  1.000000E-35  1.000000E-35
   1.677000E+04  1.000000E-35  1.000000E-35
   1.679000E+04  1.000000E-35  1.000000E-35
   1.681000E+04  1.000000E-35  1.000000E-35
   1.683000E+04  1.000000E-35  1.000000E-35
   1.685000E+04  1.000000E-35  1.000000E-35
   1.687000E+04  1.000000E-35  1.000000E-35
   1.689000E+04  1.000000E-35  1.000000E-35
   1.691000E+04  1.000000E-35  1.000000E-35
   1.693000E+04  1.000000E-35  1.000000E-35
   1.695000E+04  1.000000E-35  1.000000E-35
   1.697000E+04  1.000000E-35  1.000000E-35
   1.699000E+04  1.000000E-35  1.000000E-35
   1.701000E+04  1.000000E-35  1.000000E-35
   1.703000E+04  1.000000E-35  1.000000E-35
   1.705000E+04  1.000000E-35  1.000000E-35
   1.707000E+04  1.000000E-35  1.000000E-35
   1.709000E+04  1.000000E-35  1.000000E-35
   1.711000E+04  1.000000E-35  1.000000E-35
   1.713000E+04  1.000000E-35  1.000000E-35
   1.715000E+04  1.000000E-35  1.000000E-35
   1.717000E+04  1.000000E-35  1.000000E-35
   1.719000E+04  1.000000E-35  1.000000E-35
   1.721000E+04  1.000000E-35  1.000000E-35
   1.723000E+04  1.000000E-35  1.000000E-35
   1.725000E+04  1.000000E-35  1.000000E-35
   1.727000E+04  1.000000E-35  1.000000E-35
   1.729000E+04  1.000000E-35  1.000000E-35
   1.731000E+04  1.000000E-35  1.000000E-35
   1.733000E+04  1.000000E-35  1.000000E-35
   1.735000E+04  1.000000E-35  1.000000E-35
   1.737000E+04  1.000000E-35  1.000000E-35
   1.739000E+04  1.000000E-35  1.000000E-35
   1.741000E+04  1.000000E-35  1.000000E-35
   1.743000E+04  1.000000E-35  1.000000E-35
   1.745000E+04  1.000000E-35  1.000000E-35
   1.747000E+04  1.000000E-35  1.000000E-35
   1.749000E+04  1.000000E-35  1.000000E-35
   1.751000E+04  1.000000E-35  1.000000E-35
   1.753000E+04  1.000000E-35  1.000000E-35
   1.755000E+04  1.000000E-35  1.000000E-35
   1.757000E+04  1.000000E-35  1.000000E-35
   1.759000E+04  1.000000E-35  1.000000E-35
   1.761000E+04  1.000000E-35  1.000000E-35
   1.763000E+04  1.000000E-35  1.000000E-35
   1.765000E+04  1.000000E-35  1.000000E-35
   1.767000E+04  1.000000E-35  1.000000E-35
   1.769000E+04  1.000000E-35  1.000000E-35
   1.771000E+04  1.000000E-35  1.000000E-35
   1.773000E+04  1.000000E-35  1.000000E-35
   1.775000E+04  1.000000E-35  1.000000E-35
   1.777000E+04  1.000000E-35  1.000000E-35
   1.779000E+04  1.000000E-35  1.000000E-35
   1.781000E+04  1.000000E-35  1.000000E-35
   1.783000E+04  1.000000E-35  1.000000E-35
   1.785000E+04  1.000000E-35  1.000000E-35
   1.787000E+04  1.000000E-35  1.000000E-35
   1.789000E+04  1.000000E-35  1.000000E-35
   1.791000E+04  1.000000E-35  1.000000E-35
   1.793000E+04  1.000000E-35  1.000000E-35
   1.795000E+04  1.000000E-35  1.000000E-35
   1.797000E+04  1.000000E-35  1.000000E-35
   1.799000E+04  1.000000E-35  1.000000E-35
   1.801000E+04  1.000000E-35  1.000000E-35
   1.803000E+04  1.000000E-35  1.000000E-35
   1.805000E+04  1.000000E-35  1.000000E-35
   1.807000E+04  1.000000E-35  1.000000E-35
   1.809000E+04  1.000000E-35  1.000000E-35
   1.811000E+04  1.000000E-35  1.000000E-35
   1.813000E+04  1.000000E-35  1.000000E-35
   1.815000E+04  1.000000E-35  1.000000E-35
   1.817000E+04  1.000000E-35  1.000000E-35
   1.819000E+04  1.000000E-35  1.000000E-35
   1.821000E+04  1.000000E-35  1.000000E-35
   1.823000E+04  1.000000E-35  1.000000E-35
   1.825000E+04  1.000000E-35  1.000000E-35
   1.827000E+04  1.000000E-35  1.000000E-35
   1.829000E+04  1.000000E-35  1.000000E-35
   1.831000E+04  1.000000E-35  1.000000E-35
   1.833000E+04  1.000000E-35  1.000000E-35
   1.835000E+04  1.000000E-35  1.000000E-35
   1.837000E+04  1.000000E-35  1.000000E-35
   1.839000E+04  1.000000E-35  1.000000E-35
   1.841000E+04  1.000000E-35  1.000000E-35
   1.843000E+04  1.000000E-35  1.000000E-35
   1.845000E+04  1.000000E-35  1.000000E-35
   1.847000E+04  1.000000E-35  1.000000E-35
   1.849000E+04  1.000000E-35  1.000000E-35
   1.851000E+04  1.000000E-35  1.000000E-35
   1.853000E+04  1.000000E-35  1.000000E-35
   1.855000E+04  1.000000E-35  1.000000E-35
   1.857000E+04  1.000000E-35  1.000000E-35
   1.859000E+04  1.000000E-35  1.000000E-35
   1.861000E+04  1.000000E-35  1.000000E-35
   1.863000E+04  1.000000E-35  1.000000E-35
   1.865000E+04  1.000000E-35  1.000000E-35
   1.867000E+04  1.000000E-35  1.000000E-35
   1.869000E+04  1.000000E-35  1.000000E-35
   1.871000E+04  1.000000E-35  1.000000E-35
   1.873000E+04  1.000000E-35  1.000000E-35
   1.875000E+04  1.000000E-35  1.000000E-35
   1.877000E+04  1.000000E-35  1.000000E-35
   1.879000E+04  1.000000E-35  1.000000E-35
   1.881000E+04  1.000000E-35  1.000000E-35
   1.883000E+04  1.000000E-35  1.000000E-35
   1.885000E+04  1.000000E-35  1.000000E-35
   1.887000E+04  1.000000E-35  1.000000E-35
   1.889000E+04  1.000000E-35  1.000000E-35
   1.891000E+04  1.000000E-35  1.000000E-35
   1.893000E+04  1.000000E-35  1.000000E-35
   1.895000E+04  1.000000E-35  1.000000E-35
   1.897000E+04  1.000000E-35  1.000000E-35
   1.899000E+04  1.000000E-35  1.000000E-35
   1.901000E+04  1.000000E-35  1.000000E-35
   1.903000E+04  1.000000E-35  1.000000E-35
   1.905000E+04  1.000000E-35  1.000000E-35
   1.907000E+04  1.000000E-35  1.000000E-35
   1.909000E+04  1.000000E-35  1.000000E-35
   1.911000E+04  1.000000E-35  1.000000E-35
   1.913000E+04  1.000000E-35  1.000000E-35
   1.915000E+04  1.000000E-35  1.000000E-35
   1.917000E+04  1.000000E-35  1.000000E-35
   1.919000E+04  1.000000E-35  1.000000E-35
   1.921000E+04  1.000000E-35  1.000000E-35
   1.923000E+04  1.000000E-35  1.000000E-35
   1.925000E+04  1.000000E-35  1.000000E-35
   1.927000E+04  1.000000E-35  1.000000E-35
   1.929000E+04  1.000000E-35  1.000000E-35
   1.931000E+04  1.000000E-35  1.000000E-35
   1.933000E+04  1.000000E-35  1.000000E-35
   1.935000E+04  1.000000E-35  1.000000E-35
   1.937000E+04  1.000000E-35  1.000000E-35
   1.939000E+04  1.000000E-35  1.000000E-35
   1.941000E+04  1.000000E-35  1.000000E-35
   1.943000E+04  1.000000E-35  1.000000E-35
   1.945000E+04  1.000000E-35  1.000000E-35
   1.947000E+04  1.000000E-35  1.000000E-35
   1.949000E+04  1.000000E-35  1.000000E-35
   1.951000E+04  1.000000E-35  1.000000E-35
   1.953000E+04  1.000000E-35  1.000000E-35
   1.955000E+04  1.000000E-35  1.000000E-35
   1.957000E+04  1.000000E-35  1.000000E-35
   1.959000E+04  1.000000E-35  1.000000E-35
   1.961000E+04  1.000000E-35  1.000000E-35
   1.963000E+04  1.000000E-35  1.000000E-35
   1.965000E+04  1.000000E-35  1.000000E-35
   1.967000E+04  1.000000E-35  1.000000E-35
   1.969000E+04  1.000000E-35  1.000000E-35
   1.971000E+04  1.000000E-35  1.000000E-35
   1.973000E+04  1.000000E-35  1.000000E-35
   1.975000E+04  1.000000E-35  1.000000E-35
   1.977000E+04  1.000000E-35  1.000000E-35
   1.979000E+04  1.000000E-35  1.000000E-35
   1.981000E+04  1.000000E-35  1.000000E-35
   1.983000E+04  1.000000E-35  1.000000E-35
   1.985000E+04  1.000000E-35  1.000000E-35
   1.987000E+04  1.000000E-35  1.000000E-35
   1.989000E+04  1.000000E-35  1.000000E-35
   1.991000E+04  1.000000E-35  1.000000E-35
   1.993000E+04  1.000000E-35  1.000000E-35
   1.995000E+04  1.000000E-35  1.000000E-35
   1.997000E+04  1.000000E-35  1.000000E-35
   1.999000E+04  1.000000E-35  1.000000E-35
