 #  Results from PENEPMA.
 #  Energy distribution of upbound photons.
 #  1st column: E (eV).
 #  2nd and 3rd columns: probability density and STU (1/(eV*particle)).

   7.500001E+00  1.000000E-35  1.000000E-35
   2.250000E+01  1.000000E-35  1.000000E-35
   3.750000E+01  1.000000E-35  1.000000E-35
   5.250001E+01  4.653159E-08  5.024806E-09
   6.750001E+01  8.628316E-08  1.023554E-08
   8.250001E+01  7.307753E-08  7.088540E-09
   9.750001E+01  2.518738E-07  2.991298E-08
   1.125000E+02  3.785677E-08  2.800389E-09
   1.275000E+02  3.460439E-08  1.692311E-09
   1.425000E+02  4.341086E-08  6.518938E-09
   1.575000E+02  4.122839E-08  5.708593E-09
   1.725000E+02  3.647993E-08  1.698530E-09
   1.875000E+02  3.849999E-08  6.614378E-10
   2.025000E+02  4.036627E-08  2.805417E-09
   2.175000E+02  4.415626E-08  2.813099E-09
   2.325000E+02  4.811071E-08  2.821051E-09
   2.475000E+02  5.252196E-08  3.236964E-09
   2.625000E+02  5.604754E-08  1.762426E-09
   2.775000E+02  6.209046E-08  3.253986E-09
   2.925000E+02  6.805587E-08  3.622936E-09
   3.075000E+02  4.662090E-07  4.325055E-08
   3.225000E+02  7.465745E-08  9.205787E-10
   3.375000E+02  8.164065E-08  2.887630E-09
   3.525000E+02  9.141643E-08  8.079286E-09
   3.675000E+02  7.765153E-08  9.385329E-10
   3.825000E+02  8.654212E-08  4.554954E-09
   3.975000E+02  9.843463E-08  7.447942E-09
   4.125000E+02  1.601371E-07  1.797296E-08
   4.275000E+02  9.985308E-08  4.292512E-09
   4.425000E+02  1.001440E-07  1.898784E-09
   4.575000E+02  1.056269E-07  3.682742E-09
   4.725000E+02  1.087255E-07  2.940120E-09
   4.875000E+02  1.132270E-07  3.692659E-09
   5.025001E+02  1.167423E-07  2.955513E-09
   5.175001E+02  3.489785E-05  4.053234E-07
   5.325001E+02  1.106377E-07  1.929217E-09
   5.475001E+02  3.681009E-08  1.699270E-09
   5.625001E+02  3.827136E-08  1.704264E-09
   5.775001E+02  3.815225E-08  6.573384E-10
   5.925001E+02  3.941140E-08  6.678513E-10
   6.075001E+02  5.048963E-08  6.893241E-09
   6.225001E+02  4.436952E-08  3.222702E-09
   6.375001E+02  4.389436E-08  7.051552E-10
   6.525001E+02  4.593184E-08  7.215616E-10
   6.675001E+02  4.775089E-08  7.353198E-10
   6.825001E+02  5.088526E-08  2.349152E-09
   6.975001E+02  5.208540E-08  2.351830E-09
   7.125001E+02  5.429471E-08  2.833167E-09
   7.275001E+02  5.585264E-08  2.836347E-09
   7.425001E+02  5.593706E-08  1.761657E-09
   7.575001E+02  5.734953E-08  8.055887E-10
   7.725001E+02  5.967292E-08  2.370156E-09
   7.875001E+02  6.009488E-08  1.775022E-09
   8.025001E+02  6.186230E-08  2.375104E-09
   8.175001E+02  6.277512E-08  1.783409E-09
   8.325001E+02  6.548925E-08  1.795463E-09
   8.475001E+02  6.609434E-08  1.794044E-09
   8.625001E+02  6.708374E-08  8.707063E-10
   8.775001E+02  6.917379E-08  1.803781E-09
   8.925001E+02  6.955810E-08  8.867628E-10
   9.075001E+02  7.083984E-08  8.951406E-10
   9.225001E+02  7.257729E-08  9.061855E-10
   9.375001E+02  7.390532E-08  1.818465E-09
   9.525001E+02  7.465729E-08  1.820707E-09
   9.675001E+02  7.509683E-08  9.215752E-10
   9.825001E+02  7.617646E-08  9.281441E-10
   9.975001E+02  7.699120E-08  9.325982E-10
   1.012500E+03  7.884398E-08  1.833951E-09
   1.027500E+03  7.954182E-08  2.416949E-09
   1.042500E+03  7.965637E-08  9.491059E-10
   1.057500E+03  8.059289E-08  9.545864E-10
   1.072500E+03  8.112250E-08  1.840558E-09
   1.087500E+03  8.183430E-08  1.842795E-09
   1.102500E+03  8.275449E-08  1.845827E-09
   1.117500E+03  8.434223E-08  2.892319E-09
   1.132500E+03  8.344762E-08  9.711107E-10
   1.147500E+03  8.337230E-08  9.707081E-10
   1.162500E+03  8.527514E-08  2.430179E-09
   1.177500E+03  8.443812E-08  9.767718E-10
   1.192500E+03  8.647042E-08  1.857006E-09
   1.207500E+03  8.622311E-08  1.856349E-09
   1.222500E+03  8.622829E-08  9.875076E-10
   1.237500E+03  8.674535E-08  1.857547E-09
   1.252500E+03  9.309967E-07  6.309083E-08
   1.267500E+03  8.661369E-08  9.897198E-10
   1.282500E+03  9.701025E-08  6.931215E-09
   1.297500E+03  8.696896E-08  9.916720E-10
   1.312500E+03  9.045765E-08  4.559438E-09
   1.327500E+03  8.632244E-08  9.878801E-10
   1.342500E+03  8.689615E-08  9.912062E-10
   1.357500E+03  8.677061E-08  9.901719E-10
   1.372500E+03  8.621573E-08  9.874082E-10
   1.387500E+03  8.735672E-08  1.859850E-09
   1.402500E+03  8.649568E-08  9.884250E-10
   1.417500E+03  8.726900E-08  9.934966E-10
   1.432500E+03  8.686728E-08  9.908437E-10
   1.447500E+03  8.708697E-08  9.923910E-10
   1.462500E+03  8.667269E-08  9.897648E-10
   1.477500E+03  8.653083E-08  9.888523E-10
   1.492500E+03  1.055055E-05  2.219976E-07
   1.507500E+03  8.657979E-08  9.888553E-10
   1.522500E+03  8.609522E-08  9.868438E-10
   1.537500E+03  8.627474E-08  9.875395E-10
   1.552500E+03  1.475199E-07  1.712408E-08
   1.567500E+03  7.812858E-08  9.401097E-10
   1.582500E+03  1.296243E-07  1.599842E-08
   1.597500E+03  7.553873E-08  9.242445E-10
   1.612500E+03  7.532657E-08  9.226565E-10
   1.627500E+03  7.527384E-08  9.224763E-10
   1.642500E+03  8.863592E-08  7.922765E-09
   1.657500E+03  7.526505E-08  9.225154E-10
   1.672500E+03  7.496000E-08  9.203772E-10
   1.687500E+03  7.467503E-08  9.188654E-10
   1.702500E+03  7.521609E-08  9.221426E-10
   1.717500E+03  7.490476E-08  9.202892E-10
   1.732500E+03  3.365114E-05  3.977923E-07
   1.747500E+03  7.465243E-08  9.184813E-10
   1.762500E+03  7.389041E-08  9.138434E-10
   1.777500E+03  7.383518E-08  9.132734E-10
   1.792500E+03  7.581444E-08  2.875528E-09
   1.807500E+03  3.689213E-07  3.731882E-08
   1.822500E+03  7.327904E-08  9.100114E-10
   1.837500E+03  6.877404E-07  5.390402E-08
   1.852500E+03  5.394996E-08  7.808797E-10
   1.867500E+03  1.450567E-07  2.077396E-08
   1.882500E+03  5.395592E-08  2.356151E-09
   1.897500E+03  5.566904E-08  3.603185E-09
   1.912500E+03  5.312894E-08  7.748085E-10
   1.927500E+03  5.341893E-08  7.771377E-10
   1.942500E+03  5.923823E-08  5.506227E-09
   1.957500E+03  5.217862E-08  7.678202E-10
   1.972500E+03  5.348405E-08  1.753735E-09
   1.987500E+03  5.252008E-08  7.708577E-10
   2.002500E+03  5.303604E-08  7.739356E-10
   2.017500E+03  5.240207E-08  7.693001E-10
   2.032500E+03  5.268579E-08  7.713065E-10
   2.047500E+03  6.098885E-08  6.342037E-09
   2.062500E+03  5.292557E-08  7.736864E-10
   2.077500E+03  5.314384E-08  1.752479E-09
   2.092500E+03  5.254393E-08  7.711597E-10
   2.107500E+03  5.265440E-08  7.714649E-10
   2.122500E+03  5.504888E-08  3.602249E-09
   2.137500E+03  5.256653E-08  7.709558E-10
   2.152500E+03  5.254770E-08  7.706719E-10
   2.167500E+03  5.281745E-08  1.751534E-09
   2.182500E+03  5.244978E-08  7.694997E-10
   2.197500E+03  5.229395E-08  1.749917E-09
   2.212500E+03  5.173672E-08  7.648513E-10
   2.227500E+03  5.143669E-08  7.626334E-10
   2.242500E+03  5.172166E-08  7.644071E-10
   2.257500E+03  5.226524E-08  7.684884E-10
   2.272500E+03  5.147309E-08  7.631795E-10
   2.287500E+03  5.116427E-08  7.607615E-10
   2.302500E+03  5.127474E-08  7.613505E-10
   2.317500E+03  5.137517E-08  7.620887E-10
   2.332500E+03  5.119440E-08  7.609459E-10
   2.347500E+03  5.144296E-08  7.624191E-10
   2.362500E+03  5.070982E-08  7.568287E-10
   2.377500E+03  5.087428E-08  7.583811E-10
   2.392500E+03  5.038091E-08  7.544477E-10
   2.407500E+03  5.020265E-08  7.530670E-10
   2.422500E+03  5.002313E-08  7.518441E-10
   2.437500E+03  5.045121E-08  7.553262E-10
   2.452500E+03  5.015871E-08  7.528155E-10
   2.467500E+03  4.999802E-08  7.518646E-10
   2.482500E+03  5.049876E-08  1.743985E-09
   2.497500E+03  4.979214E-08  7.503674E-10
   2.512500E+03  4.942682E-08  7.475031E-10
   2.527500E+03  4.971305E-08  7.494931E-10
   2.542500E+03  4.968418E-08  7.492016E-10
   2.557500E+03  4.877654E-08  7.423090E-10
   2.572500E+03  4.889329E-08  7.431704E-10
   2.587500E+03  4.822417E-08  7.383789E-10
   2.602500E+03  4.876775E-08  7.423191E-10
   2.617500E+03  4.889329E-08  7.432849E-10
   2.632500E+03  4.838486E-08  7.396928E-10
   2.647500E+03  4.811997E-08  7.374341E-10
   2.662500E+03  4.852546E-08  7.404887E-10
   2.677500E+03  4.798941E-08  7.365380E-10
   2.692500E+03  4.781491E-08  7.350359E-10
   2.707500E+03  4.771323E-08  7.344343E-10
   2.722500E+03  4.747722E-08  7.326899E-10
   2.737500E+03  4.697004E-08  7.288403E-10
   2.752500E+03  4.712320E-08  7.296863E-10
   2.767500E+03  4.664239E-08  7.258873E-10
   2.782500E+03  4.694870E-08  7.283452E-10
   2.797500E+03  4.660473E-08  7.256551E-10
   2.812500E+03  4.663360E-08  7.260734E-10
   2.827500E+03  4.630218E-08  7.233739E-10
   2.842500E+03  4.592055E-08  7.204508E-10
   2.857500E+03  4.596197E-08  7.207533E-10
   2.872500E+03  4.552510E-08  7.171111E-10
   2.887500E+03  4.570964E-08  7.187492E-10
   2.902500E+03  4.539831E-08  7.163769E-10
   2.917500E+03  4.518364E-08  7.147352E-10
   2.932500E+03  4.480075E-08  7.113675E-10
   2.947500E+03  4.446431E-08  7.091317E-10
   2.962500E+03  4.441660E-08  7.083341E-10
   2.977500E+03  4.452958E-08  7.093276E-10
   2.992500E+03  4.417682E-08  7.062935E-10
   3.007500E+03  4.366965E-08  7.022362E-10
   3.022500E+03  4.407639E-08  7.058778E-10
   3.037500E+03  4.397847E-08  7.046973E-10
   3.052500E+03  4.819638E-08  4.774235E-09
   3.067500E+03  4.373242E-08  7.031609E-10
   3.082500E+03  4.323152E-08  6.987905E-10
   3.097500E+03  4.305577E-08  6.975416E-10
   3.112500E+03  4.236280E-08  6.918054E-10
   3.127500E+03  4.281976E-08  6.957439E-10
   3.142500E+03  4.252976E-08  6.934233E-10
   3.157500E+03  4.243687E-08  6.926717E-10
   3.172500E+03  4.188199E-08  6.879794E-10
   3.187500E+03  4.254342E-08  1.718144E-09
   3.202500E+03  4.144261E-08  6.844505E-10
   3.217500E+03  4.123798E-08  6.826055E-10
   3.232500E+03  4.201631E-08  6.893410E-10
   3.247500E+03  4.111370E-08  6.815836E-10
   3.262500E+03  4.106599E-08  6.809826E-10
   3.277500E+03  4.149141E-08  1.714442E-09
   3.292500E+03  4.054752E-08  6.768454E-10
   3.307500E+03  4.050735E-08  6.770782E-10
   3.322500E+03  4.042700E-08  6.759508E-10
   3.337500E+03  3.996251E-08  6.723171E-10
   3.352500E+03  4.013575E-08  6.732978E-10
   3.367500E+03  4.034666E-08  6.751787E-10
   3.382500E+03  3.981187E-08  6.711012E-10
   3.397500E+03  3.950932E-08  6.683339E-10
   3.412500E+03  3.933231E-08  6.665059E-10
   3.427500E+03  3.930846E-08  6.665818E-10
   3.442500E+03  7.429425E-08  1.280276E-08
   3.457500E+03  3.890172E-08  6.631066E-10
   3.472500E+03  3.892055E-08  6.629878E-10
   3.487500E+03  3.848995E-08  6.598066E-10
   3.502500E+03  3.835437E-08  6.585233E-10
   3.517500E+03  3.840961E-08  6.589508E-10
   3.532500E+03  3.812840E-08  6.564653E-10
   3.547500E+03  3.767521E-08  6.524927E-10
   3.562500E+03  3.774175E-08  6.529127E-10
   3.577500E+03  3.754967E-08  6.510853E-10
   3.592500E+03  3.888116E-08  2.802117E-09
   3.607500E+03  4.065077E-08  3.909502E-09
   3.622500E+03  3.741911E-08  6.501990E-10
   3.637500E+03  3.684038E-08  6.452499E-10
   3.652500E+03  3.648260E-08  6.423066E-10
   3.667500E+03  5.010830E-08  7.895287E-09
   3.682500E+03  8.568939E-07  6.185824E-08
   3.697500E+03  1.708384E-06  8.834429E-08
   3.712500E+03  3.743747E-08  2.799275E-09
   3.727500E+03  3.576452E-08  6.356652E-10
   3.742500E+03  3.614616E-08  6.390711E-10
   3.757500E+03  3.771224E-08  3.210790E-09
   3.772500E+03  3.554483E-08  6.338563E-10
   3.787500E+03  3.530003E-08  6.316169E-10
   3.802500E+03  3.528246E-08  6.313933E-10
   3.817500E+03  3.494476E-08  6.284734E-10
   3.832500E+03  3.468992E-08  6.265095E-10
   3.847500E+03  3.544785E-08  2.311333E-09
   3.862500E+03  3.458321E-08  6.248264E-10
   3.877500E+03  3.447148E-08  6.241170E-10
   3.892500E+03  3.806578E-08  4.210159E-09
   3.907500E+03  3.404716E-08  6.202418E-10
   3.922500E+03  3.402708E-08  6.203115E-10
   3.937500E+03  3.486912E-08  2.309884E-09
   3.952500E+03  3.551014E-08  3.571422E-09
   3.967500E+03  3.341822E-08  6.147283E-10
   3.982500E+03  3.360527E-08  6.162508E-10
   3.997500E+03  3.311693E-08  6.116680E-10
   4.012500E+03  3.118965E-07  3.606421E-08
   4.027500E+03  3.303784E-08  6.109181E-10
   4.042500E+03  3.239508E-08  6.051671E-10
   4.057500E+03  3.175233E-08  5.989105E-10
   4.072500E+03  3.167951E-08  5.982508E-10
   4.087500E+03  3.202208E-08  1.683079E-09
   4.102500E+03  3.146233E-08  5.963505E-10
   4.117500E+03  3.091875E-08  5.913270E-10
   4.132500E+03  3.250022E-08  2.304124E-09
   4.147500E+03  3.146108E-08  5.963624E-10
   4.162500E+03  3.115728E-08  5.933261E-10
   4.177500E+03  3.078066E-08  5.897969E-10
   4.192500E+03  3.055721E-08  5.878331E-10
   4.207500E+03  3.062500E-08  5.882879E-10
   4.222500E+03  3.026972E-08  5.849089E-10
   4.237500E+03  3.002869E-08  5.824424E-10
   4.252500E+03  2.998099E-08  5.817870E-10
   4.267500E+03  3.011029E-08  5.831319E-10
   4.282500E+03  2.995964E-08  5.817027E-10
   4.297500E+03  2.956797E-08  5.779554E-10
   4.312500E+03  2.957048E-08  5.781270E-10
   4.327500E+03  3.047294E-08  1.677739E-09
   4.342500E+03  3.096834E-08  3.198925E-09
   4.357500E+03  2.893023E-08  5.716952E-10
   4.372500E+03  2.919135E-08  5.744789E-10
   4.387500E+03  2.888755E-08  5.714988E-10
   4.402500E+03  2.896036E-08  5.719914E-10
   4.417500E+03  2.862266E-08  5.686632E-10
   4.432500E+03  2.820211E-08  5.645913E-10
   4.447500E+03  3.088783E-08  3.564126E-09
   4.462500E+03  4.631187E-08  9.194025E-09
   4.477500E+03  2.784810E-08  5.609541E-10
   4.492500E+03  2.833644E-08  5.656513E-10
   4.507500E+03  3.418336E-08  5.480514E-09
   4.522500E+03  2.779788E-08  5.602988E-10
   4.537500E+03  2.763468E-08  5.590650E-10
   4.552500E+03  2.819317E-08  1.670127E-09
   4.567500E+03  2.790568E-08  1.669142E-09
   4.582500E+03  2.756187E-08  5.580274E-10
   4.597500E+03  2.721915E-08  5.545892E-10
   4.612500E+03  2.699820E-08  5.522677E-10
   4.627500E+03  2.709110E-08  5.533921E-10
   4.642500E+03  2.647471E-08  5.470155E-10
   4.657500E+03  2.660778E-08  5.482265E-10
   4.672500E+03  2.649354E-08  5.470017E-10
   4.687500E+03  2.637302E-08  5.457873E-10
   4.702500E+03  2.622991E-08  5.442587E-10
   4.717500E+03  2.617091E-08  5.438053E-10
   4.732500E+03  2.584576E-08  5.403012E-10
   4.747500E+03  2.583195E-08  5.401574E-10
   4.762500E+03  2.597256E-08  5.419073E-10
   4.777500E+03  2.589598E-08  5.407711E-10
   4.792500E+03  2.570391E-08  5.390595E-10
   4.807500E+03  2.564867E-08  5.382985E-10
   4.822500E+03  3.467216E-08  6.511172E-09
   4.837500E+03  2.513145E-08  5.331067E-10
   4.852500E+03  2.519924E-08  5.337417E-10
   4.867500E+03  2.511011E-08  5.326951E-10
   4.882500E+03  2.499462E-08  5.314742E-10
   4.897500E+03  2.498834E-08  5.314078E-10
   4.912500E+03  2.474605E-08  5.288639E-10
   4.927500E+03  2.622944E-08  2.776466E-09
   4.942500E+03  2.450878E-08  5.262535E-10
   4.957500E+03  2.435563E-08  5.246408E-10
   4.972500E+03  2.448368E-08  5.257692E-10
   4.987500E+03  2.499320E-08  1.659369E-09
   5.002501E+03  2.419494E-08  5.230507E-10
   5.017501E+03  2.394888E-08  5.202340E-10
   5.032501E+03  2.385975E-08  5.191054E-10
   5.047501E+03  2.385599E-08  5.191465E-10
   5.062501E+03  2.389239E-08  5.195682E-10
   5.077501E+03  2.373170E-08  5.177706E-10
   5.092501E+03  2.306133E-08  5.104898E-10
   5.107501E+03  2.350197E-08  5.153234E-10
   5.122501E+03  2.352457E-08  5.157075E-10
   5.137501E+03  2.714507E-08  4.480311E-09
   5.152501E+03  2.298852E-08  5.096589E-10
   5.167501E+03  2.277636E-08  5.074230E-10
   5.182501E+03  2.274246E-08  5.068512E-10
   5.197501E+03  2.371523E-08  1.654946E-09
   5.212501E+03  2.278264E-08  5.074367E-10
   5.227501E+03  2.240351E-08  5.031023E-10
   5.242501E+03  2.239347E-08  5.031027E-10
   5.257501E+03  2.263450E-08  5.058475E-10
   5.272501E+03  2.227546E-08  5.017246E-10
   5.287501E+03  2.219637E-08  5.006951E-10
   5.302501E+03  2.227797E-08  5.018658E-10
   5.317501E+03  2.189257E-08  4.973829E-10
   5.332501E+03  2.159756E-08  4.940624E-10
   5.347501E+03  2.174820E-08  4.956895E-10
   5.362501E+03  2.159630E-08  4.939045E-10
   5.377501E+03  2.162894E-08  4.944484E-10
   5.392501E+03  2.151596E-08  4.932757E-10
   5.407501E+03  2.150968E-08  4.930603E-10
   5.422501E+03  2.153228E-08  4.933757E-10
   5.437501E+03  2.121467E-08  4.895653E-10
   5.452501E+03  2.102134E-08  4.873958E-10
   5.467501E+03  2.089078E-08  4.857398E-10
   5.482501E+03  2.098493E-08  4.874410E-10
   5.497501E+03  2.082550E-08  4.850120E-10
   5.512501E+03  2.085688E-08  4.854345E-10
   5.527501E+03  2.157841E-08  2.277129E-09
   5.542501E+03  2.069996E-08  4.836702E-10
   5.557501E+03  2.034720E-08  4.795472E-10
   5.572501E+03  2.044386E-08  4.805625E-10
   5.587501E+03  2.042629E-08  4.802975E-10
   5.602501E+03  2.040746E-08  4.801654E-10
   5.617501E+03  2.011872E-08  4.767386E-10
   5.632501E+03  1.994548E-08  4.747781E-10
   5.647501E+03  2.003838E-08  4.760273E-10
   5.662501E+03  2.011746E-08  4.768427E-10
   5.677501E+03  1.971072E-08  4.719262E-10
   5.692501E+03  1.980236E-08  4.728682E-10
   5.707501E+03  1.948350E-08  4.692983E-10
   5.722501E+03  1.962536E-08  4.710573E-10
   5.737501E+03  1.953622E-08  4.701115E-10
   5.752501E+03  1.944333E-08  4.688161E-10
   5.767501E+03  1.945337E-08  4.688157E-10
   5.782501E+03  1.929017E-08  4.668213E-10
   5.797501E+03  1.892360E-08  4.622562E-10
   5.812501E+03  1.885957E-08  4.616601E-10
   5.827501E+03  1.901022E-08  4.636467E-10
   5.842501E+03  1.888217E-08  4.619663E-10
   5.857501E+03  1.873906E-08  4.602495E-10
   5.872501E+03  1.878049E-08  4.605713E-10
   5.887501E+03  1.867880E-08  4.594499E-10
   5.902501E+03  1.857711E-08  4.581711E-10
   5.917501E+03  1.832980E-08  4.551214E-10
   5.932501E+03  1.842647E-08  4.562537E-10
   5.947501E+03  1.829967E-08  4.546549E-10
   5.962501E+03  1.826076E-08  4.543288E-10
   5.977501E+03  1.817916E-08  4.530032E-10
   5.992501E+03  1.834738E-08  4.553077E-10
   6.007501E+03  1.791929E-08  4.498558E-10
   6.022501E+03  1.817163E-08  4.532540E-10
   6.037501E+03  1.775233E-08  4.477924E-10
   6.052501E+03  1.746736E-08  4.442896E-10
   6.067501E+03  1.786406E-08  4.492585E-10
   6.082501E+03  1.772471E-08  4.475083E-10
   6.097501E+03  1.742342E-08  4.435725E-10
   6.112501E+03  1.747238E-08  4.445767E-10
   6.127501E+03  1.710079E-08  4.395213E-10
   6.142501E+03  1.731797E-08  4.423598E-10
   6.157501E+03  1.740333E-08  4.435413E-10
   6.172501E+03  1.692001E-08  4.372635E-10
   6.187501E+03  1.704806E-08  4.390067E-10
   6.202501E+03  1.703676E-08  4.389910E-10
   6.217501E+03  1.677313E-08  4.353347E-10
   6.232501E+03  1.663127E-08  4.335608E-10
   6.247501E+03  1.648942E-08  4.316481E-10
   6.262501E+03  1.681330E-08  4.362120E-10
   6.277501E+03  1.679950E-08  4.357083E-10
   6.292501E+03  1.643292E-08  4.310419E-10
   6.307501E+03  1.655093E-08  4.324829E-10
   6.322501E+03  1.617306E-08  4.274997E-10
   6.337501E+03  1.638773E-08  4.302531E-10
   6.352501E+03  1.616678E-08  4.273837E-10
   6.367501E+03  1.611782E-08  4.268709E-10
   6.382501E+03  1.606510E-08  4.260413E-10
   6.397501E+03  2.009627E-08  4.186013E-09
   6.412501E+03  1.582909E-08  4.227078E-10
   6.427501E+03  1.608267E-08  4.264067E-10
   6.442501E+03  1.578891E-08  4.224743E-10
   6.457501E+03  1.585671E-08  4.231763E-10
   6.472501E+03  1.576883E-08  4.221392E-10
   6.487501E+03  1.554914E-08  4.190616E-10
   6.502501E+03  1.571987E-08  4.215526E-10
   6.517501E+03  1.575125E-08  4.218037E-10
   6.532501E+03  1.574874E-08  4.219047E-10
   6.547501E+03  1.533572E-08  4.161143E-10
   6.562501E+03  1.504573E-08  4.123411E-10
   6.577501E+03  1.535455E-08  4.165736E-10
   6.592501E+03  1.509092E-08  4.128552E-10
   6.607501E+03  1.494781E-08  4.109664E-10
   6.622501E+03  1.500807E-08  4.118262E-10
   6.637501E+03  1.487123E-08  4.099152E-10
   6.652501E+03  1.507460E-08  4.128042E-10
   6.667501E+03  1.481474E-08  4.091379E-10
   6.682501E+03  1.468041E-08  4.072489E-10
   6.697501E+03  1.459630E-08  4.060835E-10
   6.712501E+03  1.463648E-08  4.070240E-10
   6.727501E+03  1.458375E-08  4.061189E-10
   6.742501E+03  1.465280E-08  4.068317E-10
   6.757501E+03  1.441051E-08  4.035322E-10
   6.772501E+03  1.449713E-08  4.046349E-10
   6.787501E+03  1.459379E-08  4.061185E-10
   6.802501E+03  1.419458E-08  4.004348E-10
   6.817501E+03  1.427242E-08  4.015286E-10
   6.832501E+03  1.406528E-08  3.985753E-10
   6.847501E+03  1.409666E-08  3.991965E-10
   6.862501E+03  1.411675E-08  3.996575E-10
   6.877501E+03  1.407909E-08  3.988061E-10
   6.892501E+03  1.374892E-08  3.941849E-10
   6.907501E+03  1.372758E-08  3.939517E-10
   6.922501E+03  1.365226E-08  3.926560E-10
   6.937501E+03  1.371503E-08  3.936640E-10
   6.952501E+03  1.370624E-08  3.935021E-10
   6.967501E+03  1.371503E-08  3.938081E-10
   6.982501E+03  1.344386E-08  3.897626E-10
   6.997501E+03  1.346270E-08  3.899257E-10
   7.012501E+03  1.349785E-08  3.906150E-10
   7.027501E+03  1.348655E-08  3.902340E-10
   7.042501E+03  1.312500E-08  3.851977E-10
   7.057501E+03  1.314006E-08  3.853813E-10
   7.072501E+03  1.325681E-08  3.869751E-10
   7.087501E+03  1.314383E-08  3.854364E-10
   7.102501E+03  1.322166E-08  3.864628E-10
   7.117501E+03  1.318023E-08  3.861153E-10
   7.132501E+03  1.303712E-08  3.839467E-10
   7.147501E+03  1.299820E-08  3.833010E-10
   7.162501E+03  1.274336E-08  3.794976E-10
   7.177501E+03  1.294799E-08  3.825248E-10
   7.192501E+03  1.268310E-08  3.784891E-10
   7.207501E+03  1.289401E-08  3.817657E-10
   7.222501E+03  1.266427E-08  3.783210E-10
   7.237501E+03  1.242073E-08  3.746369E-10
   7.252501E+03  1.246216E-08  3.751463E-10
   7.267501E+03  1.234164E-08  3.733690E-10
   7.282501E+03  1.245337E-08  3.751277E-10
   7.297501E+03  1.227385E-08  3.723060E-10
   7.312501E+03  1.236926E-08  3.738996E-10
   7.327501E+03  1.217844E-08  3.709351E-10
   7.342501E+03  1.221108E-08  3.715835E-10
   7.357501E+03  1.200520E-08  3.682158E-10
   7.372501E+03  1.223870E-08  3.718116E-10
   7.387501E+03  1.209559E-08  3.697505E-10
   7.402501E+03  1.188217E-08  3.664435E-10
   7.417501E+03  1.192485E-08  3.670996E-10
   7.432501E+03  1.174534E-08  3.642933E-10
   7.447501E+03  1.208429E-08  3.694246E-10
   7.462501E+03  1.166625E-08  3.630282E-10
   7.477501E+03  1.166499E-08  3.629306E-10
   7.492501E+03  1.162105E-08  3.625996E-10
   7.507501E+03  1.166374E-08  3.630283E-10
   7.522501E+03  1.158590E-08  3.618176E-10
   7.537501E+03  1.142647E-08  3.594431E-10
   7.552501E+03  1.153820E-08  3.614661E-10
   7.567501E+03  1.140764E-08  3.591081E-10
   7.582501E+03  1.120678E-08  3.560601E-10
   7.597501E+03  1.117916E-08  3.554230E-10
   7.612501E+03  1.120803E-08  3.559206E-10
   7.627501E+03  1.145283E-08  3.596592E-10
   7.642501E+03  1.100968E-08  3.526841E-10
   7.657501E+03  1.116409E-08  3.551440E-10
   7.672501E+03  1.121054E-08  3.559604E-10
   7.687501E+03  1.098332E-08  3.523831E-10
   7.702501E+03  1.092055E-08  3.512562E-10
   7.717501E+03  1.115154E-08  3.549447E-10
   7.732501E+03  1.089544E-08  3.507316E-10
   7.747501E+03  1.100717E-08  3.527243E-10
   7.762501E+03  1.102349E-08  3.528244E-10
   7.777501E+03  1.073727E-08  3.482609E-10
   7.792501E+03  1.066696E-08  3.471616E-10
   7.807501E+03  1.065567E-08  3.470598E-10
   7.822501E+03  1.059164E-08  3.458540E-10
   7.837501E+03  1.059164E-08  3.458540E-10
   7.852501E+03  1.059290E-08  3.461204E-10
   7.867501E+03  1.045229E-08  3.436984E-10
   7.882501E+03  1.041589E-08  3.429765E-10
   7.897501E+03  1.040710E-08  3.428320E-10
   7.912501E+03  1.021001E-08  3.396999E-10
   7.927501E+03  1.013092E-08  3.382168E-10
   7.942501E+03  1.014975E-08  3.386563E-10
   7.957501E+03  1.031169E-08  3.413422E-10
   7.972501E+03  9.961440E-09  3.354636E-10
   7.987501E+03  9.808284E-09  3.330068E-10
   8.002501E+03  1.002295E-08  3.365804E-10
   8.017501E+03  1.012464E-08  3.382799E-10
   8.032501E+03  9.917502E-09  3.346394E-10
   8.047501E+03  9.776900E-09  3.323895E-10
   8.062501E+03  1.000412E-08  3.361804E-10
   8.077501E+03  9.888628E-09  3.342374E-10
   8.092501E+03  9.809540E-09  3.329002E-10
   8.107501E+03  9.795730E-09  3.326236E-10
   8.122501E+03  9.722918E-09  3.316007E-10
   8.137501E+03  9.678980E-09  3.306811E-10
   8.152501E+03  9.722918E-09  3.315152E-10
   8.167501E+03  9.506993E-09  3.276914E-10
   8.182501E+03  9.578550E-09  3.290069E-10
   8.197501E+03  9.461799E-09  3.269994E-10
   8.212501E+03  9.650106E-09  3.301023E-10
   8.227501E+03  9.342538E-09  3.248486E-10
   8.242501E+03  9.327474E-09  3.246307E-10
   8.257501E+03  9.232065E-09  3.231005E-10
   8.272501E+03  9.250895E-09  3.232975E-10
   8.287501E+03  9.200680E-09  3.224203E-10
   8.302501E+03  9.553442E-09  3.284467E-10
   8.317501E+03  9.129124E-09  3.211219E-10
   8.332501E+03  9.168040E-09  3.218047E-10
   8.347501E+03  8.944583E-09  3.181317E-10
   8.362501E+03  9.136656E-09  3.213425E-10
   8.377501E+03  9.095228E-09  3.206145E-10
   8.392501E+03  8.861728E-09  3.166592E-10
   8.407501E+03  8.880558E-09  3.167707E-10
   8.422501E+03  8.796448E-09  3.152694E-10
   8.437501E+03  8.874281E-09  3.165693E-10
   8.452501E+03  8.809002E-09  3.154940E-10
   8.467501E+03  8.778873E-09  3.149999E-10
   8.482501E+03  8.782639E-09  3.149322E-10
   8.497501E+03  8.620695E-09  3.120637E-10
   8.512501E+03  8.679697E-09  3.131284E-10
   8.527501E+03  8.625716E-09  3.121999E-10
   8.542501E+03  8.595587E-09  3.115640E-10
   8.557501E+03  8.434898E-09  3.086410E-10
   8.572501E+03  8.605630E-09  3.117458E-10
   8.587501E+03  8.526541E-09  3.103114E-10
   8.602501E+03  8.462517E-09  3.091454E-10
   8.617501E+03  8.358320E-09  3.072844E-10
   8.632501E+03  8.531563E-09  3.105397E-10
   8.647501E+03  8.419834E-09  3.084576E-10
   8.662501E+03  8.502689E-09  3.099233E-10
   8.677501E+03  8.314382E-09  3.064305E-10
   8.692501E+03  8.375896E-09  3.076069E-10
   8.707501E+03  8.247847E-09  3.052496E-10
   8.722501E+03  8.137373E-09  3.032479E-10
   8.737501E+03  8.152438E-09  3.035280E-10
   8.752501E+03  8.065817E-09  3.018199E-10
   8.767501E+03  8.100967E-09  3.025231E-10
   8.782501E+03  8.043220E-09  3.013972E-10
   8.797501E+03  7.863700E-09  2.981133E-10
   8.812501E+03  7.868722E-09  2.982083E-10
   8.827501E+03  7.793399E-09  2.967800E-10
   8.842501E+03  7.949066E-09  2.996771E-10
   8.857501E+03  7.703012E-09  2.950087E-10
   8.872501E+03  7.927725E-09  2.992277E-10
   8.887501E+03  7.743184E-09  2.957280E-10
   8.902501E+03  7.768292E-09  2.963023E-10
   8.917501E+03  7.719332E-09  2.954647E-10
   8.932501E+03  7.561154E-09  2.923318E-10
   8.947501E+03  7.514705E-09  2.914339E-10
   8.962501E+03  7.488342E-09  2.908256E-10
   8.977501E+03  7.631455E-09  2.938302E-10
   8.992501E+03  7.564920E-09  2.923559E-10
   9.007501E+03  7.472022E-09  2.907529E-10
   9.022501E+03  7.367825E-09  2.884782E-10
   9.037501E+03  7.379124E-09  2.886991E-10
   9.052501E+03  7.549855E-09  2.920651E-10
   9.067501E+03  7.406742E-09  2.893364E-10
   9.082501E+03  7.193328E-09  2.850449E-10
   9.097501E+03  7.455702E-09  2.902406E-10
   9.112501E+03  7.337696E-09  2.879376E-10
   9.127501E+03  7.212158E-09  2.855168E-10
   9.142501E+03  7.297524E-09  2.871000E-10
   9.157501E+03  7.236010E-09  2.858389E-10
   9.172501E+03  7.159432E-09  2.845228E-10
   9.187501E+03  7.051470E-09  2.823235E-10
   9.202501E+03  6.979913E-09  2.807888E-10
   9.217501E+03  6.996233E-09  2.811670E-10
   9.232501E+03  6.923421E-09  2.797020E-10
   9.247501E+03  6.961082E-09  2.805113E-10
   9.262501E+03  6.774031E-09  2.766719E-10
   9.277501E+03  6.900824E-09  2.791442E-10
   9.292501E+03  7.046448E-09  2.821729E-10
   9.307501E+03  6.743901E-09  2.761595E-10
   9.322501E+03  6.833033E-09  2.778216E-10
   9.337501E+03  6.780308E-09  2.766974E-10
   9.352501E+03  6.898313E-09  2.792966E-10
   9.367501E+03  6.898313E-09  2.791443E-10
   9.382501E+03  6.634683E-09  2.737116E-10
   9.397501E+03  6.417503E-09  2.693024E-10
   9.412501E+03  6.717539E-09  2.754659E-10
   9.427501E+03  6.442610E-09  2.697754E-10
   9.442501E+03  6.535508E-09  2.717116E-10
   9.457501E+03  6.431312E-09  2.695916E-10
   9.472501E+03  6.446376E-09  2.699068E-10
   9.487501E+03  6.600788E-09  2.730120E-10
   9.502501E+03  6.401183E-09  2.690130E-10
   9.517501E+03  6.417503E-09  2.691971E-10
   9.532501E+03  6.420013E-09  2.693550E-10
   9.547501E+03  6.345946E-09  2.676929E-10
   9.562501E+03  6.303263E-09  2.668979E-10
   9.577501E+03  6.522955E-09  2.714508E-10
   9.592501E+03  6.212876E-09  2.649800E-10
   9.607501E+03  6.103658E-09  2.627517E-10
   9.622501E+03  6.366032E-09  2.682746E-10
   9.637501E+03  6.072273E-09  2.619143E-10
   9.652501E+03  6.003227E-09  2.605313E-10
   9.667501E+03  6.044655E-09  2.614271E-10
   9.682501E+03  6.001972E-09  2.604497E-10
   9.697501E+03  5.935437E-09  2.589492E-10
   9.712501E+03  5.981886E-09  2.599595E-10
   9.727501E+03  5.936692E-09  2.589766E-10
   9.742501E+03  5.930415E-09  2.587850E-10
   9.757501E+03  5.896520E-09  2.580448E-10
   9.772501E+03  5.881455E-09  2.578801E-10
   9.787501E+03  5.976864E-09  2.597959E-10
   9.802501E+03  5.816176E-09  2.563369E-10
   9.817501E+03  5.789813E-09  2.557004E-10
   9.832501E+03  5.759684E-09  2.551458E-10
   9.847501E+03  5.773493E-09  2.553955E-10
   9.862501E+03  5.680595E-09  2.532784E-10
   9.877501E+03  5.808643E-09  2.561711E-10
   9.892501E+03  5.621592E-09  2.520728E-10
   9.907501E+03  5.546269E-09  2.502674E-10
   9.922501E+03  5.663019E-09  2.528865E-10
   9.937501E+03  5.671807E-09  2.531385E-10
   9.952501E+03  5.645444E-09  2.525501E-10
   9.967501E+03  5.389346E-09  2.467032E-10
   9.982501E+03  5.463414E-09  2.484490E-10
   9.997501E+03  5.494798E-09  2.493316E-10
   1.001250E+04  5.600250E-09  2.515382E-10
   1.002750E+04  5.482245E-09  2.489903E-10
   1.004250E+04  5.440817E-09  2.478779E-10
   1.005750E+04  5.445839E-09  2.479922E-10
   1.007250E+04  5.423242E-09  2.475920E-10
   1.008750E+04  5.177187E-09  2.419767E-10
   1.010250E+04  5.375537E-09  2.464447E-10
   1.011750E+04  5.339131E-09  2.456095E-10
   1.013250E+04  5.209827E-09  2.425615E-10
   1.014750E+04  5.222381E-09  2.429118E-10
   1.016250E+04  5.153335E-09  2.413022E-10
   1.017750E+04  5.134504E-09  2.408024E-10
   1.019250E+04  5.170910E-09  2.417129E-10
   1.020750E+04  5.006456E-09  2.378418E-10
   1.022250E+04  5.052905E-09  2.390009E-10
   1.023750E+04  5.085544E-09  2.397113E-10
   1.025250E+04  4.939920E-09  2.361975E-10
   1.026750E+04  4.981348E-09  2.373050E-10
   1.028250E+04  5.040351E-09  2.387042E-10
   1.029750E+04  5.027797E-09  2.383477E-10
   1.031250E+04  5.026542E-09  2.382584E-10
   1.032750E+04  4.911047E-09  2.356269E-10
   1.034250E+04  4.801829E-09  2.329350E-10
   1.035750E+04  4.848278E-09  2.339973E-10
   1.037250E+04  4.829447E-09  2.336033E-10
   1.038750E+04  4.811872E-09  2.331174E-10
   1.040250E+04  4.772955E-09  2.323564E-10
   1.041750E+04  4.785509E-09  2.324782E-10
   1.043250E+04  4.680057E-09  2.299653E-10
   1.044750E+04  4.744081E-09  2.315314E-10
   1.046250E+04  4.668758E-09  2.296878E-10
   1.047750E+04  4.769189E-09  2.321427E-10
   1.049250E+04  4.539454E-09  2.264878E-10
   1.050750E+04  5.726727E-09  2.237490E-09
   1.052250E+04  4.653694E-09  2.292554E-10
   1.053750E+04  4.564562E-09  2.270502E-10
   1.055250E+04  4.549497E-09  2.266754E-10
   1.056750E+04  4.471664E-09  2.247919E-10
   1.058250E+04  4.533177E-09  2.263313E-10
   1.059750E+04  4.538199E-09  2.263939E-10
   1.061250E+04  4.535688E-09  2.263313E-10
   1.062750E+04  4.534433E-09  2.264253E-10
   1.064250E+04  4.416427E-09  2.234005E-10
   1.065750E+04  4.374999E-09  2.222875E-10
   1.067250E+04  4.284612E-09  2.199801E-10
   1.068750E+04  4.268292E-09  2.197547E-10
   1.070250E+04  4.374999E-09  2.224151E-10
   1.071750E+04  4.240674E-09  2.188497E-10
   1.073250E+04  4.255738E-09  2.192379E-10
   1.074750E+04  4.405129E-09  2.231149E-10
   1.076250E+04  4.264526E-09  2.196579E-10
   1.077750E+04  4.201757E-09  2.179087E-10
   1.079250E+04  4.298421E-09  2.203342E-10
   1.080750E+04  4.177905E-09  2.172246E-10
   1.082250E+04  4.234397E-09  2.186877E-10
   1.083750E+04  4.203012E-09  2.178761E-10
   1.085250E+04  4.155308E-09  2.166366E-10
   1.086750E+04  4.196735E-09  2.177785E-10
   1.088250E+04  3.931850E-09  2.108004E-10
   1.089750E+04  3.874103E-09  2.092482E-10
   1.091250E+04  4.028514E-09  2.133070E-10
   1.092750E+04  3.988342E-09  2.124415E-10
   1.094250E+04  3.935616E-09  2.109685E-10
   1.095750E+04  4.078730E-09  2.146979E-10
   1.097250E+04  4.057388E-09  2.140697E-10
   1.098750E+04  3.823888E-09  2.079572E-10
   1.100250E+04  3.812589E-09  2.075820E-10
   1.101750E+04  3.913020E-09  2.102955E-10
   1.103250E+04  3.855272E-09  2.087396E-10
   1.104750E+04  3.826398E-09  2.079572E-10
   1.106250E+04  3.774928E-09  2.064865E-10
   1.107750E+04  3.718436E-09  2.050053E-10
   1.109250E+04  3.795014E-09  2.071034E-10
   1.110750E+04  3.802546E-09  2.073087E-10
   1.112250E+04  3.823888E-09  2.078208E-10
   1.113750E+04  3.607962E-09  2.019401E-10
   1.115250E+04  3.723457E-09  2.051436E-10
   1.116750E+04  3.682030E-09  2.039308E-10
   1.118250E+04  3.719691E-09  2.050399E-10
   1.119750E+04  3.602941E-09  2.017997E-10
   1.121250E+04  3.501255E-09  1.988632E-10
   1.122750E+04  3.600430E-09  2.017997E-10
   1.124250E+04  3.536406E-09  1.999296E-10
   1.125750E+04  3.595408E-09  2.015185E-10
   1.127250E+04  3.427187E-09  1.967492E-10
   1.128750E+04  3.498744E-09  1.987919E-10
   1.130250E+04  3.580344E-09  2.011665E-10
   1.131750E+04  3.438486E-09  1.970731E-10
   1.133250E+04  3.383249E-09  1.954842E-10
   1.134750E+04  3.408357E-09  1.963526E-10
   1.136250E+04  3.371951E-09  1.952303E-10
   1.137750E+04  3.243902E-09  1.914173E-10
   1.139250E+04  3.287840E-09  1.927090E-10
   1.140750E+04  3.274031E-09  1.923040E-10
   1.142250E+04  3.371951E-09  1.951577E-10
   1.143750E+04  3.223816E-09  1.908983E-10
   1.145250E+04  3.341822E-09  1.942841E-10
   1.146750E+04  3.294117E-09  1.928928E-10
   1.148250E+04  3.287840E-09  1.927090E-10
   1.149750E+04  3.322991E-09  1.937361E-10
   1.151250E+04  3.120875E-09  1.878290E-10
   1.152750E+04  3.058106E-09  1.858563E-10
   1.154250E+04  3.125896E-09  1.879044E-10
   1.155750E+04  3.193687E-09  1.899304E-10
   1.157250E+04  3.073170E-09  1.863133E-10
   1.158750E+04  3.080703E-09  1.865415E-10
   1.160250E+04  3.125896E-09  1.879044E-10
   1.161750E+04  3.092001E-09  1.868831E-10
   1.163250E+04  3.038020E-09  1.852450E-10
   1.164750E+04  3.154770E-09  1.887700E-10
   1.166250E+04  3.120875E-09  1.878290E-10
   1.167750E+04  2.987804E-09  1.838625E-10
   1.169250E+04  2.961441E-09  1.828961E-10
   1.170750E+04  2.834648E-09  1.789389E-10
   1.172250E+04  2.866033E-09  1.799265E-10
   1.173750E+04  2.827116E-09  1.787011E-10
   1.175250E+04  2.858500E-09  1.796900E-10
   1.176750E+04  2.965208E-09  1.830898E-10
   1.178250E+04  2.732962E-09  1.757009E-10
   1.179750E+04  2.911226E-09  1.813392E-10
   1.181250E+04  2.726685E-09  1.754990E-10
   1.182750E+04  2.784433E-09  1.773473E-10
   1.184250E+04  2.872309E-09  1.801234E-10
   1.185750E+04  2.825860E-09  1.786614E-10
   1.187250E+04  2.717898E-09  1.752161E-10
   1.188750E+04  2.672704E-09  1.737535E-10
   1.190250E+04  2.749282E-09  1.762246E-10
   1.191750E+04  2.755559E-09  1.764256E-10
   1.193250E+04  2.702833E-09  1.747299E-10
   1.194750E+04  2.696556E-09  1.746082E-10
   1.196250E+04  2.695301E-09  1.744863E-10
   1.197750E+04  2.655129E-09  1.733452E-10
   1.199250E+04  2.576040E-09  1.705832E-10
   1.200750E+04  2.553443E-09  1.698336E-10
   1.202250E+04  2.623744E-09  1.721551E-10
   1.203750E+04  2.597381E-09  1.712882E-10
   1.205250E+04  2.525825E-09  1.689968E-10
   1.206750E+04  2.544655E-09  1.695412E-10
   1.208250E+04  2.493185E-09  1.678181E-10
   1.209750E+04  2.456779E-09  1.665886E-10
   1.211250E+04  2.520803E-09  1.688289E-10
   1.212750E+04  2.436693E-09  1.659064E-10
   1.214250E+04  2.376434E-09  1.638426E-10
   1.215750E+04  2.494440E-09  1.678604E-10
   1.217250E+04  2.388988E-09  1.642747E-10
   1.218750E+04  2.298601E-09  1.611377E-10
   1.220250E+04  2.378945E-09  1.639291E-10
   1.221750E+04  2.303622E-09  1.613136E-10
   1.223250E+04  2.351327E-09  1.629749E-10
   1.224750E+04  2.391499E-09  1.643610E-10
   1.226250E+04  2.319942E-09  1.618838E-10
   1.227750E+04  2.410330E-09  1.650066E-10
   1.229250E+04  2.258429E-09  1.597237E-10
   1.230750E+04  2.244619E-09  1.594127E-10
   1.232250E+04  2.228300E-09  1.586549E-10
   1.233750E+04  2.245875E-09  1.592792E-10
   1.235250E+04  2.194404E-09  1.574438E-10
   1.236750E+04  2.262195E-09  1.599455E-10
   1.238250E+04  2.224533E-09  1.585208E-10
   1.239750E+04  2.151721E-09  1.559963E-10
   1.241250E+04  2.188127E-09  1.573087E-10
   1.242750E+04  2.209469E-09  1.579832E-10
   1.244250E+04  2.220767E-09  1.583866E-10
   1.245750E+04  2.145444E-09  1.556779E-10
   1.247250E+04  2.105272E-09  1.543057E-10
   1.248750E+04  2.124103E-09  1.549018E-10
   1.250250E+04  1.999820E-09  1.503026E-10
   1.251750E+04  1.982245E-09  1.496408E-10
   1.253250E+04  2.082675E-09  1.533841E-10
   1.254750E+04  2.065100E-09  1.527356E-10
   1.256250E+04  2.016140E-09  1.509145E-10
   1.257750E+04  1.975968E-09  1.494037E-10
   1.259250E+04  2.039993E-09  1.518979E-10
   1.260750E+04  1.925753E-09  1.474934E-10
   1.262250E+04  1.968436E-09  1.491187E-10
   1.263750E+04  1.909433E-09  1.468672E-10
   1.265250E+04  1.899390E-09  1.464805E-10
   1.266750E+04  1.876793E-09  1.456068E-10
   1.268250E+04  1.939562E-09  1.480212E-10
   1.269750E+04  1.803981E-09  1.427548E-10
   1.271250E+04  1.802726E-09  1.427051E-10
   1.272750E+04  1.809003E-09  1.429533E-10
   1.274250E+04  1.927008E-09  1.475415E-10
   1.275750E+04  1.880559E-09  1.457527E-10
   1.277250E+04  1.648314E-09  1.364576E-10
   1.278750E+04  1.752511E-09  1.407039E-10
   1.280250E+04  1.767575E-09  1.413072E-10
   1.281750E+04  1.770086E-09  1.414075E-10
   1.283250E+04  1.782640E-09  1.419080E-10
   1.284750E+04  1.809003E-09  1.429533E-10
   1.286250E+04  1.733680E-09  1.399460E-10
   1.287750E+04  1.747489E-09  1.405022E-10
   1.289250E+04  1.662123E-09  1.370279E-10
   1.290750E+04  1.678443E-09  1.376989E-10
   1.292250E+04  1.682209E-09  1.378532E-10
   1.293750E+04  1.624462E-09  1.355715E-10
   1.295250E+04  1.650825E-09  1.365614E-10
   1.296750E+04  1.637016E-09  1.359891E-10
   1.298250E+04  1.610653E-09  1.349950E-10
   1.299750E+04  1.589311E-09  1.339933E-10
   1.301250E+04  1.520265E-09  1.310508E-10
   1.302750E+04  1.520265E-09  1.311590E-10
   1.304250E+04  1.596843E-09  1.343104E-10
   1.305750E+04  1.483859E-09  1.294724E-10
   1.307250E+04  1.525287E-09  1.313751E-10
   1.308750E+04  1.452475E-09  1.280960E-10
   1.310250E+04  1.491391E-09  1.298005E-10
   1.311750E+04  1.454985E-09  1.282067E-10
   1.313250E+04  1.467539E-09  1.287585E-10
   1.314750E+04  1.446198E-09  1.278190E-10
   1.316250E+04  1.438666E-09  1.275969E-10
   1.317750E+04  1.431133E-09  1.271516E-10
   1.319250E+04  1.401004E-09  1.258062E-10
   1.320750E+04  1.382173E-09  1.249580E-10
   1.322250E+04  1.299318E-09  1.211552E-10
   1.323750E+04  1.354555E-09  1.237034E-10
   1.325250E+04  1.358321E-09  1.238752E-10
   1.326750E+04  1.348278E-09  1.234165E-10
   1.328250E+04  1.326937E-09  1.224359E-10
   1.329750E+04  1.348278E-09  1.234165E-10
   1.331250E+04  1.301829E-09  1.212722E-10
   1.332750E+04  1.308106E-09  1.215642E-10
   1.334250E+04  1.210186E-09  1.169263E-10
   1.335750E+04  1.308106E-09  1.215642E-10
   1.337250E+04  1.239060E-09  1.183128E-10
   1.338750E+04  1.232783E-09  1.180127E-10
   1.340250E+04  1.246592E-09  1.187912E-10
   1.341750E+04  1.221485E-09  1.174708E-10
   1.343250E+04  1.187590E-09  1.158296E-10
   1.344750E+04  1.159971E-09  1.144750E-10
   1.346250E+04  1.163737E-09  1.146606E-10
   1.347750E+04  1.182568E-09  1.157071E-10
   1.349250E+04  1.245337E-09  1.186120E-10
   1.350750E+04  1.172525E-09  1.150927E-10
   1.352250E+04  1.161227E-09  1.145369E-10
   1.353750E+04  1.057030E-09  1.092779E-10
   1.355250E+04  1.070839E-09  1.099894E-10
   1.356750E+04  1.083393E-09  1.106321E-10
   1.358250E+04  1.075861E-09  1.102469E-10
   1.359750E+04  1.083393E-09  1.106321E-10
   1.361250E+04  1.043221E-09  1.085618E-10
   1.362750E+04  1.013092E-09  1.069828E-10
   1.364250E+04  9.879841E-10  1.056489E-10
   1.365750E+04  1.030667E-09  1.079067E-10
   1.367250E+04  9.917502E-10  1.058501E-10
   1.368750E+04  9.854733E-10  1.055146E-10
   1.370250E+04  1.036944E-09  1.082348E-10
   1.371750E+04  9.892395E-10  1.057160E-10
   1.373250E+04  9.666426E-10  1.045017E-10
   1.374750E+04  9.540888E-10  1.038210E-10
   1.376250E+04  9.189382E-10  1.018907E-10
   1.377750E+04  9.051290E-10  1.011223E-10
   1.379250E+04  9.327474E-10  1.026534E-10
   1.380750E+04  8.913198E-10  1.003480E-10
   1.382250E+04  8.574246E-10  9.842164E-11
   1.383750E+04  8.787660E-10  9.963888E-11
   1.385250E+04  9.013629E-10  1.009117E-10
   1.386750E+04  8.185078E-10  9.616228E-11
   1.388250E+04  8.335723E-10  9.704311E-11
   1.389750E+04  8.247847E-10  9.653027E-11
   1.391250E+04  8.498923E-10  9.798841E-11
   1.392750E+04  7.532280E-10  9.224818E-11
   1.394250E+04  7.959109E-10  9.482569E-11
   1.395750E+04  8.084647E-10  9.557055E-11
   1.397250E+04  7.444404E-10  9.170853E-11
   1.398750E+04  7.971663E-10  9.490044E-11
   1.400250E+04  7.695480E-10  9.324212E-11
   1.401750E+04  7.343973E-10  9.108786E-11
   1.403250E+04  7.356527E-10  9.116567E-11
   1.404750E+04  6.666068E-10  8.678229E-11
   1.406250E+04  7.017574E-10  8.904081E-11
   1.407750E+04  6.753945E-10  8.735239E-11
   1.409250E+04  6.490315E-10  8.563069E-11
   1.410750E+04  6.728837E-10  8.718989E-11
   1.412250E+04  6.163916E-10  8.344985E-11
   1.413750E+04  6.553084E-10  8.604375E-11
   1.415250E+04  6.741391E-10  8.727118E-11
   1.416750E+04  6.239239E-10  8.395815E-11
   1.418250E+04  6.402438E-10  8.504904E-11
   1.419750E+04  6.276900E-10  8.421115E-11
   1.421250E+04  5.749641E-10  8.059690E-11
   1.422750E+04  5.737087E-10  8.050886E-11
   1.424250E+04  5.649210E-10  7.988993E-11
   1.425750E+04  5.121950E-10  7.607060E-11
   1.427250E+04  5.912840E-10  8.173268E-11
   1.428750E+04  5.862625E-10  8.138489E-11
   1.430250E+04  5.310257E-10  7.745627E-11
   1.431750E+04  5.084289E-10  7.579043E-11
   1.433250E+04  4.883428E-10  7.427831E-11
   1.434750E+04  4.506814E-10  7.135677E-11
   1.436250E+04  4.820659E-10  7.379942E-11
   1.437750E+04  4.996412E-10  7.513262E-11
   1.439250E+04  4.770444E-10  7.341406E-11
   1.440750E+04  4.469153E-10  7.105800E-11
   1.442250E+04  4.092539E-10  6.799822E-11
   1.443750E+04  4.268292E-10  6.944290E-11
   1.445250E+04  4.067431E-10  6.778932E-11
   1.446750E+04  4.255738E-10  6.934071E-11
   1.448250E+04  3.753586E-10  6.512158E-11
   1.449750E+04  4.431491E-10  7.075798E-11
   1.451250E+04  3.552725E-10  6.335530E-11
   1.452750E+04  3.866570E-10  6.609438E-11
   1.454250E+04  3.452295E-10  6.245343E-11
   1.455750E+04  3.678263E-10  6.446490E-11
   1.457250E+04  3.238880E-10  6.049231E-11
   1.458750E+04  3.766140E-10  6.523039E-11
   1.460250E+04  3.038020E-10  5.858661E-11
   1.461750E+04  3.376972E-10  6.176838E-11
   1.463250E+04  3.100789E-10  5.918874E-11
   1.464750E+04  2.535868E-10  5.352632E-11
   1.466250E+04  2.812051E-10  5.636573E-11
   1.467750E+04  2.586083E-10  5.405367E-11
   1.469250E+04  2.749282E-10  5.573312E-11
   1.470750E+04  2.385222E-10  5.191212E-11
   1.472250E+04  2.259684E-10  5.052757E-11
   1.473750E+04  2.548421E-10  5.365864E-11
   1.475250E+04  2.083931E-10  4.852288E-11
   1.476750E+04  2.021162E-10  4.778654E-11
   1.478250E+04  1.757532E-10  4.456123E-11
   1.479750E+04  1.832855E-10  4.550608E-11
   1.481250E+04  1.770086E-10  4.472009E-11
   1.482750E+04  1.544117E-10  4.176823E-11
   1.484250E+04  1.456241E-10  4.056231E-11
   1.485750E+04  1.318149E-10  3.859123E-11
   1.487250E+04  1.255380E-10  3.766119E-11
   1.488750E+04  1.205165E-10  3.690029E-11
   1.490250E+04  1.142396E-10  3.592651E-11
   1.491750E+04  1.142396E-10  3.592651E-11
   1.493250E+04  7.406742E-11  2.892818E-11
   1.494750E+04  6.276900E-11  2.663056E-11
   1.496250E+04  4.895982E-11  2.351949E-11
   1.497750E+04  4.895982E-11  2.351949E-11
   1.499250E+04  2.887374E-11  1.806175E-11
