 #  Results from PENEPMA.
 #  Energy distribution of upbound electrons.
 #  1st column: E (eV).
 #  2nd and 3rd columns: probability density and STU (1/(eV*particle)).

   7.500001E+00  1.000000E-35  1.000000E-35
   2.250000E+01  1.000000E-35  1.000000E-35
   3.750000E+01  1.000000E-35  1.000000E-35
   5.250001E+01  3.833197E-05  1.496366E-06
   6.750001E+01  4.239211E-05  1.483396E-06
   8.250001E+01  2.954325E-05  1.076572E-06
   9.750001E+01  1.774297E-05  8.990837E-07
   1.125000E+02  1.121059E-05  8.290023E-07
   1.275000E+02  9.986160E-06  7.797187E-07
   1.425000E+02  9.055981E-06  7.402802E-07
   1.575000E+02  8.210333E-06  7.017551E-07
   1.725000E+02  7.970176E-06  6.873891E-07
   1.875000E+02  7.267058E-06  6.525125E-07
   2.025000E+02  7.821307E-06  6.740702E-07
   2.175000E+02  6.942505E-06  6.276692E-07
   2.325000E+02  6.849010E-06  6.203230E-07
   2.475000E+02  6.472276E-06  5.989071E-07
   2.625000E+02  6.303956E-06  5.834303E-07
   2.775000E+02  5.929355E-06  5.640547E-07
   2.925000E+02  6.395607E-06  5.726380E-07
   3.075000E+02  5.722727E-06  5.528177E-07
   3.225000E+02  5.493677E-06  5.358869E-07
   3.375000E+02  5.779741E-06  5.510488E-07
   3.525000E+02  5.200916E-06  5.116874E-07
   3.675000E+02  5.414258E-06  5.182910E-07
   3.825000E+02  5.370135E-06  5.089270E-07
   3.975000E+02  5.261811E-06  5.005435E-07
   4.125000E+02  5.395853E-06  5.037627E-07
   4.275000E+02  5.250131E-06  4.823788E-07
   4.425000E+02  5.486310E-06  4.926398E-07
   4.575000E+02  5.282387E-06  4.912912E-07
   4.725000E+02  5.618938E-06  4.754400E-07
   4.875000E+02  6.385822E-06  4.983598E-07
   5.025001E+02  6.466328E-06  4.854696E-07
   5.175001E+02  3.209512E-06  4.535493E-07
   5.325001E+02  3.349710E-06  4.639721E-07
   5.475001E+02  3.609901E-06  4.817414E-07
   5.625001E+02  3.199164E-06  4.509642E-07
   5.775001E+02  3.582298E-06  4.787537E-07
   5.925001E+02  3.300323E-06  4.583361E-07
   6.075001E+02  3.012009E-06  4.369313E-07
   6.225001E+02  3.417635E-06  4.666332E-07
   6.375001E+02  3.059347E-06  4.417444E-07
   6.525001E+02  2.953546E-06  4.330332E-07
   6.675001E+02  2.914480E-06  4.297242E-07
   6.825001E+02  3.201866E-06  4.504789E-07
   6.975001E+02  2.947883E-06  4.319731E-07
   7.125001E+02  3.231579E-06  4.526055E-07
   7.275001E+02  3.096664E-06  4.414393E-07
   7.425001E+02  2.976155E-06  4.337491E-07
   7.575001E+02  3.036640E-06  4.375729E-07
   7.725001E+02  2.744577E-06  4.150778E-07
   7.875001E+02  3.101807E-06  4.436341E-07
   8.025001E+02  2.936083E-06  4.293244E-07
   8.175001E+02  3.054597E-06  4.366514E-07
   8.325001E+02  2.987748E-06  4.321906E-07
   8.475001E+02  2.823461E-06  4.208467E-07
   8.625001E+02  2.959726E-06  4.305692E-07
   8.775001E+02  2.847526E-06  4.215099E-07
   8.925001E+02  2.904286E-06  4.260273E-07
   9.075001E+02  3.000920E-06  4.322622E-07
   9.225001E+02  3.366422E-06  4.591606E-07
   9.375001E+02  2.999946E-06  4.312260E-07
   9.525001E+02  2.988483E-06  4.301299E-07
   9.675001E+02  2.557708E-06  3.982075E-07
   9.825001E+02  3.205829E-06  4.470284E-07
   9.975001E+02  3.277323E-06  4.518597E-07
   1.012500E+03  2.739714E-06  4.113631E-07
   1.027500E+03  3.003139E-06  4.307271E-07
   1.042500E+03  3.141809E-06  4.416802E-07
   1.057500E+03  2.842441E-06  4.193642E-07
   1.072500E+03  2.991746E-06  4.291116E-07
   1.087500E+03  3.086156E-06  4.363912E-07
   1.102500E+03  2.855833E-06  4.173112E-07
   1.117500E+03  3.139492E-06  4.381266E-07
   1.132500E+03  3.020560E-06  4.297880E-07
   1.147500E+03  2.967037E-06  4.242807E-07
   1.162500E+03  3.042908E-06  4.319764E-07
   1.177500E+03  3.198578E-06  4.409748E-07
   1.192500E+03  2.941937E-06  4.225645E-07
   1.207500E+03  2.959667E-06  4.237153E-07
   1.222500E+03  3.181237E-06  4.408822E-07
   1.237500E+03  2.786551E-06  4.104645E-07
   1.252500E+03  2.919114E-06  4.192644E-07
   1.267500E+03  2.920885E-06  4.176786E-07
   1.282500E+03  2.941995E-06  4.215104E-07
   1.297500E+03  3.206484E-06  4.410169E-07
   1.312500E+03  3.105913E-06  4.323198E-07
   1.327500E+03  3.096373E-06  4.328622E-07
   1.342500E+03  3.229522E-06  4.416442E-07
   1.357500E+03  3.022504E-06  4.256361E-07
   1.372500E+03  3.224439E-06  4.457081E-07
   1.387500E+03  2.897697E-06  4.083915E-07
   1.402500E+03  2.770142E-06  4.114537E-07
   1.417500E+03  3.230657E-06  4.451642E-07
   1.432500E+03  3.016284E-06  4.297650E-07
   1.447500E+03  3.286876E-06  4.515696E-07
   1.462500E+03  2.987300E-06  4.259639E-07
   1.477500E+03  3.448564E-06  4.610331E-07
   1.492500E+03  3.132575E-06  4.385973E-07
   1.507500E+03  3.302722E-06  4.495237E-07
   1.522500E+03  3.411566E-06  4.540319E-07
   1.537500E+03  3.070566E-06  4.331564E-07
   1.552500E+03  2.975249E-06  4.248513E-07
   1.567500E+03  3.353384E-06  4.438109E-07
   1.582500E+03  2.894058E-06  4.270153E-07
   1.597500E+03  2.873689E-06  4.253362E-07
   1.612500E+03  3.165975E-06  4.174608E-07
   1.627500E+03  2.714320E-06  4.207668E-07
   1.642500E+03  2.942763E-06  4.375781E-07
   1.657500E+03  2.968455E-06  4.387318E-07
   1.672500E+03  2.715872E-06  4.213039E-07
   1.687500E+03  2.996348E-06  4.429201E-07
   1.702500E+03  3.100282E-06  4.489589E-07
   1.717500E+03  3.265046E-06  4.621007E-07
   1.732500E+03  2.908665E-06  4.368857E-07
   1.747500E+03  2.959259E-06  4.407075E-07
   1.762500E+03  3.179300E-06  4.567420E-07
   1.777500E+03  3.411826E-06  4.732363E-07
   1.792500E+03  3.092762E-06  4.504044E-07
   1.807500E+03  2.683932E-06  4.195372E-07
   1.822500E+03  2.735638E-06  4.235216E-07
   1.837500E+03  3.133387E-06  4.535707E-07
   1.852500E+03  3.055736E-06  4.477322E-07
   1.867500E+03  3.011410E-06  4.445049E-07
   1.882500E+03  3.247039E-06  4.614529E-07
   1.897500E+03  3.240806E-06  4.609384E-07
   1.912500E+03  3.201195E-06  4.583141E-07
   1.927500E+03  3.334100E-06  4.676434E-07
   1.942500E+03  3.297085E-06  4.650705E-07
   1.957500E+03  3.189709E-06  4.572829E-07
   1.972500E+03  3.185011E-06  4.572586E-07
   1.987500E+03  3.275722E-06  4.635238E-07
   2.002500E+03  3.084364E-06  4.498663E-07
   2.017500E+03  3.142225E-06  4.541071E-07
   2.032500E+03  3.442036E-06  4.752636E-07
   2.047500E+03  3.479067E-06  4.777819E-07
   2.062500E+03  3.135467E-06  4.535816E-07
   2.077500E+03  3.129735E-06  4.530609E-07
   2.092500E+03  3.274655E-06  4.635185E-07
   2.107500E+03  3.472286E-06  4.772824E-07
   2.122500E+03  3.653187E-06  4.896720E-07
   2.137500E+03  3.683417E-06  4.916315E-07
   2.152500E+03  3.666813E-06  4.906452E-07
   2.167500E+03  3.226199E-06  4.598969E-07
   2.182500E+03  3.232443E-06  4.604126E-07
   2.197500E+03  3.268933E-06  4.630089E-07
   2.212500E+03  3.434735E-06  4.747589E-07
   2.227500E+03  3.596356E-06  4.867331E-07
   2.242500E+03  3.415430E-06  4.732545E-07
   2.257500E+03  3.406597E-06  4.727398E-07
   2.272500E+03  3.494729E-06  4.787896E-07
   2.287500E+03  3.493129E-06  4.787818E-07
   2.302500E+03  3.553636E-06  4.827815E-07
   2.317500E+03  3.706925E-06  4.930999E-07
   2.332500E+03  3.782554E-06  4.979507E-07
   2.347500E+03  3.361747E-06  4.696818E-07
   2.362500E+03  3.385726E-06  4.712212E-07
   2.377500E+03  3.499844E-06  4.792797E-07
   2.392500E+03  3.792408E-06  4.988904E-07
   2.407500E+03  3.603640E-06  4.862402E-07
   2.422500E+03  3.574964E-06  4.842665E-07
   2.437500E+03  3.559825E-06  4.832727E-07
   2.452500E+03  3.581728E-06  4.847587E-07
   2.467500E+03  3.548960E-06  4.822974E-07
   2.482500E+03  3.748054E-06  4.959961E-07
   2.497500E+03  3.705334E-06  4.940640E-07
   2.512500E+03  3.736088E-06  4.950409E-07
   2.527500E+03  3.756397E-06  4.964842E-07
   2.542500E+03  3.944636E-06  5.088773E-07
   2.557500E+03  3.662042E-06  4.911463E-07
   2.572500E+03  3.861217E-06  5.032116E-07
   2.587500E+03  3.888324E-06  5.051040E-07
   2.602500E+03  3.998348E-06  5.121767E-07
   2.617500E+03  3.957172E-06  5.093725E-07
   2.632500E+03  3.883107E-06  5.046389E-07
   2.647500E+03  4.006166E-06  5.126470E-07
   2.662500E+03  4.057790E-06  5.159127E-07
   2.677500E+03  3.846091E-06  5.022554E-07
   2.692500E+03  4.206898E-06  5.251386E-07
   2.707500E+03  3.877412E-06  5.041709E-07
   2.722500E+03  3.809061E-06  4.998605E-07
   2.737500E+03  4.059312E-06  5.159198E-07
   2.752500E+03  4.288723E-06  5.305632E-07
   2.767500E+03  3.760601E-06  4.965041E-07
   2.782500E+03  3.818444E-06  5.003498E-07
   2.797500E+03  4.174561E-06  5.232951E-07
   2.812500E+03  4.407687E-06  5.373399E-07
   2.827500E+03  4.121911E-06  5.200711E-07
   2.842500E+03  3.931052E-06  5.079390E-07
   2.857500E+03  4.184488E-06  5.237649E-07
   2.872500E+03  3.979554E-06  5.107850E-07
   2.887500E+03  4.233481E-06  5.269499E-07
   2.902500E+03  4.445702E-06  5.399851E-07
   2.917500E+03  4.677717E-06  5.540037E-07
   2.932500E+03  4.371118E-06  5.355199E-07
   2.947500E+03  4.758538E-06  5.587459E-07
   2.962500E+03  4.541608E-06  5.457309E-07
   2.977500E+03  4.542160E-06  5.457332E-07
   2.992500E+03  4.322630E-06  5.332885E-07
   3.007500E+03  4.334597E-06  5.332768E-07
   3.022500E+03  4.627127E-06  5.509684E-07
   3.037500E+03  4.403977E-06  5.373238E-07
   3.052500E+03  4.167752E-06  5.237555E-07
   3.067500E+03  4.638643E-06  5.514213E-07
   3.082500E+03  5.037999E-06  5.748280E-07
   3.097500E+03  4.637565E-06  5.514168E-07
   3.112500E+03  4.414904E-06  5.381994E-07
   3.127500E+03  4.788224E-06  5.604617E-07
   3.142500E+03  4.449371E-06  5.400011E-07
   3.157500E+03  4.401868E-06  5.373146E-07
   3.172500E+03  4.226168E-06  5.264947E-07
   3.187500E+03  4.706374E-06  5.557298E-07
   3.202500E+03  4.647945E-06  5.522678E-07
   3.217500E+03  4.836252E-06  5.630400E-07
   3.232500E+03  4.982732E-06  5.714947E-07
   3.247500E+03  4.779852E-06  5.600294E-07
   3.262500E+03  4.671415E-06  5.535753E-07
   3.277500E+03  4.896664E-06  5.668374E-07
   3.292500E+03  4.879421E-06  5.659800E-07
   3.307500E+03  5.247128E-06  5.864085E-07
   3.322500E+03  4.855400E-06  5.646991E-07
   3.337500E+03  4.549907E-06  5.465817E-07
   3.352500E+03  4.958657E-06  5.706161E-07
   3.367500E+03  5.089510E-06  5.781271E-07
   3.382500E+03  5.183900E-06  5.834910E-07
   3.397500E+03  5.307990E-06  5.904344E-07
   3.412500E+03  5.330409E-06  5.916534E-07
   3.427500E+03  4.818388E-06  5.625701E-07
   3.442500E+03  5.068161E-06  5.768838E-07
   3.457500E+03  5.119763E-06  5.806144E-07
   3.472500E+03  5.039486E-06  5.752213E-07
   3.487500E+03  5.490491E-06  6.004996E-07
   3.502500E+03  4.936239E-06  5.693521E-07
   3.517500E+03  5.614043E-06  6.072465E-07
   3.532500E+03  5.250629E-06  5.879975E-07
   3.547500E+03  5.431024E-06  5.980954E-07
   3.562500E+03  5.126550E-06  5.801989E-07
   3.577500E+03  5.352824E-06  5.928698E-07
   3.592500E+03  4.827238E-06  5.630027E-07
   3.607500E+03  5.170340E-06  5.826729E-07
   3.622500E+03  5.340833E-06  5.920710E-07
   3.637500E+03  5.073337E-06  5.772907E-07
   3.652500E+03  5.542593E-06  6.032918E-07
   3.667500E+03  5.774089E-06  6.158687E-07
   3.682500E+03  5.511298E-06  6.016920E-07
   3.697500E+03  5.555090E-06  6.040779E-07
   3.712500E+03  5.452902E-06  5.992967E-07
   3.727500E+03  5.234470E-06  5.863579E-07
   3.742500E+03  5.438315E-06  5.976943E-07
   3.757500E+03  5.460715E-06  5.988985E-07
   3.772500E+03  5.671878E-06  6.103946E-07
   3.787500E+03  5.548329E-06  6.036829E-07
   3.802500E+03  5.555109E-06  6.040779E-07
   3.817500E+03  5.372598E-06  5.940734E-07
   3.832500E+03  5.496694E-06  6.008946E-07
   3.847500E+03  5.708370E-06  6.123553E-07
   3.862500E+03  5.613483E-06  6.072445E-07
   3.877500E+03  5.752169E-06  6.146998E-07
   3.892500E+03  5.905456E-06  6.228360E-07
   3.907500E+03  6.051457E-06  6.304871E-07
   3.922500E+03  6.051979E-06  6.304891E-07
   3.937500E+03  5.788684E-06  6.166467E-07
   3.952500E+03  5.912787E-06  6.232208E-07
   3.967500E+03  5.759476E-06  6.150897E-07
   3.982500E+03  6.030096E-06  6.293474E-07
   3.997500E+03  5.956575E-06  6.255245E-07
   4.012500E+03  5.949266E-06  6.251412E-07
   4.027500E+03  5.905472E-06  6.228360E-07
   4.042500E+03  6.241246E-06  6.402969E-07
   4.057500E+03  5.795979E-06  6.170354E-07
   4.072500E+03  5.978463E-06  6.266733E-07
   4.087500E+03  6.394521E-06  6.481118E-07
   4.102500E+03  6.365335E-06  6.473717E-07
   4.117500E+03  6.423723E-06  6.495896E-07
   4.132500E+03  6.197458E-06  6.380465E-07
   4.147500E+03  5.934659E-06  6.243737E-07
   4.162500E+03  5.978479E-06  6.266733E-07
   4.177500E+03  6.008173E-06  6.282036E-07
   4.192500E+03  6.219334E-06  6.391727E-07
   4.207500E+03  6.409663E-06  6.488530E-07
   4.222500E+03  6.350740E-06  6.458886E-07
   4.237500E+03  6.504013E-06  6.536366E-07
   4.252500E+03  6.066040E-06  6.312472E-07
   4.267500E+03  6.635407E-06  6.602053E-07
   4.282500E+03  6.810618E-06  6.688632E-07
   4.297500E+03  6.883594E-06  6.724378E-07
   4.312500E+03  6.474821E-06  6.521679E-07
   4.327500E+03  6.584302E-06  6.576586E-07
   4.342500E+03  6.460232E-06  6.514323E-07
   4.357500E+03  6.037365E-06  6.297282E-07
   4.372500E+03  6.781400E-06  6.674280E-07
   4.387500E+03  6.774626E-06  6.670706E-07
   4.402500E+03  6.044119E-06  6.301068E-07
   4.417500E+03  6.898181E-06  6.738624E-07
   4.432500E+03  6.051457E-06  6.304871E-07
   4.447500E+03  6.591606E-06  6.580230E-07
   4.462500E+03  7.022288E-06  6.791776E-07
   4.477500E+03  6.817882E-06  6.692215E-07
   4.492500E+03  6.744908E-06  6.656297E-07
   4.507500E+03  6.620803E-06  6.594787E-07
   4.522500E+03  6.628090E-06  6.598421E-07
   4.537500E+03  6.920088E-06  6.742179E-07
   4.552500E+03  7.007688E-06  6.784713E-07
   4.567500E+03  6.628110E-06  6.598421E-07
   4.582500E+03  7.000369E-06  6.781179E-07
   4.597500E+03  7.131764E-06  6.844516E-07
   4.612500E+03  7.299639E-06  6.924603E-07
   4.627500E+03  6.781398E-06  6.674280E-07
   4.642500E+03  6.861684E-06  6.713674E-07
   4.657500E+03  7.219341E-06  6.886417E-07
   4.672500E+03  6.963874E-06  6.763480E-07
   4.687500E+03  7.037390E-06  6.798850E-07
   4.702500E+03  7.226656E-06  6.889897E-07
   4.717500E+03  7.482672E-06  7.010635E-07
   4.732500E+03  7.584322E-06  7.058327E-07
   4.747500E+03  7.109866E-06  6.834000E-07
   4.762500E+03  7.087945E-06  6.823469E-07
   4.777500E+03  7.160962E-06  6.858511E-07
   4.792500E+03  7.204763E-06  6.879451E-07
   4.807500E+03  7.817916E-06  7.166184E-07
   4.822500E+03  7.350727E-06  6.948795E-07
   4.837500E+03  7.737630E-06  7.129292E-07
   4.852500E+03  7.306949E-06  6.928064E-07
   4.867500E+03  7.452939E-06  6.996926E-07
   4.882500E+03  7.672428E-06  7.098983E-07
   4.897500E+03  7.832507E-06  7.172871E-07
   4.912500E+03  7.584327E-06  7.058327E-07
   4.927500E+03  7.912821E-06  7.209540E-07
   4.942500E+03  7.817911E-06  7.166184E-07
   4.957500E+03  7.701122E-06  7.112460E-07
   4.972500E+03  7.642721E-06  7.085445E-07
   4.987500E+03  7.905524E-06  7.206214E-07
   5.002501E+03  7.927395E-06  7.216187E-07
   5.017501E+03  7.540530E-06  7.037919E-07
   5.032501E+03  7.525923E-06  7.031104E-07
   5.047501E+03  7.598930E-06  7.065116E-07
   5.062501E+03  7.788694E-06  7.152791E-07
   5.077501E+03  7.817914E-06  7.166184E-07
   5.092501E+03  7.657326E-06  7.092208E-07
   5.107501E+03  7.664605E-06  7.095588E-07
   5.122501E+03  7.927404E-06  7.216187E-07
   5.137501E+03  7.833029E-06  7.172888E-07
   5.152501E+03  7.949296E-06  7.226146E-07
   5.167501E+03  7.993096E-06  7.246023E-07
   5.182501E+03  7.825213E-06  7.169528E-07
   5.197501E+03  7.431035E-06  6.986640E-07
   5.212501E+03  7.774111E-06  7.146085E-07
   5.227501E+03  7.876323E-06  7.192895E-07
   5.242501E+03  7.898201E-06  7.202887E-07
   5.257501E+03  8.241283E-06  7.357645E-07
   5.272501E+03  8.095812E-06  7.292209E-07
   5.287501E+03  7.620813E-06  7.075288E-07
   5.302501E+03  8.212081E-06  7.344601E-07
   5.317501E+03  8.839851E-06  7.620123E-07
   5.332501E+03  8.124479E-06  7.305329E-07
   5.347501E+03  8.628155E-06  7.534709E-07
   5.362501E+03  8.431064E-06  7.441872E-07
   5.377501E+03  8.080691E-06  7.285614E-07
   5.392501E+03  8.248577E-06  7.360902E-07
   5.407501E+03  8.255854E-06  7.364158E-07
   5.422501E+03  8.489472E-06  7.467597E-07
   5.437501E+03  8.277774E-06  7.373917E-07
   5.452501E+03  8.598957E-06  7.515594E-07
   5.467501E+03  8.832544E-06  7.616976E-07
   5.482501E+03  8.358072E-06  7.409590E-07
   5.497501E+03  8.518651E-06  7.480427E-07
   5.512501E+03  7.985796E-06  7.242714E-07
   5.527501E+03  9.190232E-06  7.769653E-07
   5.542501E+03  8.620843E-06  7.525157E-07
   5.557501E+03  8.438371E-06  7.445093E-07
   5.572501E+03  9.007729E-06  7.692135E-07
   5.587501E+03  8.489473E-06  7.467597E-07
   5.602501E+03  8.884172E-06  7.638990E-07
   5.617501E+03  8.701151E-06  7.560116E-07
   5.632501E+03  8.445654E-06  7.448312E-07
   5.647501E+03  8.788754E-06  7.598070E-07
   5.662501E+03  8.796044E-06  7.601224E-07
   5.677501E+03  8.817935E-06  7.610679E-07
   5.692501E+03  8.832539E-06  7.616976E-07
   5.707501E+03  9.168315E-06  7.760392E-07
   5.722501E+03  9.182922E-06  7.766567E-07
   5.737501E+03  8.766843E-06  7.588599E-07
   5.752501E+03  8.759528E-06  7.585440E-07
   5.767501E+03  8.876335E-06  7.635835E-07
   5.782501E+03  9.117228E-06  7.738739E-07
   5.797501E+03  9.562488E-06  7.925436E-07
   5.812501E+03  8.496741E-06  7.470807E-07
   5.827501E+03  9.255912E-06  7.797370E-07
   5.842501E+03  9.540591E-06  7.916357E-07
   5.857501E+03  9.022314E-06  7.698366E-07
   5.872501E+03  9.153719E-06  7.754211E-07
   5.887501E+03  9.226715E-06  7.785064E-07
   5.902501E+03  9.088028E-06  7.726339E-07
   5.917501E+03  9.474888E-06  7.889058E-07
   5.932501E+03  9.182920E-06  7.766567E-07
   5.947501E+03  9.212121E-06  7.778903E-07
   5.962501E+03  9.328898E-06  7.828052E-07
   5.977501E+03  9.029616E-06  7.701479E-07
   5.992501E+03  9.533283E-06  7.913329E-07
   6.007501E+03  9.321589E-06  7.824990E-07
   6.022501E+03  8.898220E-06  7.645248E-07
   6.037501E+03  9.774170E-06  8.012668E-07
   6.052501E+03  9.496803E-06  7.898169E-07
   6.067501E+03  9.292406E-06  7.812726E-07
   6.082501E+03  9.591680E-06  7.937525E-07
   6.097501E+03  9.562481E-06  7.925436E-07
   6.112501E+03  9.182914E-06  7.766567E-07
   6.127501E+03  9.255906E-06  7.797370E-07
   6.142501E+03  9.650078E-06  7.961648E-07
   6.157501E+03  9.730378E-06  7.994698E-07
   6.172501E+03  9.270510E-06  7.803516E-07
   6.187501E+03  9.350809E-06  7.837234E-07
   6.202501E+03  9.963954E-06  8.090075E-07
   6.217501E+03  1.009535E-05  8.143233E-07
   6.232501E+03  9.759571E-06  8.006682E-07
   6.247501E+03  9.810669E-06  8.027612E-07
   6.262501E+03  1.037273E-05  8.254332E-07
   6.277501E+03  1.003695E-05  8.119651E-07
   6.292501E+03  9.861754E-06  8.048487E-07
   6.307501E+03  1.013915E-05  8.160876E-07
   6.322501E+03  9.744966E-06  8.000692E-07
   6.337501E+03  9.723075E-06  7.991699E-07
   6.352501E+03  9.781467E-06  8.015659E-07
   6.367501E+03  1.019755E-05  8.184340E-07
   6.382501E+03  9.942055E-06  8.081181E-07
   6.397501E+03  9.759565E-06  8.006682E-07
   6.412501E+03  1.039463E-05  8.263039E-07
   6.427501E+03  9.723066E-06  7.991699E-07
   6.442501E+03  1.037273E-05  8.254332E-07
   6.457501E+03  1.028515E-05  8.219411E-07
   6.472501E+03  1.040193E-05  8.265940E-07
   6.487501E+03  9.890950E-06  8.060391E-07
   6.502501E+03  1.030704E-05  8.228155E-07
   6.517501E+03  1.028513E-05  8.219411E-07
   6.532501E+03  1.090561E-05  8.463665E-07
   6.547501E+03  1.080340E-05  8.423922E-07
   6.562501E+03  1.025595E-05  8.207737E-07
   6.577501E+03  1.056251E-05  8.329492E-07
   6.592501E+03  1.052602E-05  8.315091E-07
   6.607501E+03  1.025594E-05  8.207737E-07
   6.622501E+03  1.080341E-05  8.423922E-07
   6.637501E+03  1.064281E-05  8.361088E-07
   6.652501E+03  1.082530E-05  8.432454E-07
   6.667501E+03  1.070852E-05  8.386850E-07
   6.682501E+03  1.111728E-05  8.545400E-07
   6.697501E+03  1.034352E-05  8.242708E-07
   6.712501E+03  1.092749E-05  8.472157E-07
   6.727501E+03  1.036544E-05  8.251428E-07
   6.742501E+03  1.064281E-05  8.361088E-07
   6.757501E+03  1.095670E-05  8.483466E-07
   6.772501E+03  1.080340E-05  8.423922E-07
   6.787501E+03  1.089100E-05  8.457999E-07
   6.802501E+03  1.070121E-05  8.383991E-07
   6.817501E+03  1.119027E-05  8.573404E-07
   6.832501E+03  1.075230E-05  8.403980E-07
   6.847501E+03  1.100049E-05  8.500402E-07
   6.862501E+03  1.049683E-05  8.303552E-07
   6.877501E+03  1.076689E-05  8.409683E-07
   6.892501E+03  1.110269E-05  8.539789E-07
   6.907501E+03  1.098590E-05  8.494761E-07
   6.922501E+03  1.113188E-05  8.551009E-07
   6.937501E+03  1.074501E-05  8.401128E-07
   6.952501E+03  1.062092E-05  8.352483E-07
   6.967501E+03  1.088369E-05  8.455164E-07
   6.982501E+03  1.091291E-05  8.466496E-07
   6.997501E+03  1.125596E-05  8.598530E-07
   7.012501E+03  1.091289E-05  8.466496E-07
   7.027501E+03  1.091289E-05  8.466496E-07
   7.042501E+03  1.121947E-05  8.584580E-07
   7.057501E+03  1.099319E-05  8.497582E-07
   7.072501E+03  1.096398E-05  8.486291E-07
   7.087501E+03  1.136546E-05  8.640243E-07
   7.102501E+03  1.113188E-05  8.551009E-07
   7.117501E+03  1.102969E-05  8.511674E-07
   7.132501E+03  1.108078E-05  8.531364E-07
   7.147501E+03  1.080340E-05  8.423922E-07
   7.162501E+03  1.127787E-05  8.606889E-07
   7.177501E+03  1.126328E-05  8.601317E-07
   7.192501E+03  1.152606E-05  8.701061E-07
   7.207501E+03  1.146036E-05  8.676232E-07
   7.222501E+03  1.158445E-05  8.723071E-07
   7.237501E+03  1.163555E-05  8.742285E-07
   7.252501E+03  1.161365E-05  8.734055E-07
   7.267501E+03  1.136546E-05  8.640243E-07
   7.282501E+03  1.213920E-05  8.929461E-07
   7.297501E+03  1.160634E-05  8.731311E-07
   7.312501E+03  1.174503E-05  8.783315E-07
   7.327501E+03  1.155524E-05  8.712073E-07
   7.342501E+03  1.159906E-05  8.728565E-07
   7.357501E+03  1.128517E-05  8.609673E-07
   7.372501E+03  1.200782E-05  8.881013E-07
   7.387501E+03  1.176694E-05  8.791498E-07
   7.402501E+03  1.171584E-05  8.772392E-07
   7.417501E+03  1.175964E-05  8.788771E-07
   7.432501E+03  1.139465E-05  8.651333E-07
   7.447501E+03  1.156985E-05  8.717574E-07
   7.462501E+03  1.183993E-05  8.818720E-07
   7.477501E+03  1.152604E-05  8.701061E-07
   7.492501E+03  1.146766E-05  8.678995E-07
   7.507501E+03  1.191293E-05  8.845858E-07
   7.522501E+03  1.183992E-05  8.818720E-07
   7.537501E+03  1.200052E-05  8.878314E-07
   7.552501E+03  1.194943E-05  8.859396E-07
   7.567501E+03  1.181073E-05  8.807841E-07
   7.582501E+03  1.173773E-05  8.780585E-07
   7.597501E+03  1.189102E-05  8.837725E-07
   7.612501E+03  1.248959E-05  9.057389E-07
   7.627501E+03  1.232900E-05  8.998981E-07
   7.642501E+03  1.150415E-05  8.692793E-07
   7.657501E+03  1.196402E-05  8.864805E-07
   7.672501E+03  1.200782E-05  8.881013E-07
   7.687501E+03  1.188373E-05  8.835013E-07
   7.702501E+03  1.235820E-05  9.009629E-07
   7.717501E+03  1.251878E-05  9.067968E-07
   7.732501E+03  1.200783E-05  8.881013E-07
   7.747501E+03  1.203702E-05  8.891802E-07
   7.762501E+03  1.220490E-05  8.953587E-07
   7.777501E+03  1.203703E-05  8.891802E-07
   7.792501E+03  1.231440E-05  8.993653E-07
   7.807501E+03  1.182533E-05  8.813282E-07
   7.822501E+03  1.197132E-05  8.867508E-07
   7.837501E+03  1.194942E-05  8.859396E-07
   7.852501E+03  1.210273E-05  8.916030E-07
   7.867501E+03  1.194942E-05  8.859396E-07
   7.882501E+03  1.192022E-05  8.848567E-07
   7.897501E+03  1.246040E-05  9.046797E-07
   7.912501E+03  1.187642E-05  8.832299E-07
   7.927501E+03  1.208082E-05  8.907961E-07
   7.942501E+03  1.276697E-05  9.157396E-07
   7.957501E+03  1.274508E-05  9.149541E-07
   7.972501E+03  1.197862E-05  8.870211E-07
   7.987501E+03  1.218301E-05  8.945552E-07
   8.002501E+03  1.264287E-05  9.112792E-07
   8.017501E+03  1.303705E-05  9.253732E-07
   8.032501E+03  1.311005E-05  9.279598E-07
   8.047501E+03  1.247498E-05  9.052094E-07
   8.062501E+03  1.256259E-05  9.083813E-07
   8.077501E+03  1.252607E-05  9.070611E-07
   8.092501E+03  1.267937E-05  9.125933E-07
   8.107501E+03  1.316115E-05  9.297660E-07
   8.122501E+03  1.270857E-05  9.136433E-07
   8.137501E+03  1.238738E-05  9.020264E-07
   8.152501E+03  1.254799E-05  9.078534E-07
   8.167501E+03  1.247500E-05  9.052094E-07
   8.182501E+03  1.208812E-05  8.910652E-07
   8.197501E+03  1.211001E-05  8.918718E-07
   8.212501E+03  1.243118E-05  9.036193E-07
   8.227501E+03  1.222680E-05  8.961615E-07
   8.242501E+03  1.283267E-05  9.180922E-07
   8.257501E+03  1.268668E-05  9.128559E-07
   8.272501E+03  1.246039E-05  9.046797E-07
   8.287501E+03  1.265017E-05  9.115421E-07
   8.302501E+03  1.300055E-05  9.240773E-07
   8.317501E+03  1.309545E-05  9.274430E-07
   8.332501E+03  1.304435E-05  9.256322E-07
   8.347501E+03  1.289837E-05  9.204388E-07
   8.362501E+03  1.295675E-05  9.225197E-07
   8.377501E+03  1.273777E-05  9.146920E-07
   8.392501E+03  1.298595E-05  9.235584E-07
   8.407501E+03  1.302975E-05  9.251142E-07
   8.422501E+03  1.305895E-05  9.261500E-07
   8.437501E+03  1.321954E-05  9.318260E-07
   8.452501E+03  1.282537E-05  9.178311E-07
   8.467501E+03  1.277427E-05  9.160013E-07
   8.482501E+03  1.262097E-05  9.104898E-07
   8.497501E+03  1.285456E-05  9.188751E-07
   8.512501E+03  1.297865E-05  9.232988E-07
   8.527501E+03  1.360643E-05  9.453602E-07
   8.542501E+03  1.282536E-05  9.178311E-07
   8.557501E+03  1.259908E-05  9.096997E-07
   8.572501E+03  1.316114E-05  9.297660E-07
   8.587501E+03  1.325603E-05  9.331112E-07
   8.602501E+03  1.305165E-05  9.258911E-07
   8.617501E+03  1.365022E-05  9.468802E-07
   8.632501E+03  1.270858E-05  9.136433E-07
   8.647501E+03  1.304435E-05  9.256322E-07
   8.662501E+03  1.303705E-05  9.253732E-07
   8.677501E+03  1.346773E-05  9.405307E-07
   8.692501E+03  1.349693E-05  9.415495E-07
   8.707501E+03  1.300785E-05  9.243366E-07
   8.722501E+03  1.324144E-05  9.325974E-07
   8.737501E+03  1.329254E-05  9.343947E-07
   8.752501E+03  1.294215E-05  9.219999E-07
   8.767501E+03  1.351882E-05  9.423129E-07
   8.782501E+03  1.267937E-05  9.125933E-07
   8.797501E+03  1.338744E-05  9.377234E-07
   8.812501E+03  1.292026E-05  9.212197E-07
   8.827501E+03  1.306626E-05  9.264087E-07
   8.842501E+03  1.344583E-05  9.397659E-07
   8.857501E+03  1.386921E-05  9.544437E-07
   8.872501E+03  1.285457E-05  9.188751E-07
   8.887501E+03  1.306625E-05  9.264087E-07
   8.902501E+03  1.361372E-05  9.456137E-07
   8.917501E+03  1.365022E-05  9.468802E-07
   8.932501E+03  1.358452E-05  9.445993E-07
   8.947501E+03  1.294945E-05  9.222599E-07
   8.962501E+03  1.324143E-05  9.325974E-07
   8.977501E+03  1.352612E-05  9.425672E-07
   8.992501E+03  1.346772E-05  9.405307E-07
   9.007501E+03  1.337283E-05  9.372120E-07
   9.022501E+03  1.333632E-05  9.359325E-07
   9.037501E+03  1.298595E-05  9.235584E-07
   9.052501E+03  1.346042E-05  9.402759E-07
   9.067501E+03  1.314654E-05  9.292503E-07
   9.082501E+03  1.320495E-05  9.313115E-07
   9.097501E+03  1.320494E-05  9.313115E-07
   9.112501E+03  1.335823E-05  9.367004E-07
   9.127501E+03  1.267938E-05  9.125933E-07
   9.142501E+03  1.280346E-05  9.170474E-07
   9.157501E+03  1.302244E-05  9.248551E-07
   9.172501E+03  1.298595E-05  9.235584E-07
   9.187501E+03  1.297135E-05  9.230392E-07
   9.202501E+03  1.342393E-05  9.390005E-07
   9.217501E+03  1.333633E-05  9.359325E-07
   9.232501E+03  1.293486E-05  9.217399E-07
   9.247501E+03  1.377430E-05  9.511735E-07
   9.262501E+03  1.337282E-05  9.372120E-07
   9.277501E+03  1.366481E-05  9.473863E-07
   9.292501E+03  1.333633E-05  9.359325E-07
   9.307501E+03  1.314654E-05  9.292503E-07
   9.322501E+03  1.355532E-05  9.435838E-07
   9.337501E+03  1.367211E-05  9.476392E-07
   9.352501E+03  1.321224E-05  9.315688E-07
   9.367501E+03  1.388380E-05  9.549458E-07
   9.382501E+03  1.290565E-05  9.206992E-07
   9.397501E+03  1.340932E-05  9.384898E-07
   9.412501E+03  1.315384E-05  9.295082E-07
   9.427501E+03  1.346042E-05  9.402759E-07
   9.442501E+03  1.366482E-05  9.473863E-07
   9.457501E+03  1.332173E-05  9.354201E-07
   9.472501E+03  1.360642E-05  9.453602E-07
   9.487501E+03  1.386190E-05  9.541925E-07
   9.502501E+03  1.343852E-05  9.395108E-07
   9.517501E+03  1.307355E-05  9.266674E-07
   9.532501E+03  1.332903E-05  9.356763E-07
   9.547501E+03  1.370131E-05  9.486504E-07
   9.562501E+03  1.368671E-05  9.481449E-07
   9.577501E+03  1.357721E-05  9.443455E-07
   9.592501E+03  1.302244E-05  9.248551E-07
   9.607501E+03  1.356991E-05  9.440917E-07
   9.622501E+03  1.405169E-05  9.607011E-07
   9.637501E+03  1.353341E-05  9.428215E-07
   9.652501E+03  1.359911E-05  9.451066E-07
   9.667501E+03  1.376700E-05  9.509215E-07
   9.682501E+03  1.351882E-05  9.423129E-07
   9.697501E+03  1.378161E-05  9.514255E-07
   9.712501E+03  1.305895E-05  9.261500E-07
   9.727501E+03  1.306624E-05  9.264087E-07
   9.742501E+03  1.305895E-05  9.261500E-07
   9.757501E+03  1.316113E-05  9.297660E-07
   9.772501E+03  1.304435E-05  9.256322E-07
   9.787501E+03  1.347501E-05  9.407855E-07
   9.802501E+03  1.381080E-05  9.524326E-07
   9.817501E+03  1.348232E-05  9.410403E-07
   9.832501E+03  1.297865E-05  9.232988E-07
   9.847501E+03  1.343122E-05  9.392557E-07
   9.862501E+03  1.359911E-05  9.451066E-07
   9.877501E+03  1.375970E-05  9.506694E-07
   9.892501E+03  1.348232E-05  9.410403E-07
   9.907501E+03  1.386190E-05  9.541925E-07
   9.922501E+03  1.297865E-05  9.232988E-07
   9.937501E+03  1.355531E-05  9.435838E-07
   9.952501E+03  1.384730E-05  9.536900E-07
   9.967501E+03  1.381810E-05  9.526842E-07
   9.982501E+03  1.346042E-05  9.402759E-07
   9.997501E+03  1.366481E-05  9.473863E-07
   1.001250E+04  1.416848E-05  9.646845E-07
   1.002750E+04  1.422688E-05  9.666700E-07
   1.004250E+04  1.311004E-05  9.279598E-07
   1.005750E+04  1.324874E-05  9.328543E-07
   1.007250E+04  1.310274E-05  9.277014E-07
   1.008750E+04  1.405168E-05  9.607011E-07
   1.010250E+04  1.328523E-05  9.341381E-07
   1.011750E+04  1.346042E-05  9.402759E-07
   1.013250E+04  1.367210E-05  9.476392E-07
   1.014750E+04  1.335822E-05  9.367004E-07
   1.016250E+04  1.375970E-05  9.506694E-07
   1.017750E+04  1.289835E-05  9.204388E-07
   1.019250E+04  1.302975E-05  9.251142E-07
   1.020750E+04  1.354071E-05  9.430756E-07
   1.022250E+04  1.332173E-05  9.354201E-07
   1.023750E+04  1.334362E-05  9.361885E-07
   1.025250E+04  1.349692E-05  9.415495E-07
   1.026750E+04  1.350421E-05  9.418041E-07
   1.028250E+04  1.367941E-05  9.478921E-07
   1.029750E+04  1.355532E-05  9.435838E-07
   1.031250E+04  1.338013E-05  9.374677E-07
   1.032750E+04  1.311734E-05  9.282180E-07
   1.034250E+04  1.374510E-05  9.501651E-07
   1.035750E+04  1.283996E-05  9.183533E-07
   1.037250E+04  1.346042E-05  9.402759E-07
   1.038750E+04  1.374510E-05  9.501651E-07
   1.040250E+04  1.377430E-05  9.511735E-07
   1.041750E+04  1.350422E-05  9.418041E-07
   1.043250E+04  1.292755E-05  9.214799E-07
   1.044750E+04  1.325603E-05  9.331112E-07
   1.046250E+04  1.378160E-05  9.514255E-07
   1.047750E+04  1.375970E-05  9.506694E-07
   1.049250E+04  1.362100E-05  9.458671E-07
   1.050750E+04  1.337283E-05  9.372120E-07
   1.052250E+04  1.305894E-05  9.261500E-07
   1.053750E+04  1.332172E-05  9.354201E-07
   1.055250E+04  1.311004E-05  9.279598E-07
   1.056750E+04  1.318303E-05  9.305391E-07
   1.058250E+04  1.305164E-05  9.258911E-07
   1.059750E+04  1.358451E-05  9.445993E-07
   1.061250E+04  1.300784E-05  9.243366E-07
   1.062750E+04  1.350422E-05  9.418041E-07
   1.064250E+04  1.324143E-05  9.325974E-07
   1.065750E+04  1.325603E-05  9.331112E-07
   1.067250E+04  1.320493E-05  9.313115E-07
   1.068750E+04  1.390569E-05  9.556984E-07
   1.070250E+04  1.300784E-05  9.243366E-07
   1.071750E+04  1.309544E-05  9.274430E-07
   1.073250E+04  1.316114E-05  9.297660E-07
   1.074750E+04  1.316844E-05  9.300238E-07
   1.076250E+04  1.311004E-05  9.279598E-07
   1.077750E+04  1.303704E-05  9.253732E-07
   1.079250E+04  1.297864E-05  9.232988E-07
   1.080750E+04  1.302244E-05  9.248551E-07
   1.082250E+04  1.315383E-05  9.295082E-07
   1.083750E+04  1.290565E-05  9.206992E-07
   1.085250E+04  1.298594E-05  9.235584E-07
   1.086750E+04  1.278155E-05  9.162629E-07
   1.088250E+04  1.285455E-05  9.188751E-07
   1.089750E+04  1.343852E-05  9.395108E-07
   1.091250E+04  1.343852E-05  9.395108E-07
   1.092750E+04  1.363561E-05  9.463738E-07
   1.094250E+04  1.259907E-05  9.096997E-07
   1.095750E+04  1.269396E-05  9.131185E-07
   1.097250E+04  1.321223E-05  9.315688E-07
   1.098750E+04  1.293485E-05  9.217399E-07
   1.100250E+04  1.309543E-05  9.274430E-07
   1.101750E+04  1.361371E-05  9.456137E-07
   1.103250E+04  1.332172E-05  9.354201E-07
   1.104750E+04  1.290565E-05  9.206992E-07
   1.106250E+04  1.262827E-05  9.107530E-07
   1.107750E+04  1.273046E-05  9.144300E-07
   1.109250E+04  1.278155E-05  9.162629E-07
   1.110750E+04  1.261367E-05  9.102265E-07
   1.112250E+04  1.266476E-05  9.120679E-07
   1.113750E+04  1.306624E-05  9.264087E-07
   1.115250E+04  1.272315E-05  9.141678E-07
   1.116750E+04  1.252607E-05  9.070611E-07
   1.118250E+04  1.302244E-05  9.248551E-07
   1.119750E+04  1.254067E-05  9.075894E-07
   1.121250E+04  1.271586E-05  9.139056E-07
   1.122750E+04  1.274506E-05  9.149541E-07
   1.124250E+04  1.254067E-05  9.075894E-07
   1.125750E+04  1.213190E-05  8.926777E-07
   1.127250E+04  1.290565E-05  9.206992E-07
   1.128750E+04  1.246767E-05  9.049446E-07
   1.130250E+04  1.264286E-05  9.112792E-07
   1.131750E+04  1.260637E-05  9.099631E-07
   1.133250E+04  1.323413E-05  9.323403E-07
   1.134750E+04  1.294215E-05  9.219999E-07
   1.136250E+04  1.266476E-05  9.120679E-07
   1.137750E+04  1.261366E-05  9.102265E-07
   1.139250E+04  1.270856E-05  9.136433E-07
   1.140750E+04  1.228519E-05  8.982986E-07
   1.142250E+04  1.251147E-05  9.065324E-07
   1.143750E+04  1.207350E-05  8.905270E-07
   1.145250E+04  1.227789E-05  8.980317E-07
   1.146750E+04  1.270126E-05  9.133809E-07
   1.148250E+04  1.248227E-05  9.054742E-07
   1.149750E+04  1.301514E-05  9.245959E-07
   1.151250E+04  1.252607E-05  9.070611E-07
   1.152750E+04  1.291295E-05  9.209595E-07
   1.154250E+04  1.232898E-05  8.998981E-07
   1.155750E+04  1.215379E-05  8.934828E-07
   1.157250E+04  1.196400E-05  8.864805E-07
   1.158750E+04  1.245308E-05  9.044147E-07
   1.160250E+04  1.238738E-05  9.020264E-07
   1.161750E+04  1.202970E-05  8.889106E-07
   1.163250E+04  1.189101E-05  8.837725E-07
   1.164750E+04  1.221219E-05  8.956264E-07
   1.166250E+04  1.276695E-05  9.157396E-07
   1.167750E+04  1.181801E-05  8.810562E-07
   1.169250E+04  1.227058E-05  8.977648E-07
   1.170750E+04  1.179611E-05  8.802397E-07
   1.172250E+04  1.216109E-05  8.937511E-07
   1.173750E+04  1.267936E-05  9.125933E-07
   1.175250E+04  1.180341E-05  8.805119E-07
   1.176750E+04  1.133624E-05  8.629139E-07
   1.178250E+04  1.196400E-05  8.864805E-07
   1.179750E+04  1.199320E-05  8.875614E-07
   1.181250E+04  1.147493E-05  8.681756E-07
   1.182750E+04  1.245307E-05  9.044147E-07
   1.184250E+04  1.250417E-05  9.062680E-07
   1.185750E+04  1.170852E-05  8.769659E-07
   1.187250E+04  1.179611E-05  8.802397E-07
   1.188750E+04  1.154793E-05  8.709321E-07
   1.190250E+04  1.194940E-05  8.859396E-07
   1.191750E+04  1.168662E-05  8.761456E-07
   1.193250E+04  1.238737E-05  9.020264E-07
   1.194750E+04  1.200780E-05  8.881013E-07
   1.196250E+04  1.175961E-05  8.788771E-07
   1.197750E+04  1.146033E-05  8.676232E-07
   1.199250E+04  1.208079E-05  8.907961E-07
   1.200750E+04  1.174501E-05  8.783315E-07
   1.202250E+04  1.148223E-05  8.684516E-07
   1.203750E+04  1.204430E-05  8.894498E-07
   1.205250E+04  1.139463E-05  8.651333E-07
   1.206750E+04  1.140923E-05  8.656872E-07
   1.208250E+04  1.171581E-05  8.772392E-07
   1.209750E+04  1.114645E-05  8.556613E-07
   1.211250E+04  1.083987E-05  8.438138E-07
   1.212750E+04  1.167932E-05  8.758720E-07
   1.214250E+04  1.111725E-05  8.545400E-07
   1.215750E+04  1.155522E-05  8.712073E-07
   1.217250E+04  1.159902E-05  8.728565E-07
   1.218750E+04  1.145303E-05  8.673469E-07
   1.220250E+04  1.121945E-05  8.584580E-07
   1.221750E+04  1.047489E-05  8.294888E-07
   1.223250E+04  1.189101E-05  8.837725E-07
   1.224750E+04  1.183261E-05  8.816001E-07
   1.226250E+04  1.102965E-05  8.511674E-07
   1.227750E+04  1.089096E-05  8.457999E-07
   1.229250E+04  1.181801E-05  8.810562E-07
   1.230750E+04  1.075957E-05  8.406832E-07
   1.232250E+04  1.121214E-05  8.581788E-07
   1.233750E+04  1.121945E-05  8.584580E-07
   1.235250E+04  1.070847E-05  8.386850E-07
   1.236750E+04  1.127054E-05  8.604103E-07
   1.238250E+04  1.148953E-05  8.687276E-07
   1.239750E+04  1.102236E-05  8.508858E-07
   1.241250E+04  1.138004E-05  8.645790E-07
   1.242750E+04  1.121944E-05  8.584580E-07
   1.244250E+04  1.126324E-05  8.601317E-07
   1.245750E+04  1.095666E-05  8.483466E-07
   1.247250E+04  1.089826E-05  8.460832E-07
   1.248750E+04  1.108805E-05  8.534173E-07
   1.250250E+04  1.096396E-05  8.486291E-07
   1.251750E+04  1.110265E-05  8.539789E-07
   1.253250E+04  1.047489E-05  8.294888E-07
   1.254750E+04  1.086176E-05  8.446655E-07
   1.256250E+04  1.097126E-05  8.489115E-07
   1.257750E+04  1.083257E-05  8.435296E-07
   1.259250E+04  1.107345E-05  8.528554E-07
   1.260750E+04  1.059898E-05  8.343869E-07
   1.262250E+04  1.069388E-05  8.381132E-07
   1.263750E+04  1.062818E-05  8.355352E-07
   1.265250E+04  1.051139E-05  8.309324E-07
   1.266750E+04  1.088366E-05  8.455164E-07
   1.268250E+04  1.051869E-05  8.312208E-07
   1.269750E+04  1.069388E-05  8.381132E-07
   1.271250E+04  1.029240E-05  8.222326E-07
   1.272750E+04  1.089096E-05  8.457999E-07
   1.274250E+04  1.046029E-05  8.289106E-07
   1.275750E+04  1.009531E-05  8.143233E-07
   1.277250E+04  1.100776E-05  8.503222E-07
   1.278750E+04  9.993115E-06  8.101918E-07
   1.280250E+04  1.035080E-05  8.245616E-07
   1.281750E+04  1.073767E-05  8.398274E-07
   1.283250E+04  1.024860E-05  8.204816E-07
   1.284750E+04  1.028510E-05  8.219411E-07
   1.286250E+04  1.033620E-05  8.239799E-07
   1.287750E+04  1.041649E-05  8.271737E-07
   1.289250E+04  1.027050E-05  8.213576E-07
   1.290750E+04  1.059168E-05  8.340995E-07
   1.292250E+04  1.003691E-05  8.119651E-07
   1.293750E+04  1.050408E-05  8.306439E-07
   1.295250E+04  1.027780E-05  8.216494E-07
   1.296750E+04  1.041649E-05  8.271737E-07
   1.298250E+04  9.817928E-06  8.030597E-07
   1.299750E+04  1.068658E-05  8.378271E-07
   1.301250E+04  9.766828E-06  8.009676E-07
   1.302750E+04  1.020480E-05  8.187268E-07
   1.304250E+04  9.825225E-06  8.033582E-07
   1.305750E+04  9.854423E-06  8.045508E-07
   1.307250E+04  9.723034E-06  7.991699E-07
   1.308750E+04  9.540543E-06  7.916357E-07
   1.310250E+04  9.292356E-06  7.812726E-07
   1.311750E+04  9.744931E-06  8.000692E-07
   1.313250E+04  9.927419E-06  8.075247E-07
   1.314750E+04  9.912819E-06  8.069308E-07
   1.316250E+04  9.766828E-06  8.009676E-07
   1.317750E+04  9.533242E-06  7.913329E-07
   1.319250E+04  9.321554E-06  7.824990E-07
   1.320750E+04  9.883621E-06  8.057417E-07
   1.322250E+04  9.905520E-06  8.066337E-07
   1.323750E+04  9.635437E-06  7.955624E-07
   1.325250E+04  9.263159E-06  7.800444E-07
   1.326750E+04  1.010991E-05  8.149119E-07
   1.328250E+04  9.212061E-06  7.778903E-07
   1.329750E+04  9.379952E-06  7.849458E-07
   1.331250E+04  9.372654E-06  7.846404E-07
   1.332750E+04  9.190162E-06  7.769653E-07
   1.334250E+04  9.452946E-06  7.879938E-07
   1.335750E+04  9.715731E-06  7.988699E-07
   1.337250E+04  9.007672E-06  7.692135E-07
   1.338750E+04  9.314255E-06  7.821926E-07
   1.340250E+04  9.022272E-06  7.698366E-07
   1.341750E+04  9.423748E-06  7.867760E-07
   1.343250E+04  9.657334E-06  7.964658E-07
   1.344750E+04  9.474845E-06  7.889058E-07
   1.346250E+04  9.482145E-06  7.892096E-07
   1.347750E+04  9.014972E-06  7.695251E-07
   1.349250E+04  9.555140E-06  7.922411E-07
   1.350750E+04  8.876280E-06  7.635835E-07
   1.352250E+04  9.197461E-06  7.772737E-07
   1.353750E+04  8.839782E-06  7.620123E-07
   1.355250E+04  8.795987E-06  7.601224E-07
   1.356750E+04  9.292356E-06  7.812726E-07
   1.358250E+04  8.730289E-06  7.572789E-07
   1.359750E+04  8.876280E-06  7.635835E-07
   1.361250E+04  8.847082E-06  7.623268E-07
   1.362750E+04  8.511302E-06  7.477221E-07
   1.364250E+04  8.628095E-06  7.528342E-07
   1.365750E+04  8.730289E-06  7.572789E-07
   1.367250E+04  8.941976E-06  7.664037E-07
   1.368750E+04  8.810584E-06  7.607529E-07
   1.370250E+04  8.598896E-06  7.515594E-07
   1.371750E+04  8.774086E-06  7.591758E-07
   1.373250E+04  8.212019E-06  7.344601E-07
   1.374750E+04  8.606196E-06  7.518783E-07
   1.376250E+04  8.299614E-06  7.383663E-07
   1.377750E+04  8.693791E-06  7.556945E-07
   1.379250E+04  8.752187E-06  7.582279E-07
   1.380750E+04  8.525901E-06  7.483630E-07
   1.382250E+04  8.219319E-06  7.347864E-07
   1.383750E+04  8.584297E-06  7.509212E-07
   1.385250E+04  8.212019E-06  7.344601E-07
   1.386750E+04  7.708349E-06  7.115829E-07
   1.388250E+04  8.036829E-06  7.265846E-07
   1.389750E+04  8.204720E-06  7.341336E-07
   1.391250E+04  8.153622E-06  7.318443E-07
   1.392750E+04  8.226618E-06  7.351126E-07
   1.394250E+04  8.036829E-06  7.265846E-07
   1.395750E+04  8.533202E-06  7.486833E-07
   1.397250E+04  7.781344E-06  7.149439E-07
   1.398750E+04  7.883538E-06  7.196227E-07
   1.400250E+04  7.868939E-06  7.189562E-07
   1.401750E+04  8.014931E-06  7.255941E-07
   1.403250E+04  8.438306E-06  7.445093E-07
   1.404750E+04  8.000331E-06  7.249330E-07
   1.406250E+04  8.051428E-06  7.272441E-07
   1.407750E+04  8.102525E-06  7.295478E-07
   1.409250E+04  7.701049E-06  7.112460E-07
   1.410750E+04  8.131724E-06  7.308610E-07
   1.412250E+04  7.686450E-06  7.105716E-07
   1.413750E+04  7.328771E-06  6.938437E-07
   1.415250E+04  7.744846E-06  7.132654E-07
   1.416750E+04  7.693749E-06  7.109089E-07
   1.418250E+04  7.671851E-06  7.098965E-07
   1.419750E+04  8.139023E-06  7.311889E-07
   1.421250E+04  7.671851E-06  7.098965E-07
   1.422750E+04  8.153622E-06  7.318443E-07
   1.424250E+04  7.810543E-06  7.162838E-07
   1.425750E+04  7.357969E-06  6.952244E-07
   1.427250E+04  8.007631E-06  7.252637E-07
   1.428750E+04  7.482062E-06  7.010617E-07
   1.430250E+04  7.883538E-06  7.196227E-07
   1.431750E+04  7.131682E-06  6.844516E-07
   1.433250E+04  7.190079E-06  6.872478E-07
   1.434750E+04  7.569657E-06  7.051531E-07
   1.436250E+04  7.825142E-06  7.169528E-07
   1.437750E+04  7.883538E-06  7.196227E-07
   1.439250E+04  7.452864E-06  6.996926E-07
   1.440750E+04  7.503961E-06  7.020868E-07
   1.442250E+04  7.774045E-06  7.146085E-07
   1.443750E+04  7.255775E-06  6.903801E-07
   1.445250E+04  7.248476E-06  6.900327E-07
   1.446750E+04  7.832441E-06  7.172871E-07
   1.448250E+04  6.985691E-06  6.774105E-07
   1.449750E+04  7.226577E-06  6.889897E-07
   1.451250E+04  7.073286E-06  6.816439E-07
   1.452750E+04  7.496661E-06  7.017453E-07
   1.454250E+04  7.591555E-06  7.061722E-07
   1.455750E+04  7.306872E-06  6.928064E-07
   1.457250E+04  7.416366E-06  6.979774E-07
   1.458750E+04  7.306872E-06  6.928064E-07
   1.460250E+04  6.985691E-06  6.774105E-07
   1.461750E+04  7.379868E-06  6.962580E-07
   1.463250E+04  7.372568E-06  6.959136E-07
   1.464750E+04  7.102484E-06  6.830492E-07
   1.466250E+04  7.175480E-06  6.865498E-07
   1.467750E+04  7.328771E-06  6.938437E-07
   1.469250E+04  7.423665E-06  6.983208E-07
   1.470750E+04  7.204678E-06  6.879451E-07
   1.472250E+04  7.065986E-06  6.812921E-07
   1.473750E+04  7.087885E-06  6.823469E-07
   1.475250E+04  7.401767E-06  6.972902E-07
   1.476750E+04  7.394467E-06  6.969463E-07
   1.478250E+04  6.956493E-06  6.759934E-07
   1.479750E+04  7.168180E-06  6.862006E-07
   1.481250E+04  7.233876E-06  6.893376E-07
   1.482750E+04  7.482062E-06  7.010617E-07
   1.484250E+04  7.569657E-06  7.051531E-07
   1.485750E+04  7.365269E-06  6.955691E-07
   1.487250E+04  7.649952E-06  7.088827E-07
   1.488750E+04  7.482062E-06  7.010617E-07
   1.490250E+04  7.679150E-06  7.102341E-07
   1.491750E+04  7.744846E-06  7.132654E-07
   1.493250E+04  9.117166E-06  7.738739E-07
   1.494750E+04  9.343453E-06  7.834174E-07
   1.496250E+04  7.372568E-06  6.959136E-07
   1.497750E+04  6.197337E-06  6.380465E-07
   1.499250E+04  3.020563E-05  1.408366E-06
