 #  Results from PENEPMA.
 #  Probability of emission of bremmstrahlung photons.
 #  1st column: E (eV).
 #  2nd and 3rd columns: probability density and STU (1/(eV*sr*electron)).

   6.750001E+01  9.912927E-07  4.882478E-09
   8.250001E+01  7.450630E-07  3.763173E-09
   9.750001E+01  5.976252E-07  2.734044E-09
   1.125000E+02  5.021233E-07  2.278152E-09
   1.275000E+02  4.340499E-07  2.136205E-09
   1.425000E+02  3.812257E-07  1.971407E-09
   1.575000E+02  3.398640E-07  1.842680E-09
   1.725000E+02  3.054638E-07  1.705612E-09
   1.875000E+02  2.786035E-07  1.698221E-09
   2.025000E+02  2.539705E-07  1.494885E-09
   2.175000E+02  2.357862E-07  1.610209E-09
   2.325000E+02  2.164739E-07  1.285379E-09
   2.475000E+02  2.021253E-07  1.280450E-09
   2.625000E+02  1.894756E-07  1.288048E-09
   2.775000E+02  1.785539E-07  1.265921E-09
   2.925000E+02  1.665998E-07  1.013689E-09
   3.075000E+02  1.582615E-07  1.098928E-09
   3.225000E+02  1.499191E-07  1.051806E-09
   3.375000E+02  1.420127E-07  9.125732E-10
   3.525000E+02  1.352455E-07  9.092462E-10
   3.675000E+02  1.289377E-07  8.529058E-10
   3.825000E+02  1.236100E-07  9.033761E-10
   3.975000E+02  1.181789E-07  7.994154E-10
   4.125000E+02  1.129409E-07  6.681457E-10
   4.275000E+02  1.090478E-07  8.137390E-10
   4.425000E+02  1.043909E-07  6.382802E-10
   4.575000E+02  1.008834E-07  6.479867E-10
   4.725000E+02  9.688720E-08  5.678543E-10
   4.875000E+02  9.343881E-08  4.910978E-10
   5.025001E+02  9.039777E-08  4.718903E-10
   5.175001E+02  8.756842E-08  4.520550E-10
   5.325001E+02  8.475527E-08  5.290852E-10
   5.475001E+02  8.200728E-08  4.466954E-10
   5.625001E+02  7.958305E-08  3.875755E-10
   5.775001E+02  7.748208E-08  4.921946E-10
   5.925001E+02  7.517795E-08  4.022080E-10
   6.075001E+02  7.307324E-08  4.191892E-10
   6.225001E+02  7.112627E-08  4.528769E-10
   6.375001E+02  6.920300E-08  4.332018E-10
   6.525001E+02  6.712924E-08  3.280599E-10
   6.675001E+02  6.568955E-08  3.913493E-10
   6.825001E+02  6.404101E-08  3.689152E-10
   6.975001E+02  6.234105E-08  2.958937E-10
   7.125001E+02  6.108196E-08  3.859960E-10
   7.275001E+02  5.975899E-08  3.844276E-10
   7.425001E+02  5.809006E-08  3.825020E-10
   7.575001E+02  5.688270E-08  3.135288E-10
   7.725001E+02  5.558071E-08  3.116129E-10
   7.875001E+02  5.459335E-08  3.984057E-10
   8.025001E+02  5.308261E-08  3.080419E-10
   8.175001E+02  5.223743E-08  3.541189E-10
   8.325001E+02  5.117566E-08  4.140052E-10
   8.475001E+02  5.013882E-08  3.729739E-10
   8.625001E+02  4.912926E-08  3.270401E-10
   8.775001E+02  4.803177E-08  3.005758E-10
   8.925001E+02  4.696148E-08  2.057743E-10
   9.075001E+02  4.625536E-08  2.703344E-10
   9.225001E+02  4.546175E-08  2.688402E-10
   9.375001E+02  4.466415E-08  2.675519E-10
   9.525001E+02  4.365349E-08  1.985296E-10
   9.675001E+02  4.287714E-08  2.644614E-10
   9.825001E+02  4.219892E-08  2.633314E-10
   9.975001E+02  4.151018E-08  3.162608E-10
   1.012500E+03  4.093454E-08  3.616431E-10
   1.027500E+03  4.005687E-08  2.596109E-10
   1.042500E+03  3.934269E-08  2.260134E-10
   1.057500E+03  3.880392E-08  2.574691E-10
   1.072500E+03  3.797238E-08  1.850138E-10
   1.087500E+03  3.742142E-08  2.222310E-10
   1.102500E+03  3.674070E-08  2.208363E-10
   1.117500E+03  3.624759E-08  2.198340E-10
   1.132500E+03  3.570605E-08  1.793554E-10
   1.147500E+03  3.509246E-08  1.778484E-10
   1.162500E+03  3.459086E-08  1.766241E-10
   1.177500E+03  3.400724E-08  2.151907E-10
   1.192500E+03  3.374777E-08  2.781019E-10
   1.207500E+03  3.311413E-08  2.132927E-10
   1.222500E+03  3.258327E-08  1.713657E-10
   1.237500E+03  3.219314E-08  2.456393E-10
   1.252500E+03  3.165380E-08  1.689064E-10
   1.267500E+03  3.124690E-08  2.092885E-10
   1.282500E+03  3.076869E-08  1.665901E-10
   1.297500E+03  3.030066E-08  1.651629E-10
   1.312500E+03  2.989936E-08  1.641089E-10
   1.327500E+03  2.967787E-08  2.058782E-10
   1.342500E+03  2.930834E-08  2.051234E-10
   1.357500E+03  2.889477E-08  1.613335E-10
   1.372500E+03  2.835770E-08  1.598764E-10
   1.387500E+03  2.799647E-08  1.588821E-10
   1.402500E+03  2.766440E-08  1.578672E-10
   1.417500E+03  2.736310E-08  1.570165E-10
   1.432500E+03  2.711355E-08  1.562835E-10
   1.447500E+03  2.661265E-08  1.547969E-10
   1.462500E+03  2.633593E-08  1.540135E-10
   1.477500E+03  2.601084E-08  1.976322E-10
   1.492500E+03  2.557339E-08  1.517301E-10
   1.507500E+03  2.535761E-08  1.511294E-10
   1.522500E+03  2.504940E-08  1.954653E-10
   1.537500E+03  2.480416E-08  1.494899E-10
   1.552500E+03  2.449046E-08  1.941418E-10
   1.567500E+03  2.410087E-08  1.473693E-10
   1.582500E+03  2.381625E-08  1.465161E-10
   1.597500E+03  2.354143E-08  1.456041E-10
   1.612500E+03  2.338189E-08  1.451008E-10
   1.627500E+03  2.303783E-08  1.440469E-10
   1.642500E+03  2.288918E-08  1.435813E-10
   1.657500E+03  2.255412E-08  1.425608E-10
   1.672500E+03  2.234802E-08  1.417839E-10
   1.687500E+03  2.208827E-08  1.884900E-10
   1.702500E+03  2.187789E-08  1.404486E-10
   1.717500E+03  2.159198E-08  1.394732E-10
   1.732500E+03  2.126171E-08  1.383985E-10
   1.747500E+03  2.110307E-08  1.378770E-10
   1.762500E+03  2.092884E-08  1.373275E-10
   1.777500E+03  2.064243E-08  1.363282E-10
   1.792500E+03  2.048729E-08  1.358269E-10
   1.807500E+03  2.019588E-08  1.348197E-10
   1.822500E+03  2.002904E-08  1.343196E-10
   1.837500E+03  1.982715E-08  1.336040E-10
   1.852500E+03  1.959768E-08  1.328300E-10
   1.867500E+03  1.954463E-08  1.326310E-10
   1.882500E+03  1.917460E-08  1.313835E-10
   1.897500E+03  1.897760E-08  1.307099E-10
   1.912500E+03  1.881786E-08  1.301643E-10
   1.927500E+03  1.865382E-08  1.295755E-10
   1.942500E+03  1.849458E-08  1.290125E-10
   1.957500E+03  1.823644E-08  1.281133E-10
   1.972500E+03  1.815432E-08  1.278890E-10
   1.987500E+03  1.796881E-08  1.271821E-10
   2.002500E+03  1.784004E-08  1.267391E-10
   2.017500E+03  1.756191E-08  1.257587E-10
   2.032500E+03  1.751256E-08  1.255497E-10
   2.047500E+03  1.729758E-08  1.247754E-10
   2.062500E+03  1.718769E-08  1.244487E-10
   2.077500E+03  1.697161E-08  1.236275E-10
   2.092500E+03  1.684943E-08  1.231844E-10
   2.107500E+03  1.666691E-08  1.225550E-10
   2.122500E+03  1.644483E-08  1.216331E-10
   2.137500E+03  1.633754E-08  1.212458E-10
   2.152500E+03  1.628608E-08  1.740760E-10
   2.167500E+03  1.610847E-08  1.204537E-10
   2.182500E+03  1.596102E-08  1.198788E-10
   2.197500E+03  1.570567E-08  1.189154E-10
   2.212500E+03  1.558449E-08  1.184047E-10
   2.227500E+03  1.545732E-08  1.179595E-10
   2.242500E+03  1.536452E-08  1.176463E-10
   2.257500E+03  1.527610E-08  1.172956E-10
   2.272500E+03  1.506472E-08  1.164480E-10
   2.287500E+03  1.493085E-08  1.159619E-10
   2.302500E+03  1.476402E-08  1.152760E-10
   2.317500E+03  1.473315E-08  1.151564E-10
   2.332500E+03  1.459888E-08  1.146511E-10
   2.347500E+03  1.450008E-08  1.142282E-10
   2.362500E+03  1.432596E-08  1.135603E-10
   2.377500E+03  1.419968E-08  1.130694E-10
   2.392500E+03  1.405473E-08  1.124617E-10
   2.407500E+03  1.394424E-08  1.120023E-10
   2.422500E+03  1.381806E-08  1.114965E-10
   2.437500E+03  1.373215E-08  1.111915E-10
   2.452500E+03  1.368510E-08  1.109737E-10
   2.467500E+03  1.349619E-08  1.101872E-10
   2.482500E+03  1.347371E-08  1.100883E-10
   2.497500E+03  1.330718E-08  1.094484E-10
   2.512500E+03  1.317691E-08  1.089491E-10
   2.527500E+03  1.306891E-08  1.084807E-10
   2.542500E+03  1.302815E-08  1.083264E-10
   2.557500E+03  1.289049E-08  1.076740E-10
   2.572500E+03  1.275763E-08  1.071327E-10
   2.587500E+03  1.264414E-08  1.066426E-10
   2.602500E+03  1.260398E-08  1.064973E-10
   2.617500E+03  1.257910E-08  1.064053E-10
   2.632500E+03  1.242925E-08  1.057750E-10
   2.647500E+03  1.232216E-08  1.053261E-10
   2.662500E+03  1.223875E-08  1.049560E-10
   2.677500E+03  1.207811E-08  1.042798E-10
   2.692500E+03  1.208340E-08  1.042754E-10
   2.707500E+03  1.195433E-08  1.037529E-10
   2.722500E+03  1.187171E-08  1.034046E-10
   2.737500E+03  1.174124E-08  1.028139E-10
   2.752500E+03  1.162576E-08  1.022786E-10
   2.767500E+03  1.157651E-08  1.020902E-10
   2.782500E+03  1.151647E-08  1.017864E-10
   2.797500E+03  1.137611E-08  1.011473E-10
   2.812500E+03  1.133705E-08  1.010259E-10
   2.827500E+03  1.123465E-08  1.005591E-10
   2.842500E+03  1.116702E-08  1.002485E-10
   2.857500E+03  1.110348E-08  9.994683E-11
   2.872500E+03  1.099349E-08  9.945660E-11
   2.887500E+03  1.093935E-08  9.918757E-11
   2.902500E+03  1.083525E-08  9.875962E-11
   2.917500E+03  1.073925E-08  9.830279E-11
   2.932500E+03  1.065233E-08  9.786249E-11
   2.947500E+03  1.064154E-08  9.784253E-11
   2.962500E+03  1.044894E-08  9.695843E-11
   2.977500E+03  1.050938E-08  9.726970E-11
   2.992500E+03  1.034314E-08  9.648721E-11
   3.007500E+03  1.024994E-08  9.603282E-11
   3.022500E+03  1.025074E-08  9.601590E-11
   3.037500E+03  1.017951E-08  9.568932E-11
   3.052500E+03  1.007042E-08  9.519535E-11
   3.067500E+03  1.002346E-08  9.501892E-11
   3.082500E+03  9.946041E-09  9.461250E-11
   3.097500E+03  9.890896E-09  9.434726E-11
   3.112500E+03  9.801585E-09  9.391659E-11
   3.127500E+03  9.770117E-09  9.379589E-11
   3.142500E+03  9.715971E-09  9.350988E-11
   3.157500E+03  9.629957E-09  9.309943E-11
   3.172500E+03  9.549638E-09  9.270540E-11
   3.187500E+03  9.525162E-09  9.262016E-11
   3.202500E+03  9.436651E-09  9.210885E-11
   3.217500E+03  9.315672E-09  9.158071E-11
   3.232500E+03  9.337250E-09  9.170008E-11
   3.247500E+03  9.267021E-09  9.129432E-11
   3.262500E+03  9.145043E-09  9.072469E-11
   3.277500E+03  9.132156E-09  9.066506E-11
   3.292500E+03  9.038450E-09  9.011987E-11
   3.307500E+03  8.966522E-09  8.987546E-11
   3.322500E+03  8.959129E-09  8.979120E-11
   3.337500E+03  8.836252E-09  8.919704E-11
   3.352500E+03  8.803285E-09  8.896936E-11
   3.367500E+03  8.792096E-09  8.892400E-11
   3.382500E+03  8.735453E-09  8.865689E-11
   3.397500E+03  8.621867E-09  8.808293E-11
   3.412500E+03  8.649239E-09  8.819443E-11
   3.427500E+03  8.569319E-09  8.782452E-11
   3.442500E+03  8.503685E-09  8.747677E-11
   3.457500E+03  8.444844E-09  8.717846E-11
   3.472500E+03  8.396093E-09  8.690036E-11
   3.487500E+03  8.362227E-09  8.679757E-11
   3.502500E+03  8.248241E-09  8.613366E-11
   3.517500E+03  8.226862E-09  8.607100E-11
   3.532500E+03  8.196293E-09  8.587747E-11
   3.547500E+03  8.092996E-09  8.535526E-11
   3.562500E+03  8.078811E-09  8.523970E-11
   3.577500E+03  8.028161E-09  8.499380E-11
   3.592500E+03  7.980309E-09  8.475325E-11
   3.607500E+03  7.979310E-09  8.470988E-11
   3.622500E+03  7.883606E-09  8.419547E-11
   3.637500E+03  7.825664E-09  8.393262E-11
   3.652500E+03  7.748641E-09  8.350570E-11
   3.667500E+03  7.752937E-09  8.352090E-11
   3.682500E+03  7.682108E-09  8.309881E-11
   3.697500E+03  7.669021E-09  8.305405E-11
   3.712500E+03  7.578112E-09  8.259272E-11
   3.727500E+03  7.534755E-09  8.234722E-11
   3.742500E+03  7.539950E-09  8.233694E-11
   3.757500E+03  7.460330E-09  8.192031E-11
   3.772500E+03  7.436354E-09  8.177321E-11
   3.787500E+03  7.335954E-09  8.123060E-11
   3.802500E+03  7.310280E-09  8.110175E-11
   3.817500E+03  7.294096E-09  8.099790E-11
   3.832500E+03  7.238752E-09  8.071287E-11
   3.847500E+03  7.192298E-09  8.044443E-11
   3.862500E+03  7.164027E-09  8.025520E-11
   3.877500E+03  7.094097E-09  7.991815E-11
   3.892500E+03  7.083407E-09  7.979930E-11
   3.907500E+03  7.007583E-09  7.939460E-11
   3.922500E+03  6.987703E-09  7.930180E-11
   3.937500E+03  6.959232E-09  7.911660E-11
   3.952500E+03  6.861230E-09  7.855826E-11
   3.967500E+03  6.896794E-09  7.876530E-11
   3.982500E+03  6.863527E-09  7.859407E-11
   3.997500E+03  6.767324E-09  7.800409E-11
   4.012500E+03  6.754137E-09  7.793264E-11
   4.027500E+03  6.717074E-09  7.775291E-11
   4.042500E+03  6.674816E-09  7.749094E-11
   4.057500E+03  6.604187E-09  7.706979E-11
   4.072500E+03  6.586505E-09  7.694823E-11
   4.087500E+03  6.537354E-09  7.669866E-11
   4.102500E+03  6.489102E-09  7.640174E-11
   4.117500E+03  6.466925E-09  7.625886E-11
   4.132500E+03  6.463428E-09  7.624089E-11
   4.147500E+03  6.441750E-09  7.617847E-11
   4.162500E+03  6.411280E-09  7.590874E-11
   4.177500E+03  6.339752E-09  7.549347E-11
   4.192500E+03  6.262130E-09  7.506616E-11
   4.207500E+03  6.304088E-09  7.530999E-11
   4.222500E+03  6.238953E-09  7.489317E-11
   4.237500E+03  6.197494E-09  7.465211E-11
   4.252500E+03  6.158034E-09  7.442458E-11
   4.267500E+03  6.135656E-09  7.428144E-11
   4.282500E+03  6.064927E-09  7.384939E-11
   4.297500E+03  6.043548E-09  7.371233E-11
   4.312500E+03  6.046745E-09  7.375228E-11
   4.327500E+03  6.013279E-09  7.353971E-11
   4.342500E+03  5.944548E-09  7.311652E-11
   4.357500E+03  5.882909E-09  7.276742E-11
   4.372500E+03  5.893599E-09  7.280421E-11
   4.387500E+03  5.876815E-09  7.270431E-11
   4.402500E+03  5.835557E-09  7.243095E-11
   4.417500E+03  5.808184E-09  7.231398E-11
   4.432500E+03  5.752140E-09  7.192048E-11
   4.447500E+03  5.729962E-09  7.180599E-11
   4.462500E+03  5.685907E-09  7.147532E-11
   4.477500E+03  5.660632E-09  7.133704E-11
   4.492500E+03  5.648044E-09  7.125992E-11
   4.507500E+03  5.555937E-09  7.069128E-11
   4.522500E+03  5.572920E-09  7.080423E-11
   4.537500E+03  5.544548E-09  7.063878E-11
   4.552500E+03  5.544049E-09  7.061275E-11
   4.567500E+03  5.487106E-09  7.024730E-11
   4.582500E+03  5.491401E-09  7.028084E-11
   4.597500E+03  5.411381E-09  6.978616E-11
   4.612500E+03  5.412980E-09  6.978989E-11
   4.627500E+03  5.384908E-09  6.959679E-11
   4.642500E+03  5.339054E-09  6.933456E-11
   4.657500E+03  5.329963E-09  6.924645E-11
   4.672500E+03  5.278015E-09  6.887712E-11
   4.687500E+03  5.260533E-09  6.877077E-11
   4.702500E+03  5.199394E-09  6.839031E-11
   4.717500E+03  5.192601E-09  6.835272E-11
   4.732500E+03  5.146547E-09  6.804865E-11
   4.747500E+03  5.119674E-09  6.787156E-11
   4.762500E+03  5.132461E-09  6.799886E-11
   4.777500E+03  5.098695E-09  6.771148E-11
   4.792500E+03  5.110383E-09  6.778817E-11
   4.807500E+03  5.023470E-09  6.724650E-11
   4.822500E+03  5.050343E-09  6.743192E-11
   4.837500E+03  4.979014E-09  6.694387E-11
   4.852500E+03  4.969924E-09  6.684585E-11
   4.867500E+03  4.958735E-09  6.678483E-11
   4.882500E+03  4.912181E-09  6.649305E-11
   4.897500E+03  4.907786E-09  6.644607E-11
   4.912500E+03  4.884809E-09  6.630295E-11
   4.927500E+03  4.850143E-09  6.603873E-11
   4.942500E+03  4.821672E-09  6.584260E-11
   4.957500E+03  4.797496E-09  6.566813E-11
   4.972500E+03  4.812881E-09  6.579001E-11
   4.987500E+03  4.773021E-09  6.552269E-11
   5.002501E+03  4.735258E-09  6.525479E-11
   5.017501E+03  4.682511E-09  6.489278E-11
   5.032501E+03  4.630663E-09  6.451540E-11
   5.047501E+03  4.665329E-09  6.476792E-11
   5.062501E+03  4.635159E-09  6.457005E-11
   5.077501E+03  4.584110E-09  6.421447E-11
   5.092501E+03  4.540254E-09  6.392244E-11
   5.107501E+03  4.595299E-09  6.430594E-11
   5.122501E+03  4.574120E-09  6.413400E-11
   5.137501E+03  4.508386E-09  6.366349E-11
   5.152501E+03  4.517776E-09  6.373052E-11
   5.167501E+03  4.473920E-09  6.345462E-11
   5.182501E+03  4.441652E-09  6.321790E-11
   5.197501E+03  4.488805E-09  6.353633E-11
   5.212501E+03  4.404689E-09  6.294279E-11
   5.227501E+03  4.362732E-09  6.264960E-11
   5.242501E+03  4.345848E-09  6.254242E-11
   5.257501E+03  4.377517E-09  6.276317E-11
   5.272501E+03  4.299395E-09  6.219491E-11
   5.287501E+03  4.313381E-09  6.229209E-11
   5.302501E+03  4.305389E-09  6.223204E-11
   5.317501E+03  4.219475E-09  6.161124E-11
   5.332501E+03  4.209085E-09  6.153170E-11
   5.347501E+03  4.216678E-09  6.159101E-11
   5.362501E+03  4.186708E-09  6.138121E-11
   5.377501E+03  4.168326E-09  6.124327E-11
   5.392501E+03  4.177817E-09  6.130494E-11
   5.407501E+03  4.122772E-09  6.088890E-11
   5.422501E+03  4.134860E-09  6.100967E-11
   5.437501E+03  4.091703E-09  6.066412E-11
   5.452501E+03  4.050244E-09  6.033207E-11
   5.467501E+03  4.055939E-09  6.038155E-11
   5.482501E+03  4.044350E-09  6.033172E-11
   5.497501E+03  4.011583E-09  6.003689E-11
   5.512501E+03  4.008087E-09  6.001991E-11
   5.527501E+03  3.942552E-09  5.953134E-11
   5.542501E+03  3.951044E-09  5.962652E-11
   5.557501E+03  3.900195E-09  5.923310E-11
   5.572501E+03  3.891104E-09  5.916921E-11
   5.587501E+03  3.901194E-09  5.925729E-11
   5.602501E+03  3.910984E-09  5.931271E-11
   5.617501E+03  3.858636E-09  5.890582E-11
   5.632501E+03  3.850444E-09  5.883617E-11
   5.647501E+03  3.833961E-09  5.873868E-11
   5.662501E+03  3.822373E-09  5.863382E-11
   5.677501E+03  3.777817E-09  5.828020E-11
   5.692501E+03  3.780814E-09  5.830929E-11
   5.707501E+03  3.749745E-09  5.806042E-11
   5.722501E+03  3.757238E-09  5.813956E-11
   5.737501E+03  3.748047E-09  5.808295E-11
   5.752501E+03  3.734860E-09  5.797389E-11
   5.767501E+03  3.695500E-09  5.766569E-11
   5.782501E+03  3.655440E-09  5.733315E-11
   5.797501E+03  3.640655E-09  5.719762E-11
   5.812501E+03  3.627967E-09  5.715207E-11
   5.827501E+03  3.621074E-09  5.709353E-11
   5.842501E+03  3.603092E-09  5.691819E-11
   5.857501E+03  3.566029E-09  5.663811E-11
   5.872501E+03  3.583112E-09  5.677881E-11
   5.887501E+03  3.560635E-09  5.657339E-11
   5.902501E+03  3.494900E-09  5.606070E-11
   5.917501E+03  3.500894E-09  5.612118E-11
   5.932501E+03  3.507887E-09  5.615755E-11
   5.947501E+03  3.480914E-09  5.595090E-11
   5.962501E+03  3.468227E-09  5.585125E-11
   5.977501E+03  3.466029E-09  5.584174E-11
   5.992501E+03  3.458337E-09  5.576898E-11
   6.007501E+03  3.400895E-09  5.528314E-11
   6.022501E+03  3.408087E-09  5.535415E-11
   6.037501E+03  3.395001E-09  5.526644E-11
   6.052501E+03  3.356439E-09  5.496238E-11
   6.067501E+03  3.385011E-09  5.515805E-11
   6.082501E+03  3.353742E-09  5.493067E-11
   6.097501E+03  3.303792E-09  5.451017E-11
   6.112501E+03  3.317478E-09  5.462211E-11
   6.127501E+03  3.258138E-09  5.413341E-11
   6.142501E+03  3.265630E-09  5.418355E-11
   6.157501E+03  3.293103E-09  5.442258E-11
   6.172501E+03  3.235260E-09  5.392947E-11
   6.187501E+03  3.218477E-09  5.381875E-11
   6.202501E+03  3.217478E-09  5.382048E-11
   6.217501E+03  3.195300E-09  5.361110E-11
   6.232501E+03  3.166130E-09  5.334744E-11
   6.247501E+03  3.154741E-09  5.331611E-11
   6.262501E+03  3.174821E-09  5.344534E-11
   6.277501E+03  3.173622E-09  5.342187E-11
   6.292501E+03  3.142853E-09  5.316074E-11
   6.307501E+03  3.108388E-09  5.288238E-11
   6.322501E+03  3.108288E-09  5.289852E-11
   6.337501E+03  3.084412E-09  5.270001E-11
   6.352501E+03  3.055840E-09  5.242311E-11
   6.367501E+03  3.079017E-09  5.263040E-11
   6.382501E+03  3.026470E-09  5.216028E-11
   6.397501E+03  3.016679E-09  5.210743E-11
   6.412501E+03  3.017379E-09  5.206859E-11
   6.427501E+03  3.019576E-09  5.211502E-11
   6.442501E+03  2.990605E-09  5.186616E-11
   6.457501E+03  3.023473E-09  5.215356E-11
   6.472501E+03  2.957838E-09  5.156756E-11
   6.487501E+03  2.927369E-09  5.131697E-11
   6.502501E+03  2.926969E-09  5.132925E-11
   6.517501E+03  2.941355E-09  5.141411E-11
   6.532501E+03  2.926969E-09  5.131700E-11
   6.547501E+03  2.894402E-09  5.102393E-11
   6.562501E+03  2.859736E-09  5.071599E-11
   6.577501E+03  2.872624E-09  5.083821E-11
   6.592501E+03  2.849946E-09  5.062967E-11
   6.607501E+03  2.830965E-09  5.047437E-11
   6.622501E+03  2.843453E-09  5.057412E-11
   6.637501E+03  2.795701E-09  5.013617E-11
   6.652501E+03  2.833363E-09  5.050270E-11
   6.667501E+03  2.812983E-09  5.028281E-11
   6.682501E+03  2.773223E-09  4.993905E-11
   6.697501E+03  2.777619E-09  4.996578E-11
   6.712501E+03  2.748648E-09  4.974397E-11
   6.727501E+03  2.742354E-09  4.966027E-11
   6.742501E+03  2.761934E-09  4.983434E-11
   6.757501E+03  2.722774E-09  4.947288E-11
   6.772501E+03  2.716780E-09  4.941871E-11
   6.787501E+03  2.711885E-09  4.938716E-11
   6.802501E+03  2.671825E-09  4.901416E-11
   6.817501E+03  2.702594E-09  4.929755E-11
   6.832501E+03  2.642554E-09  4.874652E-11
   6.847501E+03  2.655441E-09  4.887924E-11
   6.862501E+03  2.650546E-09  4.883814E-11
   6.877501E+03  2.637059E-09  4.868505E-11
   6.892501E+03  2.617779E-09  4.851142E-11
   6.907501E+03  2.608388E-09  4.844893E-11
   6.922501E+03  2.580516E-09  4.816499E-11
   6.937501E+03  2.593004E-09  4.830306E-11
   6.952501E+03  2.575421E-09  4.812515E-11
   6.967501E+03  2.559437E-09  4.798207E-11
   6.982501E+03  2.520576E-09  4.760730E-11
   6.997501E+03  2.526370E-09  4.767487E-11
   7.012501E+03  2.532364E-09  4.771034E-11
   7.027501E+03  2.516780E-09  4.757731E-11
   7.042501E+03  2.494702E-09  4.737128E-11
   7.057501E+03  2.462534E-09  4.706860E-11
   7.072501E+03  2.469627E-09  4.712450E-11
   7.087501E+03  2.487409E-09  4.729481E-11
   7.102501E+03  2.485611E-09  4.728540E-11
   7.117501E+03  2.477519E-09  4.721454E-11
   7.132501E+03  2.421675E-09  4.667883E-11
   7.147501E+03  2.433863E-09  4.678584E-11
   7.162501E+03  2.421775E-09  4.666439E-11
   7.177501E+03  2.432564E-09  4.678111E-11
   7.192501E+03  2.385212E-09  4.631075E-11
   7.207501E+03  2.408289E-09  4.655235E-11
   7.222501E+03  2.370726E-09  4.618816E-11
   7.237501E+03  2.381915E-09  4.629248E-11
   7.252501E+03  2.340257E-09  4.585890E-11
   7.267501E+03  2.357539E-09  4.604665E-11
   7.282501E+03  2.339657E-09  4.586284E-11
   7.297501E+03  2.303094E-09  4.550487E-11
   7.312501E+03  2.333963E-09  4.578963E-11
   7.327501E+03  2.289607E-09  4.539784E-11
   7.342501E+03  2.307789E-09  4.556086E-11
   7.357501E+03  2.289008E-09  4.536423E-11
   7.372501E+03  2.306690E-09  4.553824E-11
   7.387501E+03  2.268828E-09  4.520059E-11
   7.402501E+03  2.245452E-09  4.493268E-11
   7.417501E+03  2.237360E-09  4.485205E-11
   7.432501E+03  2.227669E-09  4.475530E-11
   7.447501E+03  2.244253E-09  4.490875E-11
   7.462501E+03  2.205492E-09  4.451490E-11
   7.477501E+03  2.192205E-09  4.439938E-11
   7.492501E+03  2.198399E-09  4.447589E-11
   7.507501E+03  2.183014E-09  4.429653E-11
   7.522501E+03  2.181815E-09  4.430876E-11
   7.537501E+03  2.175222E-09  4.421776E-11
   7.552501E+03  2.170627E-09  4.418954E-11
   7.567501E+03  2.156940E-09  4.404259E-11
   7.582501E+03  2.130067E-09  4.376873E-11
   7.597501E+03  2.109388E-09  4.356093E-11
   7.612501E+03  2.124673E-09  4.370943E-11
   7.627501E+03  2.122774E-09  4.367355E-11
   7.642501E+03  2.090407E-09  4.333857E-11
   7.657501E+03  2.092505E-09  4.338094E-11
   7.672501E+03  2.102495E-09  4.347354E-11
   7.687501E+03  2.058739E-09  4.303538E-11
   7.702501E+03  2.057939E-09  4.303125E-11
   7.717501E+03  2.063134E-09  4.307898E-11
   7.732501E+03  2.066830E-09  4.310069E-11
   7.747501E+03  2.056741E-09  4.301460E-11
   7.762501E+03  2.046850E-09  4.290111E-11
   7.777501E+03  2.031166E-09  4.273298E-11
   7.792501E+03  2.010587E-09  4.252112E-11
   7.807501E+03  2.004093E-09  4.244637E-11
   7.822501E+03  2.007490E-09  4.249062E-11
   7.837501E+03  1.963034E-09  4.200690E-11
   7.852501E+03  1.976021E-09  4.217701E-11
   7.867501E+03  1.966631E-09  4.206229E-11
   7.882501E+03  1.964333E-09  4.201860E-11
   7.897501E+03  1.940757E-09  4.176023E-11
   7.912501E+03  1.934363E-09  4.171533E-11
   7.927501E+03  1.932964E-09  4.169170E-11
   7.942501E+03  1.921975E-09  4.156490E-11
   7.957501E+03  1.933064E-09  4.169493E-11
   7.972501E+03  1.905192E-09  4.139243E-11
   7.987501E+03  1.881116E-09  4.111373E-11
   8.002501E+03  1.894603E-09  4.127556E-11
   8.017501E+03  1.891806E-09  4.125392E-11
   8.032501E+03  1.886511E-09  4.119424E-11
   8.047501E+03  1.862435E-09  4.091419E-11
   8.062501E+03  1.856341E-09  4.084965E-11
   8.077501E+03  1.874123E-09  4.106158E-11
   8.092501E+03  1.811686E-09  4.034610E-11
   8.107501E+03  1.836261E-09  4.061791E-11
   8.122501E+03  1.830967E-09  4.058607E-11
   8.137501E+03  1.839158E-09  4.067414E-11
   8.152501E+03  1.808589E-09  4.031617E-11
   8.167501E+03  1.797400E-09  4.020511E-11
   8.182501E+03  1.781616E-09  4.003117E-11
   8.197501E+03  1.769228E-09  3.989687E-11
   8.212501E+03  1.809588E-09  4.032726E-11
   8.227501E+03  1.772525E-09  3.991810E-11
   8.242501E+03  1.758839E-09  3.977105E-11
   8.257501E+03  1.758239E-09  3.978462E-11
   8.272501E+03  1.736961E-09  3.951938E-11
   8.287501E+03  1.715382E-09  3.926265E-11
   8.302501E+03  1.758040E-09  3.973719E-11
   8.317501E+03  1.726971E-09  3.940601E-11
   8.332501E+03  1.720477E-09  3.934128E-11
   8.347501E+03  1.688709E-09  3.898255E-11
   8.362501E+03  1.713884E-09  3.926386E-11
   8.377501E+03  1.693904E-09  3.903989E-11
   8.392501E+03  1.670627E-09  3.876034E-11
   8.407501E+03  1.675322E-09  3.881456E-11
   8.422501E+03  1.677520E-09  3.883991E-11
   8.437501E+03  1.668429E-09  3.873725E-11
   8.452501E+03  1.673125E-09  3.880077E-11
   8.467501E+03  1.652845E-09  3.855430E-11
   8.482501E+03  1.630667E-09  3.828169E-11
   8.497501E+03  1.614883E-09  3.810598E-11
   8.512501E+03  1.623674E-09  3.820213E-11
   8.527501E+03  1.618979E-09  3.814468E-11
   8.542501E+03  1.619878E-09  3.814817E-11
   8.557501E+03  1.604194E-09  3.797538E-11
   8.572501E+03  1.619578E-09  3.815878E-11
   8.587501E+03  1.589109E-09  3.780414E-11
   8.602501E+03  1.591307E-09  3.783018E-11
   8.617501E+03  1.567031E-09  3.753920E-11
   8.632501E+03  1.605093E-09  3.799308E-11
   8.647501E+03  1.581317E-09  3.770216E-11
   8.662501E+03  1.577520E-09  3.765941E-11
   8.677501E+03  1.575822E-09  3.763443E-11
   8.692501E+03  1.562136E-09  3.749032E-11
   8.707501E+03  1.546452E-09  3.728797E-11
   8.722501E+03  1.542655E-09  3.725680E-11
   8.737501E+03  1.530867E-09  3.710509E-11
   8.752501E+03  1.502995E-09  3.677431E-11
   8.767501E+03  1.534963E-09  3.714726E-11
   8.782501E+03  1.510488E-09  3.687036E-11
   8.797501E+03  1.512286E-09  3.688733E-11
   8.812501E+03  1.490508E-09  3.661448E-11
   8.827501E+03  1.504893E-09  3.678522E-11
   8.842501E+03  1.483215E-09  3.652758E-11
   8.857501E+03  1.460438E-09  3.623222E-11
   8.872501E+03  1.470727E-09  3.638889E-11
   8.887501E+03  1.467031E-09  3.631367E-11
   8.902501E+03  1.459838E-09  3.622728E-11
   8.917501E+03  1.451646E-09  3.612581E-11
   8.932501E+03  1.429069E-09  3.583713E-11
   8.947501E+03  1.411886E-09  3.562665E-11
   8.962501E+03  1.423375E-09  3.577088E-11
   8.977501E+03  1.435063E-09  3.593201E-11
   8.992501E+03  1.444653E-09  3.605142E-11
   9.007501E+03  1.429069E-09  3.587221E-11
   9.022501E+03  1.388210E-09  3.532502E-11
   9.037501E+03  1.402096E-09  3.550835E-11
   9.052501E+03  1.420078E-09  3.573458E-11
   9.067501E+03  1.394404E-09  3.540351E-11
   9.082501E+03  1.370128E-09  3.510253E-11
   9.097501E+03  1.379718E-09  3.521457E-11
   9.112501E+03  1.374823E-09  3.516243E-11
   9.127501E+03  1.374324E-09  3.516628E-11
   9.142501E+03  1.354843E-09  3.489653E-11
   9.157501E+03  1.372725E-09  3.512545E-11
   9.172501E+03  1.348550E-09  3.483881E-11
   9.187501E+03  1.330568E-09  3.458851E-11
   9.202501E+03  1.313485E-09  3.435334E-11
   9.217501E+03  1.326272E-09  3.454059E-11
   9.232501E+03  1.319978E-09  3.445100E-11
   9.247501E+03  1.307591E-09  3.428682E-11
   9.262501E+03  1.300398E-09  3.419528E-11
   9.277501E+03  1.316082E-09  3.440288E-11
   9.292501E+03  1.304694E-09  3.425155E-11
   9.307501E+03  1.291806E-09  3.409828E-11
   9.322501E+03  1.292606E-09  3.409825E-11
   9.337501E+03  1.289609E-09  3.404828E-11
   9.352501E+03  1.289808E-09  3.405618E-11
   9.367501E+03  1.280318E-09  3.393367E-11
   9.382501E+03  1.273025E-09  3.381861E-11
   9.397501E+03  1.231867E-09  3.328741E-11
   9.412501E+03  1.263735E-09  3.370589E-11
   9.427501E+03  1.236662E-09  3.334115E-11
   9.442501E+03  1.254344E-09  3.357005E-11
   9.457501E+03  1.229968E-09  3.325103E-11
   9.472501E+03  1.219279E-09  3.310659E-11
   9.487501E+03  1.239359E-09  3.339893E-11
   9.502501E+03  1.209389E-09  3.297510E-11
   9.517501E+03  1.206192E-09  3.292342E-11
   9.532501E+03  1.220778E-09  3.312958E-11
   9.547501E+03  1.208690E-09  3.296286E-11
   9.562501E+03  1.180618E-09  3.258430E-11
   9.577501E+03  1.224574E-09  3.318633E-11
   9.592501E+03  1.178020E-09  3.255405E-11
   9.607501E+03  1.182816E-09  3.262279E-11
   9.622501E+03  1.178620E-09  3.255679E-11
   9.637501E+03  1.171627E-09  3.246310E-11
   9.652501E+03  1.151547E-09  3.218455E-11
   9.667501E+03  1.148850E-09  3.214974E-11
   9.682501E+03  1.156342E-09  3.225407E-11
   9.697501E+03  1.145953E-09  3.210371E-11
   9.712501E+03  1.139059E-09  3.199886E-11
   9.727501E+03  1.136962E-09  3.197226E-11
   9.742501E+03  1.106392E-09  3.154058E-11
   9.757501E+03  1.111387E-09  3.160299E-11
   9.772501E+03  1.124974E-09  3.182062E-11
   9.787501E+03  1.112686E-09  3.162710E-11
   9.802501E+03  1.115883E-09  3.167239E-11
   9.817501E+03  1.108290E-09  3.155617E-11
   9.832501E+03  1.095603E-09  3.138680E-11
   9.847501E+03  1.106992E-09  3.156333E-11
   9.862501E+03  1.078620E-09  3.114318E-11
   9.877501E+03  1.092706E-09  3.134824E-11
   9.892501E+03  1.073925E-09  3.107838E-11
   9.907501E+03  1.073825E-09  3.106827E-11
   9.922501E+03  1.082216E-09  3.119493E-11
   9.937501E+03  1.056742E-09  3.082359E-11
   9.952501E+03  1.069229E-09  3.100186E-11
   9.967501E+03  1.036762E-09  3.053147E-11
   9.982501E+03  1.044055E-09  3.063842E-11
   9.997501E+03  1.035863E-09  3.054474E-11
   1.001250E+04  1.068830E-09  3.099608E-11
   1.002750E+04  1.046053E-09  3.067351E-11
   1.004250E+04  1.042956E-09  3.061059E-11
   1.005750E+04  1.023076E-09  3.032086E-11
   1.007250E+04  1.020578E-09  3.028686E-11
   1.008750E+04  1.025074E-09  3.037111E-11
   1.010250E+04  1.024874E-09  3.035928E-11
   1.011750E+04  1.011887E-09  3.016382E-11
   1.013250E+04  1.006292E-09  3.008051E-11
   1.014750E+04  9.957030E-10  2.992218E-11
   1.016250E+04  9.904083E-10  2.984571E-11
   1.017750E+04  9.855132E-10  2.975696E-11
   1.019250E+04  9.894093E-10  2.982768E-11
   1.020750E+04  9.671316E-10  2.948465E-11
   1.022250E+04  9.752235E-10  2.962267E-11
   1.023750E+04  9.653334E-10  2.946338E-11
   1.025250E+04  9.570417E-10  2.933686E-11
   1.026750E+04  9.641346E-10  2.945427E-11
   1.028250E+04  9.632355E-10  2.942531E-11
   1.029750E+04  9.675312E-10  2.949073E-11
   1.031250E+04  9.442545E-10  2.913141E-11
   1.032750E+04  9.459528E-10  2.916679E-11
   1.034250E+04  9.271716E-10  2.887647E-11
   1.035750E+04  9.396591E-10  2.906365E-11
   1.037250E+04  9.401586E-10  2.907136E-11
   1.038750E+04  9.341646E-10  2.897871E-11
   1.040250E+04  9.142845E-10  2.868807E-11
   1.041750E+04  9.178809E-10  2.872238E-11
   1.043250E+04  9.001986E-10  2.844168E-11
   1.044750E+04  9.029958E-10  2.848892E-11
   1.046250E+04  9.004983E-10  2.845272E-11
   1.047750E+04  9.085902E-10  2.857689E-11
   1.049250E+04  9.091896E-10  2.858944E-11
   1.050750E+04  8.951037E-10  2.836753E-11
   1.052250E+04  8.862126E-10  2.821382E-11
   1.053750E+04  8.809179E-10  2.813269E-11
   1.055250E+04  8.787201E-10  2.810081E-11
   1.056750E+04  8.612376E-10  2.782349E-11
   1.058250E+04  8.712276E-10  2.798734E-11
   1.059750E+04  8.696292E-10  2.795849E-11
   1.061250E+04  8.660328E-10  2.790071E-11
   1.062750E+04  8.567421E-10  2.775737E-11
   1.064250E+04  8.519469E-10  2.767001E-11
   1.065750E+04  8.423565E-10  2.751404E-11
   1.067250E+04  8.211777E-10  2.717305E-11
   1.068750E+04  8.271717E-10  2.726856E-11
   1.070250E+04  8.428560E-10  2.752871E-11
   1.071750E+04  8.288700E-10  2.730637E-11
   1.073250E+04  8.190798E-10  2.712845E-11
   1.074750E+04  8.282706E-10  2.729651E-11
   1.076250E+04  8.147841E-10  2.706726E-11
   1.077750E+04  8.095893E-10  2.697767E-11
   1.079250E+04  8.231757E-10  2.720272E-11
   1.080750E+04  8.039949E-10  2.688445E-11
   1.082250E+04  8.152836E-10  2.707554E-11
   1.083750E+04  7.972017E-10  2.676746E-11
   1.085250E+04  7.973016E-10  2.677249E-11
   1.086750E+04  8.039949E-10  2.690782E-11
   1.088250E+04  7.707283E-10  2.633010E-11
   1.089750E+04  7.731259E-10  2.636072E-11
   1.091250E+04  7.854135E-10  2.657247E-11
   1.092750E+04  7.723267E-10  2.636415E-11
   1.094250E+04  7.574416E-10  2.610609E-11
   1.095750E+04  7.831158E-10  2.653364E-11
   1.097250E+04  7.774216E-10  2.643715E-11
   1.098750E+04  7.440550E-10  2.587146E-11
   1.100250E+04  7.525465E-10  2.600454E-11
   1.101750E+04  7.536454E-10  2.603040E-11
   1.103250E+04  7.444546E-10  2.588880E-11
   1.104750E+04  7.457533E-10  2.590090E-11
   1.106250E+04  7.393597E-10  2.577594E-11
   1.107750E+04  7.276714E-10  2.558565E-11
   1.109250E+04  7.398592E-10  2.578812E-11
   1.110750E+04  7.362628E-10  2.572545E-11
   1.112250E+04  7.345645E-10  2.572026E-11
   1.113750E+04  7.123867E-10  2.531255E-11
   1.115250E+04  7.127863E-10  2.533027E-11
   1.116750E+04  7.046944E-10  2.516864E-11
   1.118250E+04  7.145845E-10  2.534795E-11
   1.119750E+04  7.058932E-10  2.519001E-11
   1.121250E+04  7.024966E-10  2.513299E-11
   1.122750E+04  7.056934E-10  2.519715E-11
   1.124250E+04  6.991000E-10  2.507942E-11
   1.125750E+04  6.983008E-10  2.505436E-11
   1.127250E+04  6.768223E-10  2.467383E-11
   1.128750E+04  6.862129E-10  2.483323E-11
   1.130250E+04  6.810181E-10  2.474641E-11
   1.131750E+04  6.701290E-10  2.454444E-11
   1.133250E+04  6.712279E-10  2.456087E-11
   1.134750E+04  6.673318E-10  2.450056E-11
   1.136250E+04  6.675316E-10  2.450056E-11
   1.137750E+04  6.435556E-10  2.404978E-11
   1.139250E+04  6.442549E-10  2.407403E-11
   1.140750E+04  6.491500E-10  2.415770E-11
   1.142250E+04  6.610381E-10  2.438498E-11
   1.143750E+04  6.390601E-10  2.397322E-11
   1.145250E+04  6.434557E-10  2.404792E-11
   1.146750E+04  6.389602E-10  2.396010E-11
   1.148250E+04  6.377614E-10  2.395264E-11
   1.149750E+04  6.433558E-10  2.404606E-11
   1.151250E+04  6.259732E-10  2.372310E-11
   1.152750E+04  6.154837E-10  2.352376E-11
   1.154250E+04  6.159832E-10  2.353711E-11
   1.155750E+04  6.249742E-10  2.370798E-11
   1.157250E+04  6.122869E-10  2.346267E-11
   1.158750E+04  6.039952E-10  2.331118E-11
   1.160250E+04  6.041950E-10  2.330346E-11
   1.161750E+04  6.095896E-10  2.341484E-11
   1.163250E+04  5.936056E-10  2.309855E-11
   1.164750E+04  6.140851E-10  2.349323E-11
   1.166250E+04  6.009982E-10  2.324952E-11
   1.167750E+04  5.968024E-10  2.316448E-11
   1.169250E+04  5.865127E-10  2.296418E-11
   1.170750E+04  5.741251E-10  2.272860E-11
   1.172250E+04  5.730262E-10  2.269897E-11
   1.173750E+04  5.637355E-10  2.250647E-11
   1.175250E+04  5.644348E-10  2.253637E-11
   1.176750E+04  5.687305E-10  2.260987E-11
   1.178250E+04  5.618374E-10  2.248056E-11
   1.179750E+04  5.723269E-10  2.268910E-11
   1.181250E+04  5.466526E-10  2.217115E-11
   1.182750E+04  5.524468E-10  2.228416E-11
   1.184250E+04  5.563429E-10  2.237055E-11
   1.185750E+04  5.530462E-10  2.230026E-11
   1.187250E+04  5.504488E-10  2.224386E-11
   1.188750E+04  5.426566E-10  2.209414E-11
   1.190250E+04  5.403589E-10  2.203925E-11
   1.191750E+04  5.407585E-10  2.205961E-11
   1.193250E+04  5.369623E-10  2.196994E-11
   1.194750E+04  5.276716E-10  2.177923E-11
   1.196250E+04  5.268724E-10  2.176274E-11
   1.197750E+04  5.246746E-10  2.172148E-11
   1.199250E+04  5.225767E-10  2.168221E-11
   1.200750E+04  5.190802E-10  2.160968E-11
   1.202250E+04  5.147845E-10  2.151606E-11
   1.203750E+04  5.214778E-10  2.164700E-11
   1.205250E+04  4.967026E-10  2.113106E-11
   1.206750E+04  5.095897E-10  2.141576E-11
   1.208250E+04  5.033959E-10  2.127705E-11
   1.209750E+04  4.952041E-10  2.109493E-11
   1.211250E+04  4.997995E-10  2.119677E-11
   1.212750E+04  4.984009E-10  2.116288E-11
   1.214250E+04  4.911082E-10  2.102038E-11
   1.215750E+04  4.847146E-10  2.087474E-11
   1.217250E+04  4.900093E-10  2.099262E-11
   1.218750E+04  4.627367E-10  2.039204E-11
   1.220250E+04  4.701292E-10  2.055420E-11
   1.221750E+04  4.652342E-10  2.044697E-11
   1.223250E+04  4.741252E-10  2.064568E-11
   1.224750E+04  4.833160E-10  2.084032E-11
   1.226250E+04  4.703290E-10  2.056294E-11
   1.227750E+04  4.726267E-10  2.062177E-11
   1.229250E+04  4.591403E-10  2.031268E-11
   1.230750E+04  4.505489E-10  2.013522E-11
   1.232250E+04  4.559435E-10  2.024188E-11
   1.233750E+04  4.552442E-10  2.023968E-11
   1.235250E+04  4.463531E-10  2.003245E-11
   1.236750E+04  4.513481E-10  2.014413E-11
   1.238250E+04  4.401593E-10  1.989311E-11
   1.239750E+04  4.400594E-10  1.989085E-11
   1.241250E+04  4.445549E-10  2.000108E-11
   1.242750E+04  4.334660E-10  1.975052E-11
   1.244250E+04  4.391603E-10  1.987054E-11
   1.245750E+04  4.387607E-10  1.986151E-11
   1.247250E+04  4.127867E-10  1.926520E-11
   1.248750E+04  4.231763E-10  1.951052E-11
   1.250250E+04  4.033961E-10  1.904501E-11
   1.251750E+04  4.073921E-10  1.913433E-11
   1.253250E+04  4.110884E-10  1.923024E-11
   1.254750E+04  4.082912E-10  1.916011E-11
   1.256250E+04  4.175819E-10  1.937668E-11
   1.257750E+04  4.134860E-10  1.927684E-11
   1.259250E+04  3.979016E-10  1.891499E-11
   1.260750E+04  3.956039E-10  1.886511E-11
   1.262250E+04  3.995000E-10  1.894817E-11
   1.263750E+04  3.935060E-10  1.880554E-11
   1.265250E+04  3.818177E-10  1.853396E-11
   1.266750E+04  3.900095E-10  1.872664E-11
   1.268250E+04  3.853142E-10  1.860886E-11
   1.269750E+04  3.815180E-10  1.852185E-11
   1.271250E+04  3.801194E-10  1.849761E-11
   1.272750E+04  3.702293E-10  1.824111E-11
   1.274250E+04  3.829166E-10  1.855574E-11
   1.275750E+04  3.730265E-10  1.830986E-11
   1.277250E+04  3.544451E-10  1.784818E-11
   1.278750E+04  3.656339E-10  1.813750E-11
   1.280250E+04  3.626369E-10  1.805317E-11
   1.281750E+04  3.587408E-10  1.795597E-11
   1.283250E+04  3.617378E-10  1.803577E-11
   1.284750E+04  3.594401E-10  1.797845E-11
   1.286250E+04  3.545450E-10  1.785573E-11
   1.287750E+04  3.553442E-10  1.787080E-11
   1.289250E+04  3.458537E-10  1.763063E-11
   1.290750E+04  3.389606E-10  1.745926E-11
   1.292250E+04  3.378617E-10  1.743612E-11
   1.293750E+04  3.362633E-10  1.740005E-11
   1.295250E+04  3.350645E-10  1.735355E-11
   1.296750E+04  3.319676E-10  1.727320E-11
   1.298250E+04  3.318677E-10  1.728100E-11
   1.299750E+04  3.209786E-10  1.698500E-11
   1.301250E+04  3.171824E-10  1.690025E-11
   1.302750E+04  3.185810E-10  1.693208E-11
   1.304250E+04  3.202793E-10  1.697179E-11
   1.305750E+04  3.218777E-10  1.700876E-11
   1.307250E+04  3.186809E-10  1.692943E-11
   1.308750E+04  3.064931E-10  1.659745E-11
   1.310250E+04  3.104891E-10  1.672138E-11
   1.311750E+04  3.005990E-10  1.643714E-11
   1.313250E+04  2.965031E-10  1.632480E-11
   1.314750E+04  3.003992E-10  1.643167E-11
   1.316250E+04  2.946050E-10  1.627800E-11
   1.317750E+04  2.970026E-10  1.633854E-11
   1.319250E+04  2.914082E-10  1.618398E-11
   1.320750E+04  2.814182E-10  1.590424E-11
   1.322250E+04  2.797199E-10  1.586752E-11
   1.323750E+04  2.847149E-10  1.600271E-11
   1.325250E+04  2.874122E-10  1.607267E-11
   1.326750E+04  2.803193E-10  1.587317E-11
   1.328250E+04  2.756240E-10  1.573971E-11
   1.329750E+04  2.773223E-10  1.578812E-11
   1.331250E+04  2.719277E-10  1.563385E-11
   1.332750E+04  2.693303E-10  1.556480E-11
   1.334250E+04  2.546450E-10  1.512902E-11
   1.335750E+04  2.694302E-10  1.557922E-11
   1.337250E+04  2.580416E-10  1.522956E-11
   1.338750E+04  2.609387E-10  1.533238E-11
   1.340250E+04  2.524472E-10  1.506957E-11
   1.341750E+04  2.566430E-10  1.518824E-11
   1.343250E+04  2.569427E-10  1.519711E-11
   1.344750E+04  2.392604E-10  1.467114E-11
   1.346250E+04  2.526470E-10  1.507553E-11
   1.347750E+04  2.419577E-10  1.475960E-11
   1.349250E+04  2.470526E-10  1.490184E-11
   1.350750E+04  2.445551E-10  1.482634E-11
   1.352250E+04  2.487509E-10  1.495896E-11
   1.353750E+04  2.314682E-10  1.442429E-11
   1.355250E+04  2.290706E-10  1.434941E-11
   1.356750E+04  2.250746E-10  1.422373E-11
   1.358250E+04  2.251745E-10  1.422689E-11
   1.359750E+04  2.295701E-10  1.436504E-11
   1.361250E+04  2.226770E-10  1.414779E-11
   1.362750E+04  2.218778E-10  1.412239E-11
   1.364250E+04  2.093903E-10  1.371931E-11
   1.365750E+04  2.192804E-10  1.403950E-11
   1.367250E+04  2.121875E-10  1.381063E-11
   1.368750E+04  2.112884E-10  1.378134E-11
   1.370250E+04  2.160836E-10  1.393681E-11
   1.371750E+04  2.085911E-10  1.369311E-11
   1.373250E+04  2.062934E-10  1.361750E-11
   1.374750E+04  1.956041E-10  1.326009E-11
   1.376250E+04  1.992005E-10  1.338141E-11
   1.377750E+04  1.944053E-10  1.321940E-11
   1.379250E+04  2.013983E-10  1.345501E-11
   1.380750E+04  1.929068E-10  1.317518E-11
   1.382250E+04  1.877120E-10  1.298989E-11
   1.383750E+04  1.869128E-10  1.296221E-11
   1.385250E+04  1.896101E-10  1.305538E-11
   1.386750E+04  1.815182E-10  1.277382E-11
   1.388250E+04  1.732265E-10  1.247872E-11
   1.389750E+04  1.757240E-10  1.256833E-11
   1.391250E+04  1.765232E-10  1.259688E-11
   1.392750E+04  1.669328E-10  1.224997E-11
   1.394250E+04  1.664333E-10  1.223163E-11
   1.395750E+04  1.680317E-10  1.229022E-11
   1.397250E+04  1.671326E-10  1.225730E-11
   1.398750E+04  1.730267E-10  1.247152E-11
   1.400250E+04  1.608389E-10  1.202434E-11
   1.401750E+04  1.590407E-10  1.195695E-11
   1.403250E+04  1.572425E-10  1.188917E-11
   1.404750E+04  1.554444E-10  1.182101E-11
   1.406250E+04  1.472526E-10  1.150536E-11
   1.407750E+04  1.444554E-10  1.139558E-11
   1.409250E+04  1.405593E-10  1.124088E-11
   1.410750E+04  1.464534E-10  1.147410E-11
   1.412250E+04  1.447551E-10  1.140739E-11
   1.413750E+04  1.432566E-10  1.134820E-11
   1.415250E+04  1.470528E-10  1.149756E-11
   1.416750E+04  1.374624E-10  1.111637E-11
   1.418250E+04  1.373625E-10  1.111233E-11
   1.419750E+04  1.403595E-10  1.123289E-11
   1.421250E+04  1.277721E-10  1.071745E-11
   1.422750E+04  1.252746E-10  1.061220E-11
   1.424250E+04  1.209789E-10  1.042869E-11
   1.425750E+04  1.213785E-10  1.044590E-11
   1.427250E+04  1.265733E-10  1.066706E-11
   1.428750E+04  1.177821E-10  1.029000E-11
   1.430250E+04  1.142856E-10  1.013614E-11
   1.431750E+04  1.122876E-10  1.004715E-11
   1.433250E+04  1.021977E-10  9.585176E-12
   1.434750E+04  1.029969E-10  9.622578E-12
   1.436250E+04  1.109889E-10  9.988890E-12
   1.437750E+04  1.095903E-10  9.925761E-12
   1.439250E+04  1.076922E-10  9.839439E-12
   1.440750E+04  1.018980E-10  9.571113E-12
   1.442250E+04  9.480507E-11  9.232029E-12
   1.443750E+04  9.860127E-11  9.415030E-12
   1.445250E+04  9.160827E-11  9.075059E-12
   1.446750E+04  9.190797E-11  9.089890E-12
   1.448250E+04  8.761227E-11  8.874943E-12
   1.449750E+04  9.000987E-11  8.995547E-12
   1.451250E+04  8.591397E-11  8.788513E-12
   1.452750E+04  8.201787E-11  8.586945E-12
   1.454250E+04  8.161827E-11  8.566003E-12
   1.455750E+04  8.041947E-11  8.502867E-12
   1.457250E+04  7.452538E-11  8.185369E-12
   1.458750E+04  7.522468E-11  8.223680E-12
   1.460250E+04  6.943048E-11  7.900644E-12
   1.461750E+04  7.452538E-11  8.185369E-12
   1.463250E+04  6.773218E-11  7.803426E-12
   1.464750E+04  6.513478E-11  7.652351E-12
   1.466250E+04  6.693298E-11  7.757255E-12
   1.467750E+04  5.704288E-11  7.161287E-12
   1.469250E+04  5.894098E-11  7.279450E-12
   1.470750E+04  5.314678E-11  6.912414E-12
   1.472250E+04  5.174818E-11  6.820861E-12
   1.473750E+04  5.574418E-11  7.079302E-12
   1.475250E+04  4.965028E-11  6.681177E-12
   1.476750E+04  4.895098E-11  6.633962E-12
   1.478250E+04  4.435559E-11  6.314915E-12
   1.479750E+04  4.115879E-11  6.083106E-12
   1.481250E+04  4.015979E-11  6.008832E-12
   1.482750E+04  3.876119E-11  5.903278E-12
   1.484250E+04  3.086909E-11  5.268154E-12
   1.485750E+04  3.136859E-11  5.310605E-12
   1.487250E+04  2.877119E-11  5.085996E-12
   1.488750E+04  2.747249E-11  4.969886E-12
   1.490250E+04  2.427569E-11  4.671797E-12
   1.491750E+04  2.437559E-11  4.681400E-12
   1.493250E+04  1.678319E-11  3.884519E-12
   1.494750E+04  1.518480E-11  3.694918E-12
   1.496250E+04  1.108890E-11  3.157515E-12
   1.497750E+04  1.038960E-11  3.056334E-12
   1.499250E+04  6.793198E-12  2.471380E-12
