 #  Results from PENEPMA. Output from photon detector #  1
 #
 #  Angular intervals : theta_1 = 5.000000E+01,  theta_2 = 6.000000E+01
 #                        phi_1 = 0.000000E+00,    phi_2 = 3.600000E+02
 #
 #  Intensities of characteristic lines. All in 1/(sr*electron).
 #    P = primary photons (from electron interactions);
 #    C = flourescence from characteristic x rays;
 #    B = flourescence from bremsstrahlung quanta;
 #   TF = C+B, total fluorescence;
 #  unc = statistical uncertainty (3 sigma).
 #
 # IZ S0 S1  E (eV)      P            unc       C            unc       B            unc       TF           unc       T            unc
   13 L3 M1  7.0570E+01  2.631254E-08 4.56E-08  0.000000E+00 0.00E+00  0.000000E+00 0.00E+00  0.000000E+00 0.00E+00  2.631254E-08 4.56E-08
   13 L2 M1  7.1040E+01  2.631254E-08 4.56E-08  0.000000E+00 0.00E+00  0.000000E+00 0.00E+00  0.000000E+00 0.00E+00  2.631254E-08 4.56E-08
   20 L1 L2  7.5070E+01  8.770845E-09 2.63E-08  0.000000E+00 0.00E+00  0.000000E+00 0.00E+00  0.000000E+00 0.00E+00  8.770845E-09 2.63E-08
   20 L1 L3  7.8910E+01  1.754169E-08 3.72E-08  0.000000E+00 0.00E+00  2.098921E-11 6.30E-11  2.098921E-11 6.30E-11  1.756268E-08 3.72E-08
   14 L3 M1  9.4350E+01  3.771883E-07 1.73E-07  0.000000E+00 0.00E+00  0.000000E+00 0.00E+00  0.000000E+00 0.00E+00  3.771883E-07 1.73E-07
   14 L2 M1  9.5040E+01  1.754169E-07 1.18E-07  0.000000E+00 0.00E+00  0.000000E+00 0.00E+00  0.000000E+00 0.00E+00  1.754169E-07 1.18E-07
   38 M4 N2  1.1646E+02  8.770845E-09 2.63E-08  0.000000E+00 0.00E+00  0.000000E+00 0.00E+00  0.000000E+00 0.00E+00  8.770845E-09 2.63E-08
   14 L1 M3  1.4503E+02  8.770845E-09 2.63E-08  0.000000E+00 0.00E+00  0.000000E+00 0.00E+00  0.000000E+00 0.00E+00  8.770845E-09 2.63E-08
   14 L1 M2  1.5524E+02  8.770845E-09 2.63E-08  0.000000E+00 0.00E+00  0.000000E+00 0.00E+00  0.000000E+00 0.00E+00  8.770845E-09 2.63E-08
   20 L3 M1  3.0269E+02  7.630636E-07 2.45E-07  0.000000E+00 0.00E+00  2.308813E-10 2.09E-10  2.308813E-10 2.09E-10  7.632944E-07 2.45E-07
   20 L2 M1  3.0643E+02  4.297714E-07 1.84E-07  0.000000E+00 0.00E+00  1.259353E-10 1.54E-10  1.259353E-10 1.54E-10  4.298974E-07 1.84E-07
   20 L3 N1  3.4975E+02  8.770845E-09 2.63E-08  0.000000E+00 0.00E+00  0.000000E+00 0.00E+00  0.000000E+00 0.00E+00  8.770845E-09 2.63E-08
   20 L2 N1  3.5359E+02  8.770845E-09 2.63E-08  0.000000E+00 0.00E+00  0.000000E+00 0.00E+00  0.000000E+00 0.00E+00  8.770845E-09 2.63E-08
   22 L3 M1  3.9535E+02  8.770845E-09 2.63E-08  0.000000E+00 0.00E+00  2.098921E-11 6.30E-11  2.098921E-11 6.30E-11  8.791835E-09 2.63E-08
   50 M5 N3  3.9882E+02  1.754169E-08 3.72E-08  0.000000E+00 0.00E+00  0.000000E+00 0.00E+00  0.000000E+00 0.00E+00  1.754169E-08 3.72E-08
   50 M4 N2  3.9993E+02  8.770845E-09 2.63E-08  0.000000E+00 0.00E+00  0.000000E+00 0.00E+00  0.000000E+00 0.00E+00  8.770845E-09 2.63E-08
   22 L2 M1  4.0137E+02  8.770845E-09 2.63E-08  0.000000E+00 0.00E+00  0.000000E+00 0.00E+00  0.000000E+00 0.00E+00  8.770845E-09 2.63E-08
   20 L1 M2  4.1543E+02  7.893761E-08 7.89E-08  0.000000E+00 0.00E+00  2.098921E-11 6.30E-11  2.098921E-11 6.30E-11  7.895860E-08 7.89E-08
   20 L1 M3  4.1580E+02  9.647930E-08 8.73E-08  0.000000E+00 0.00E+00  8.395685E-11 1.26E-10  8.395685E-11 1.26E-10  9.656326E-08 8.73E-08
   50 M4 O2  4.9729E+02  8.770845E-09 2.63E-08  0.000000E+00 0.00E+00  0.000000E+00 0.00E+00  0.000000E+00 0.00E+00  8.770845E-09 2.63E-08
    8  K L2  5.2309E+02  3.328563E-05 1.62E-06  1.754169E-08 3.72E-08  1.408376E-08 1.63E-09  3.162545E-08 3.88E-08  3.331726E-05 1.62E-06
    8  K L3  5.2313E+02  6.563272E-05 2.28E-06  5.262507E-08 6.45E-08  2.755883E-08 2.28E-09  8.018391E-08 6.67E-08  6.571290E-05 2.28E-06
   56 M5 N3  6.0214E+02  4.385423E-08 5.88E-08  0.000000E+00 0.00E+00  0.000000E+00 0.00E+00  0.000000E+00 0.00E+00  4.385423E-08 5.88E-08
   56 M4 N2  6.0243E+02  8.770845E-09 2.63E-08  0.000000E+00 0.00E+00  0.000000E+00 0.00E+00  0.000000E+00 0.00E+00  8.770845E-09 2.63E-08
   26 L3 M1  6.1530E+02  1.754169E-08 3.72E-08  0.000000E+00 0.00E+00  2.098921E-11 6.30E-11  2.098921E-11 6.30E-11  1.756268E-08 3.72E-08
   26 L3 M5  7.0480E+02  1.754169E-08 3.72E-08  0.000000E+00 0.00E+00  0.000000E+00 0.00E+00  0.000000E+00 0.00E+00  1.754169E-08 3.72E-08
   50 M2 N4  7.1987E+02  8.770845E-09 2.63E-08  0.000000E+00 0.00E+00  0.000000E+00 0.00E+00  0.000000E+00 0.00E+00  8.770845E-09 2.63E-08
   56 M3 N5  9.5754E+02  0.000000E+00 0.00E+00  0.000000E+00 0.00E+00  2.098921E-11 6.30E-11  2.098921E-11 6.30E-11  2.098921E-11 6.30E-11
   33 L3 M1  1.1198E+03  8.770845E-09 2.63E-08  0.000000E+00 0.00E+00  0.000000E+00 0.00E+00  0.000000E+00 0.00E+00  8.770845E-09 2.63E-08
   12  K L2  1.2534E+03  6.841259E-07 2.32E-07  8.770845E-09 2.63E-08  1.490234E-09 5.31E-10  1.026108E-08 2.68E-08  6.943870E-07 2.34E-07
   12  K L3  1.2537E+03  1.657690E-06 3.62E-07  1.754169E-08 3.72E-08  3.148382E-09 7.71E-10  2.069007E-08 3.80E-08  1.678380E-06 3.64E-07
   33 L3 M5  1.2820E+03  8.770845E-09 2.63E-08  0.000000E+00 0.00E+00  4.197842E-11 8.90E-11  4.197842E-11 8.90E-11  8.812824E-09 2.63E-08
   33 L2 M4  1.3170E+03  1.754169E-08 3.72E-08  0.000000E+00 0.00E+00  6.296763E-11 1.09E-10  6.296763E-11 1.09E-10  1.760466E-08 3.72E-08
   13  K L2  1.4863E+03  9.972472E-06 8.87E-07  1.666461E-07 1.15E-07  2.224856E-08 2.05E-09  1.888946E-07 1.17E-07  1.016137E-05 8.95E-07
   13  K L3  1.4867E+03  1.872580E-05 1.22E-06  4.210006E-07 1.82E-07  4.227227E-08 2.83E-09  4.632729E-07 1.85E-07  1.918907E-05 1.23E-06
   13  K M3  1.5576E+03  1.052501E-07 9.11E-08  8.770845E-09 2.63E-08  3.358274E-10 2.52E-10  9.106673E-09 2.66E-08  1.143568E-07 9.49E-08
   13  K M2  1.5576E+03  5.262507E-08 6.45E-08  0.000000E+00 0.00E+00  1.259353E-10 1.54E-10  1.259353E-10 1.54E-10  5.275101E-08 6.45E-08
   38 L3 M1  1.5822E+03  9.647930E-08 8.73E-08  0.000000E+00 0.00E+00  3.358274E-10 2.52E-10  3.358274E-10 2.52E-10  9.681513E-08 8.73E-08
   38 L2 M1  1.6493E+03  1.754169E-08 3.72E-08  0.000000E+00 0.00E+00  8.395685E-11 1.26E-10  8.395685E-11 1.26E-10  1.762565E-08 3.72E-08
   38 L3 M2  1.6614E+03  0.000000E+00 0.00E+00  0.000000E+00 0.00E+00  2.098921E-11 6.30E-11  2.098921E-11 6.30E-11  2.098921E-11 6.30E-11
   14  K L2  1.7394E+03  3.165404E-05 1.58E-06  8.770845E-09 2.63E-08  7.986395E-08 3.88E-09  8.863480E-08 3.02E-08  3.174268E-05 1.58E-06
   14  K L3  1.7400E+03  6.236963E-05 2.22E-06  6.139592E-08 6.96E-08  1.550893E-07 5.41E-09  2.164852E-07 7.50E-08  6.258611E-05 2.22E-06
   40 L3 M1  1.7921E+03  8.770845E-09 2.63E-08  0.000000E+00 0.00E+00  2.098921E-11 6.30E-11  2.098921E-11 6.30E-11  8.791835E-09 2.63E-08
   38 L3 M4  1.8048E+03  9.647930E-08 8.73E-08  0.000000E+00 0.00E+00  2.308813E-10 2.09E-10  2.308813E-10 2.09E-10  9.671018E-08 8.73E-08
   38 L3 M5  1.8066E+03  7.981469E-07 2.51E-07  0.000000E+00 0.00E+00  1.951997E-09 6.07E-10  1.951997E-09 6.07E-10  8.000989E-07 2.51E-07
   14  K M3  1.8360E+03  1.043731E-06 2.87E-07  0.000000E+00 0.00E+00  3.232339E-09 7.81E-10  3.232339E-09 7.81E-10  1.046963E-06 2.87E-07
   14  K M2  1.8360E+03  6.227300E-07 2.22E-07  0.000000E+00 0.00E+00  1.595180E-09 5.49E-10  1.595180E-09 5.49E-10  6.243252E-07 2.22E-07
   38 L2 M4  1.8717E+03  1.929586E-07 1.23E-07  0.000000E+00 0.00E+00  7.136332E-10 3.67E-10  7.136332E-10 3.67E-10  1.936722E-07 1.23E-07
   40 L2 M1  1.8766E+03  8.770845E-09 2.63E-08  0.000000E+00 0.00E+00  0.000000E+00 0.00E+00  0.000000E+00 0.00E+00  8.770845E-09 2.63E-08
   38 L3 N1  1.8960E+03  0.000000E+00 0.00E+00  0.000000E+00 0.00E+00  2.098921E-11 6.30E-11  2.098921E-11 6.30E-11  2.098921E-11 6.30E-11
   38 L1 M2  1.9364E+03  0.000000E+00 0.00E+00  0.000000E+00 0.00E+00  2.098921E-11 6.30E-11  2.098921E-11 6.30E-11  2.098921E-11 6.30E-11
   38 L1 M3  1.9472E+03  2.631254E-08 4.56E-08  0.000000E+00 0.00E+00  6.296763E-11 1.09E-10  6.296763E-11 1.09E-10  2.637550E-08 4.56E-08
   40 L3 M5  2.0425E+03  4.385423E-08 5.88E-08  0.000000E+00 0.00E+00  6.296763E-11 1.09E-10  6.296763E-11 1.09E-10  4.391719E-08 5.88E-08
   40 L2 M4  2.1244E+03  0.000000E+00 0.00E+00  0.000000E+00 0.00E+00  2.098921E-11 6.30E-11  2.098921E-11 6.30E-11  2.098921E-11 6.30E-11
   38 L1 N2  2.1716E+03  0.000000E+00 0.00E+00  0.000000E+00 0.00E+00  2.098921E-11 6.30E-11  2.098921E-11 6.30E-11  2.098921E-11 6.30E-11
   50 L3 M1  3.0450E+03  2.631254E-08 4.56E-08  0.000000E+00 0.00E+00  2.098921E-11 6.30E-11  2.098921E-11 6.30E-11  2.633353E-08 4.56E-08
   50 L3 M4  3.4374E+03  1.754169E-08 3.72E-08  0.000000E+00 0.00E+00  8.395685E-11 1.26E-10  8.395685E-11 1.26E-10  1.762565E-08 3.72E-08
   50 L3 M5  3.4440E+03  9.647930E-08 8.73E-08  0.000000E+00 0.00E+00  6.296763E-10 3.45E-10  6.296763E-10 3.45E-10  9.710898E-08 8.73E-08
   51 L3 M4  3.5954E+03  0.000000E+00 0.00E+00  0.000000E+00 0.00E+00  4.197842E-11 8.90E-11  4.197842E-11 8.90E-11  4.197842E-11 8.90E-11
   51 L3 M5  3.6048E+03  1.754169E-08 3.72E-08  0.000000E+00 0.00E+00  2.518705E-10 2.18E-10  2.518705E-10 2.18E-10  1.779356E-08 3.72E-08
   50 L2 M4  3.6628E+03  2.631254E-08 4.56E-08  0.000000E+00 0.00E+00  3.358274E-10 2.52E-10  3.358274E-10 2.52E-10  2.664836E-08 4.56E-08
   20  K L2  3.6881E+03  2.210253E-06 4.18E-07  0.000000E+00 0.00E+00  2.856632E-08 2.32E-09  2.856632E-08 2.32E-09  2.238819E-06 4.18E-07
   20  K L3  3.6917E+03  4.288943E-06 5.82E-07  0.000000E+00 0.00E+00  5.513866E-08 3.23E-09  5.513866E-08 3.23E-09  4.344082E-06 5.82E-07
   50 L1 M2  3.7083E+03  0.000000E+00 0.00E+00  0.000000E+00 0.00E+00  8.395685E-11 1.26E-10  8.395685E-11 1.26E-10  8.395685E-11 1.26E-10
   50 L1 M3  3.7504E+03  0.000000E+00 0.00E+00  0.000000E+00 0.00E+00  4.197842E-11 8.90E-11  4.197842E-11 8.90E-11  4.197842E-11 8.90E-11
   51 L2 M4  3.8436E+03  0.000000E+00 0.00E+00  0.000000E+00 0.00E+00  1.259353E-10 1.54E-10  1.259353E-10 1.54E-10  1.259353E-10 1.54E-10
   51 L1 M2  3.8864E+03  0.000000E+00 0.00E+00  0.000000E+00 0.00E+00  2.098921E-11 6.30E-11  2.098921E-11 6.30E-11  2.098921E-11 6.30E-11
   50 L3 N4  3.8933E+03  0.000000E+00 0.00E+00  0.000000E+00 0.00E+00  2.098921E-11 6.30E-11  2.098921E-11 6.30E-11  2.098921E-11 6.30E-11
   50 L3 N5  3.8944E+03  1.754169E-08 3.72E-08  0.000000E+00 0.00E+00  1.049461E-10 1.41E-10  1.049461E-10 1.41E-10  1.764664E-08 3.72E-08
   51 L1 M3  3.9327E+03  0.000000E+00 0.00E+00  0.000000E+00 0.00E+00  6.296763E-11 1.09E-10  6.296763E-11 1.09E-10  6.296763E-11 1.09E-10
   56 L3 M1  3.9542E+03  1.754169E-08 3.72E-08  0.000000E+00 0.00E+00  6.296763E-11 1.09E-10  6.296763E-11 1.09E-10  1.760466E-08 3.72E-08
   20  K M2  4.0128E+03  2.631254E-07 1.44E-07  0.000000E+00 0.00E+00  3.085414E-09 7.63E-10  3.085414E-09 7.63E-10  2.662108E-07 1.44E-07
   20  K M3  4.0128E+03  4.210006E-07 1.82E-07  0.000000E+00 0.00E+00  6.779515E-09 1.13E-09  6.779515E-09 1.13E-09  4.277801E-07 1.82E-07
   51 L3 N4  4.0886E+03  0.000000E+00 0.00E+00  0.000000E+00 0.00E+00  2.098921E-11 6.30E-11  2.098921E-11 6.30E-11  2.098921E-11 6.30E-11
   51 L3 N5  4.0899E+03  0.000000E+00 0.00E+00  0.000000E+00 0.00E+00  2.098921E-11 6.30E-11  2.098921E-11 6.30E-11  2.098921E-11 6.30E-11
   50 L2 N4  4.1273E+03  8.770845E-09 2.63E-08  0.000000E+00 0.00E+00  2.098921E-11 6.30E-11  2.098921E-11 6.30E-11  8.791835E-09 2.63E-08
   56 L2 M1  4.3310E+03  8.770845E-09 2.63E-08  0.000000E+00 0.00E+00  0.000000E+00 0.00E+00  0.000000E+00 0.00E+00  8.770845E-09 2.63E-08
   50 L1 N3  4.3445E+03  8.770845E-09 2.63E-08  0.000000E+00 0.00E+00  2.098921E-11 6.30E-11  2.098921E-11 6.30E-11  8.791835E-09 2.63E-08
   56 L3 M4  4.4509E+03  0.000000E+00 0.00E+00  0.000000E+00 0.00E+00  1.049461E-10 1.41E-10  1.049461E-10 1.41E-10  1.049461E-10 1.41E-10
   56 L3 M5  4.4663E+03  6.139592E-08 6.96E-08  0.000000E+00 0.00E+00  6.506656E-10 3.51E-10  6.506656E-10 3.51E-10  6.204658E-08 6.96E-08
   22  K L2  4.5049E+03  0.000000E+00 0.00E+00  0.000000E+00 0.00E+00  1.049461E-10 1.41E-10  1.049461E-10 1.41E-10  1.049461E-10 1.41E-10
   22  K L3  4.5109E+03  0.000000E+00 0.00E+00  0.000000E+00 0.00E+00  1.889029E-10 1.89E-10  1.889029E-10 1.89E-10  1.889029E-10 1.89E-10
   51 L1 N2  4.5567E+03  0.000000E+00 0.00E+00  0.000000E+00 0.00E+00  2.098921E-11 6.30E-11  2.098921E-11 6.30E-11  2.098921E-11 6.30E-11
   51 L1 N3  4.5656E+03  8.770845E-09 2.63E-08  0.000000E+00 0.00E+00  0.000000E+00 0.00E+00  0.000000E+00 0.00E+00  8.770845E-09 2.63E-08
   56 L2 M4  4.8276E+03  1.754169E-08 3.72E-08  0.000000E+00 0.00E+00  5.457195E-10 3.21E-10  5.457195E-10 3.21E-10  1.808741E-08 3.72E-08
   56 L1 M2  4.8520E+03  0.000000E+00 0.00E+00  0.000000E+00 0.00E+00  8.395685E-11 1.26E-10  8.395685E-11 1.26E-10  8.395685E-11 1.26E-10
   56 L1 M3  4.9270E+03  0.000000E+00 0.00E+00  0.000000E+00 0.00E+00  4.197842E-11 8.90E-11  4.197842E-11 8.90E-11  4.197842E-11 8.90E-11
   22  K M3  4.9318E+03  0.000000E+00 0.00E+00  0.000000E+00 0.00E+00  4.197842E-11 8.90E-11  4.197842E-11 8.90E-11  4.197842E-11 8.90E-11
   56 L3 N1  4.9871E+03  8.770845E-09 2.63E-08  0.000000E+00 0.00E+00  2.098921E-11 6.30E-11  2.098921E-11 6.30E-11  8.791835E-09 2.63E-08
   56 L3 N4  5.1412E+03  0.000000E+00 0.00E+00  0.000000E+00 0.00E+00  2.098921E-11 6.30E-11  2.098921E-11 6.30E-11  2.098921E-11 6.30E-11
   56 L3 N5  5.1439E+03  0.000000E+00 0.00E+00  0.000000E+00 0.00E+00  6.296763E-11 1.09E-10  6.296763E-11 1.09E-10  6.296763E-11 1.09E-10
   56 L1 M4  5.1943E+03  8.770845E-09 2.63E-08  0.000000E+00 0.00E+00  0.000000E+00 0.00E+00  0.000000E+00 0.00E+00  8.770845E-09 2.63E-08
   56 L2 N4  5.5281E+03  8.770845E-09 2.63E-08  0.000000E+00 0.00E+00  6.296763E-11 1.09E-10  6.296763E-11 1.09E-10  8.833813E-09 2.63E-08
   56 L1 N2  5.7566E+03  0.000000E+00 0.00E+00  0.000000E+00 0.00E+00  2.098921E-11 6.30E-11  2.098921E-11 6.30E-11  2.098921E-11 6.30E-11
   56 L1 N3  5.7724E+03  0.000000E+00 0.00E+00  0.000000E+00 0.00E+00  2.098921E-11 6.30E-11  2.098921E-11 6.30E-11  2.098921E-11 6.30E-11
   26  K L2  6.3910E+03  0.000000E+00 0.00E+00  0.000000E+00 0.00E+00  5.037411E-10 3.08E-10  5.037411E-10 3.08E-10  5.037411E-10 3.08E-10
   26  K L3  6.4040E+03  8.770845E-09 2.63E-08  0.000000E+00 0.00E+00  9.235253E-10 4.18E-10  9.235253E-10 4.18E-10  9.694371E-09 2.63E-08
   26  K M2  7.0582E+03  0.000000E+00 0.00E+00  0.000000E+00 0.00E+00  6.296763E-11 1.09E-10  6.296763E-11 1.09E-10  6.296763E-11 1.09E-10
   26  K M3  7.0582E+03  0.000000E+00 0.00E+00  0.000000E+00 0.00E+00  1.259353E-10 1.54E-10  1.259353E-10 1.54E-10  1.259353E-10 1.54E-10
   33  K L2  1.0508E+04  0.000000E+00 0.00E+00  0.000000E+00 0.00E+00  1.469245E-10 1.67E-10  1.469245E-10 1.67E-10  1.469245E-10 1.67E-10
   33  K L3  1.0543E+04  0.000000E+00 0.00E+00  0.000000E+00 0.00E+00  2.098921E-10 1.99E-10  2.098921E-10 1.99E-10  2.098921E-10 1.99E-10
   33  K M3  1.1726E+04  0.000000E+00 0.00E+00  0.000000E+00 0.00E+00  2.098921E-11 6.30E-11  2.098921E-11 6.30E-11  2.098921E-11 6.30E-11
